10  11
15  14
19  20
17  13
6  12
8  20
7  5
12  16
6  17
6  11
9  13
7  8
10  15
13  5
16  16
13  11
6  19
8  10
15  13
5  18
12  7
12  16
14  20
15  15
10  10
15  9
15  16
18  6
14  19
6  15
10  5
12  15
19  17
18  16
19  14
18  18
15  8
17  19
5  9
8  16
11  6
10  20
8  5
11  8
7  17
8  9
13  12
7  10
10  19
12  12
10  11
20  9
15  5
16  19
10  8
5  7
10  19
18  20
18  17
6  19
8  10
11  20
16  14
18  9
20  16
14  18
8  16
16  13
5  5
12  7
9  20
11  12
19  17
5  11
13  5
18  7
16  10
15  12
17  9
7  8
