16  21
13  7
21  6
9  9
5  10
19  19
9  11
11  12
7  9
12  10
20  13
5  17
7  7
7  20
19  18
5  14
19  21
6  10
6  13
19  8
14  19
15  21
5  5
19  6
19  6
6  7
13  14
14  12
11  7
14  19
15  18
14  13
20  17
10  16
18  14
20  14
5  14
20  10
12  19
12  9
19  14
13  9
8  10
15  20
10  21
16  5
14  10
6  8
16  14
9  18
17  12
17  12
14  20
13  15
13  10
14  21
19  21
16  5
11  5
19  5
20  11
14  18
14  12
5  8
19  17
11  19
18  14
5  7
12  15
8  6
21  9
11  14
18  12
19  9
6  21
15  13
11  21
13  11
11  16
17  12
20  14
17  17
19  7
13  16
13  5
8  16
20  10
17  13
10  6
12  14
10  8
9  9
14  21
18  5
14  10
19  18
6  7
15  18
17  8
9  6
13  17
5  21
10  14
13  21
12  18
6  7
14  11
11  18
11  13
15  9
13  11
13  15
8  13
15  21
10  6
14  13
19  19
14  20
7  10
18  21
21  15
20  5
20  13
12  11
13  8
16  9
18  8
5  14
9  21
11  18
8  16
9  14
17  16
5  9
13  21
17  21
21  14
7  6
12  18
15  6
18  7
6  11
11  19
9  18
9  11
11  9
5  8
8  19
14  13
9  15
15  16
14  18
14  6
7  11
17  17
6  17
15  15
16  9
10  13
15  16
8  20
19  13
15  7
13  17
21  19
5  21
10  18
20  10
16  16
15  5
5  14
21  12
9  5
8  6
10  9
11  7
9  11
20  13
20  8
10  9
21  18
7  21
12  20
10  6
6  12
13  5
7  12
11  12
19  17
10  7
12  21
16  21
9  5
6  8
16  9
9  13
9  11
13  17
12  13
15  5
