6  11
9  19
12  16
19  9
18  20
8  10
11  16
20  11
8  11
7  20
12  6
15  18
12  10
17  13
18  13
19  17
8  21
17  14
16  19
16  16
10  16
20  21
9  12
8  11
18  6
14  13
8  20
17  15
21  8
21  10
10  15
17  21
14  11
18  18
9  11
18  17
12  7
6  17
11  12
17  5
13  10
15  5
5  13
9  12
5  21
13  8
14  15
20  13
9  12
18  5
5  14
15  19
10  6
15  18
7  19
8  16
21  16
19  16
11  21
10  21
8  17
7  6
11  13
6  18
6  21
14  14
14  21
8  9
18  18
18  14
8  13
18  6
19  20
17  19
7  18
15  5
12  17
21  9
10  20
6  19
10  14
6  13
12  19
5  17
7  21
6  9
13  18
18  9
9  14
21  20
18  12
5  15
16  20
7  17
10  15
12  19
8  13
5  14
7  7
10  8
17  14
20  14
6  21
19  7
7  11
10  19
11  20
18  12
20  21
5  14
20  16
10  15
19  5
7  18
7  21
21  12
19  12
14  9
15  5
5  13
17  13
14  15
13  11
11  17
18  17
14  13
15  16
6  5
10  21
13  9
8  7
11  15
17  5
11  5
17  7
11  5
8  19
10  7
6  7
8  6
21  17
12  21
9  7
13  18
12  16
11  5
13  21
7  14
7  8
16  6
15  12
20  20
13  12
17  12
10  6
20  15
8  11
14  7
5  20
15  8
11  8
6  9
15  20
20  11
7  12
17  6
13  12
7  12
7  18
12  17
19  13
16  13
19  16
19  18
14  7
12  5
19  15
16  19
16  9
11  19
7  9
21  11
13  20
6  6
20  20
10  12
19  19
18  14
12  18
12  9
14  15
15  17
10  14
17  14
19  12
14  13
10  17
7  10
8  15
16  5
12  16
6  15
7  21
15  7
12  15
10  9
5  6
14  20
11  20
9  18
17  5
14  17
21  16
14  19
21  6
9  12
20  8
7  12
7  5
5  13
10  15
14  7
5  14
7  15
14  14
5  5
6  16
10  16
20  7
20  15
11  16
18  13
11  10
16  8
11  11
16  7
17  6
8  8
17  14
11  10
13  15
13  11
5  7
10  19
17  19
11  14
16  19
20  12
8  18
14  19
14  9
6  18
15  15
6  14
10  7
7  21
17  15
20  15
17  21
18  7
13  10
5  9
8  13
13  14
19  13
6  19
14  11
19  19
14  17
20  10
9  13
17  5
21  10
8  15
15  16
14  20
17  19
19  9
7  8
21  21
16  21
9  19
9  14
21  8
19  20
5  16
12  18
18  9
5  8
18  8
7  10
21  13
9  7
12  6
6  8
11  10
10  7
18  17
19  12
13  8
