19  20
17  21
12  21
17  20
13  12
21  11
15  18
6  9
20  19
19  12
8  11
13  19
9  14
9  9
18  13
20  11
8  18
20  13
15  20
10  11
17  15
19  14
19  7
6  18
12  14
12  6
13  14
19  15
8  11
8  19
16  5
14  21
9  13
14  11
12  11
7  5
8  16
17  14
12  7
18  16
12  18
10  11
6  16
7  15
14  21
13  18
10  5
7  13
10  14
8  19
5  14
10  16
14  15
7  11
18  10
9  13
20  13
9  9
21  9
8  12
21  10
5  18
16  17
14  14
18  20
17  20
12  16
12  6
12  16
17  19
13  11
17  7
5  5
12  5
21  8
8  8
21  18
21  17
13  7
18  14
19  18
7  6
9  8
15  12
11  7
6  14
21  13
6  19
18  17
15  8
5  11
16  11
12  9
15  8
18  18
20  19
21  7
20  15
11  6
7  11
