25  31
40  12
42  38
18  22
49  11
27  28
33  16
16  38
35  26
9  38
26  18
38  39
16  35
5  32
26  48
49  24
33  15
19  41
32  50
21  9
15  9
20  37
45  37
19  35
38  42
16  48
17  38
32  35
39  23
43  42
5  22
14  38
25  46
21  21
37  31
51  6
21  20
17  28
17  33
42  11
30  8
24  26
16  14
30  48
23  42
27  50
33  26
38  22
49  35
34  5
14  43
12  10
7  36
40  49
12  31
27  49
39  36
47  27
9  9
29  46
43  51
29  24
29  46
31  37
13  12
6  49
10  25
7  22
50  37
24  18
50  19
15  18
25  28
6  35
18  40
38  13
30  9
11  39
6  42
8  12
39  48
38  40
51  27
33  23
17  15
16  44
27  47
47  9
34  12
17  30
13  21
44  49
38  38
6  36
26  50
45  36
9  46
20  38
23  12
15  16
35  17
6  23
49  22
5  12
8  25
31  29
32  47
49  33
5  23
6  27
45  15
51  25
46  13
12  7
40  5
13  26
29  17
43  49
46  42
40  48
39  28
12  33
8  48
40  27
18  21
14  36
24  19
18  28
36  41
50  6
11  51
49  38
43  36
36  45
47  47
5  13
19  18
40  33
10  13
41  48
6  37
43  21
46  48
33  34
38  8
38  23
5  37
26  29
38  14
6  33
40  9
50  11
15  46
48  13
7  50
20  38
8  39
45  33
51  39
10  11
44  6
30  46
30  43
18  5
29  32
46  38
40  8
37  25
25  16
8  13
44  41
5  30
42  44
25  34
9  32
29  24
29  18
47  6
26  13
39  42
25  43
47  43
45  21
7  16
28  47
26  16
44  9
44  35
47  48
11  48
6  49
43  39
36  15
10  25
43  23
45  18
8  11
37  24
9  30
13  47
34  21
50  49
11  23
50  40
24  6
33  33
18  18
14  24
7  36
40  32
14  46
16  46
37  13
8  27
34  30
8  47
44  26
37  43
15  8
32  18
24  20
13  6
8  41
33  6
27  24
47  10
15  22
51  14
46  24
36  49
18  11
26  46
10  25
11  19
17  22
15  44
26  5
25  11
9  47
43  50
30  30
43  5
20  49
38  13
26  40
30  19
51  14
29  49
25  43
28  26
26  41
22  36
37  15
37  12
43  31
10  15
17  41
7  6
8  46
10  47
38  28
32  9
11  14
17  43
50  23
18  27
23  15
27  17
44  37
49  34
40  28
47  33
43  28
23  42
51  50
12  35
25  15
41  29
24  25
14  26
28  22
42  40
30  9
30  38
21  11
38  40
25  14
26  26
19  26
42  13
48  35
25  18
36  31
12  43
32  36
47  19
7  40
25  15
10  34
16  12
24  25
32  30
7  32
36  7
33  51
41  30
40  22
22  46
46  30
16  32
29  24
17  25
43  38
24  16
8  29
7  49
16  27
12  46
12  48
26  22
30  11
10  51
29  5
30  17
25  49
18  22
9  17
47  5
9  24
23  23
29  36
38  33
9  42
37  31
50  10
20  12
10  31
5  33
20  9
43  23
28  48
33  26
7  11
10  29
32  13
21  41
6  15
33  42
28  51
46  48
27  43
30  17
16  5
44  34
50  30
29  28
21  13
29  33
45  10
38  22
34  48
14  9
47  45
24  8
5  40
37  49
14  22
32  46
11  20
30  11
51  28
45  18
43  16
31  42
39  27
27  10
18  34
49  42
36  7
5  11
25  42
26  27
28  35
30  32
5  12
5  20
31  20
47  19
44  39
38  48
7  51
20  7
16  13
31  38
21  36
28  16
12  35
17  39
46  7
7  34
43  8
50  51
42  34
16  40
7  37
22  8
32  42
37  7
41  44
11  42
38  39
38  36
22  36
40  15
22  51
42  26
17  16
21  9
17  28
27  46
19  15
25  29
41  22
35  41
23  27
48  11
24  44
41  38
50  39
45  29
19  43
31  34
14  43
51  18
33  28
9  47
9  44
18  25
22  13
15  42
26  22
23  19
6  10
15  12
37  26
46  23
14  22
36  9
43  35
32  12
10  34
27  37
46  5
14  42
28  28
35  16
45  29
27  14
33  22
27  8
7  22
5  7
44  33
14  47
28  17
49  50
16  46
7  34
39  38
25  29
24  7
26  22
10  48
16  28
7  24
40  29
42  47
50  40
28  19
8  18
14  50
46  14
5  21
33  23
41  14
35  24
15  26
39  10
33  9
32  24
45  6
41  30
25  14
32  18
31  40
11  40
37  37
18  51
14  36
24  47
10  20
39  24
38  51
15  9
26  42
40  49
49  29
40  26
11  29
45  21
38  26
38  21
5  37
25  36
36  6
39  43
11  25
26  46
27  29
48  15
51  41
22  14
44  48
29  10
13  7
45  51
51  39
20  34
41  36
43  27
50  13
12  25
29  28
16  38
24  46
41  41
46  38
45  32
26  37
39  16
27  36
30  16
15  27
17  38
18  34
19  34
42  7
45  50
28  20
30  7
50  22
42  17
47  30
31  27
49  11
9  37
27  20
23  47
29  35
36  20
15  43
51  39
42  17
46  21
10  18
31  32
50  40
19  41
48  45
24  31
45  27
46  26
7  11
41  44
8  30
8  7
51  34
47  9
43  13
8  18
9  19
37  43
40  13
16  5
38  7
19  34
25  10
7  28
32  35
12  45
41  26
16  27
38  51
48  20
50  30
38  31
25  14
9  22
37  15
6  19
21  7
37  17
42  47
17  27
21  16
49  21
33  50
33  43
34  24
46  12
7  50
36  49
49  33
45  34
20  24
27  44
26  34
26  43
43  7
9  28
12  35
15  33
13  12
10  36
12  38
26  20
32  34
23  20
36  15
38  39
8  17
18  9
10  6
44  49
36  48
6  40
20  15
26  27
34  33
35  40
20  10
32  49
33  11
27  26
29  22
20  39
38  27
7  38
35  12
6  24
9  15
30  5
39  23
6  20
22  43
30  20
22  11
36  5
45  48
30  33
50  45
13  9
15  7
19  13
34  24
9  23
48  48
40  6
15  7
34  50
22  30
30  34
29  42
31  7
44  41
29  14
51  33
36  19
21  31
13  5
30  37
33  27
29  23
17  18
43  18
5  43
24  36
51  19
35  8
28  13
51  51
45  11
31  27
45  50
37  27
25  8
50  33
29  9
46  34
29  18
6  38
15  5
25  36
13  31
16  14
15  25
44  31
10  6
19  51
14  31
51  38
13  10
44  20
41  20
28  18
35  19
19  41
16  12
35  28
18  40
16  49
23  37
30  17
44  12
39  15
25  22
14  16
25  30
28  7
25  13
44  14
10  43
26  31
35  29
29  49
23  12
23  38
35  42
22  33
16  41
43  17
11  28
37  5
22  10
28  11
35  51
26  8
7  44
13  13
29  5
50  7
30  23
10  34
5  19
31  38
38  38
42  29
46  15
9  36
51  40
34  5
9  9
28  11
5  39
35  43
11  42
49  40
50  32
24  24
48  24
21  43
5  43
48  18
23  11
7  48
33  12
20  7
35  48
23  44
17  21
22  20
24  20
28  9
45  40
11  39
41  36
29  41
12  33
14  49
35  39
47  35
25  9
26  42
49  44
23  7
12  32
8  9
7  30
37  40
20  30
19  21
27  45
47  17
12  10
43  46
40  33
42  28
46  48
37  18
25  24
18  39
40  48
12  40
31  33
13  43
23  29
17  46
31  44
9  38
46  48
48  38
7  41
29  13
32  10
33  43
14  29
5  5
6  17
39  26
42  47
30  51
11  17
20  42
30  19
27  36
11  11
47  34
39  36
28  40
43  28
36  26
5  43
35  44
42  40
34  39
44  18
48  27
46  11
26  25
14  7
18  25
46  34
33  19
33  40
50  31
45  30
37  13
27  42
15  33
39  10
41  22
45  29
29  21
51  39
16  26
16  42
16  11
46  6
19  47
27  41
18  15
19  8
36  51
24  51
37  50
27  12
26  22
33  18
33  31
33  43
14  33
13  32
48  31
35  19
37  35
12  44
18  26
32  29
28  20
6  47
12  36
50  26
22  40
47  47
18  10
17  45
38  30
40  48
16  18
40  25
43  37
21  40
50  10
48  23
41  43
20  47
12  36
34  26
10  5
16  39
44  7
32  13
28  16
15  33
47  27
40  37
46  12
22  30
37  6
13  7
48  13
34  45
43  24
50  48
47  50
30  48
38  16
49  49
23  24
33  36
6  33
23  17
32  20
6  46
41  34
38  40
43  28
12  19
47  35
38  51
40  45
29  30
36  29
6  21
21  17
11  48
40  5
10  26
47  13
37  25
25  28
41  45
9  51
26  39
17  7
6  23
50  27
23  20
10  13
33  22
29  26
35  23
42  7
21  22
41  22
51  42
17  42
7  27
29  46
41  38
10  49
45  24
37  13
6  47
27  48
18  11
7  21
14  29
33  25
5  11
20  24
49  9
17  38
25  39
10  49
15  29
34  47
48  25
36  34
33  35
5  7
29  39
14  43
51  18
51  33
8  10
7  50
48  47
50  15
19  35
