11  19
46  13
43  34
13  44
51  21
47  41
9  36
51  7
26  21
48  19
20  25
12  8
28  37
8  44
33  42
39  6
32  15
47  10
42  38
18  37
38  50
7  15
34  37
6  43
12  12
23  45
27  20
31  30
50  33
38  49
11  29
45  34
14  38
48  51
16  42
31  9
24  15
39  50
14  10
14  43
26  51
35  13
41  44
26  15
14  14
38  34
15  33
44  38
11  8
19  42
12  28
24  6
36  24
42  22
48  14
15  21
40  27
40  42
9  36
33  20
24  8
31  41
24  46
47  30
18  41
28  40
21  24
23  6
28  14
47  5
7  8
43  18
20  6
6  30
34  40
19  36
13  33
47  14
48  44
11  10
41  45
24  46
32  7
31  17
47  7
13  18
21  51
21  32
25  14
5  34
42  40
28  26
21  14
26  27
16  42
14  20
39  30
16  28
5  29
15  22
33  19
17  40
45  14
5  49
21  49
27  23
28  46
35  40
50  27
41  18
27  22
47  31
32  40
21  44
15  10
11  34
29  5
31  37
30  8
38  42
10  22
31  7
31  43
21  37
37  12
14  17
13  22
9  33
13  38
7  40
51  29
12  49
8  10
6  33
44  6
51  17
30  22
44  12
24  22
39  26
17  23
11  20
12  37
50  38
21  27
31  42
7  28
14  11
27  7
35  36
23  7
40  21
6  42
22  6
26  6
7  21
29  44
44  7
19  34
43  33
34  34
19  43
43  15
38  51
38  46
5  14
39  43
47  19
46  40
10  42
6  21
30  10
51  47
26  39
41  51
20  47
23  32
8  40
43  30
10  47
46  12
14  51
9  25
9  26
26  20
15  41
14  35
48  37
12  45
21  8
20  49
34  51
44  47
16  48
28  45
47  19
32  44
13  27
7  13
49  8
26  45
38  18
36  24
6  11
40  16
47  32
35  49
37  27
45  20
16  43
7  6
49  46
5  11
41  19
47  7
32  46
19  11
49  14
8  13
6  45
48  45
43  26
7  25
14  42
9  46
31  12
30  5
19  5
34  17
39  30
37  38
32  28
32  26
18  43
10  18
18  28
17  35
34  19
24  50
11  9
7  26
48  49
37  29
30  12
45  24
41  50
18  25
17  46
6  51
44  13
20  5
28  47
44  13
44  46
11  21
17  24
7  8
41  41
43  49
49  17
31  41
11  34
46  20
6  9
35  45
44  34
13  12
37  25
6  17
19  9
6  8
22  6
47  12
36  9
13  20
31  40
35  50
47  33
34  6
24  17
36  23
31  15
38  32
10  8
23  38
32  12
29  7
39  43
49  18
10  27
11  47
9  5
34  15
49  40
44  11
24  45
16  18
48  9
20  29
25  38
7  39
6  51
33  14
33  39
10  42
9  49
39  15
50  9
20  31
35  36
17  42
43  24
41  20
31  20
9  16
27  30
30  25
21  22
34  33
10  38
5  12
13  49
9  21
13  20
33  12
29  27
50  16
45  19
18  7
40  29
38  38
26  44
14  15
34  24
13  9
45  25
40  17
29  31
11  35
47  14
16  12
19  45
10  12
12  48
39  7
16  44
11  26
51  43
36  22
35  13
48  38
27  45
41  33
37  36
24  49
7  6
18  10
16  9
32  51
46  30
32  32
21  12
9  29
51  49
42  13
50  32
44  13
34  44
10  32
22  12
24  24
46  23
32  37
41  15
47  42
24  14
50  48
7  32
27  33
46  51
32  12
31  51
13  24
12  27
26  12
25  36
49  49
34  19
41  48
45  12
34  23
50  6
20  49
47  29
49  39
40  49
46  28
31  20
47  12
48  44
44  32
19  20
28  47
33  13
28  25
16  51
37  45
20  40
28  15
12  33
48  49
15  29
17  29
35  24
45  44
40  43
41  33
13  41
50  18
34  48
10  32
36  22
44  37
27  31
41  24
49  17
50  12
9  37
34  37
9  19
5  31
28  5
33  38
25  16
24  36
21  24
31  30
13  19
11  29
36  39
51  38
25  5
20  32
36  15
24  10
13  27
29  29
34  21
13  23
20  35
50  22
9  45
16  36
44  45
36  27
10  10
22  11
7  24
36  19
45  28
29  11
40  44
47  38
10  24
36  11
44  20
38  48
28  45
33  15
25  26
49  10
7  29
33  18
25  12
23  38
36  23
37  32
8  7
19  51
33  30
45  11
8  15
46  33
21  14
43  23
13  42
27  46
33  22
10  7
51  8
45  48
49  37
16  36
25  49
47  28
35  38
13  27
11  31
22  41
20  36
23  32
51  31
19  41
51  6
32  8
31  51
50  12
19  37
19  9
23  49
40  23
35  44
12  20
38  6
23  19
46  38
5  41
21  47
26  41
32  18
8  22
32  49
19  27
32  33
51  16
15  28
51  41
33  33
36  7
34  33
31  16
44  29
46  43
22  39
26  11
6  17
48  30
39  46
12  44
32  20
44  13
18  41
25  28
18  34
48  32
9  31
39  19
43  22
46  50
20  7
38  40
13  23
17  38
28  21
21  12
16  23
43  49
29  37
7  16
39  19
43  14
30  17
50  48
46  35
13  50
14  6
43  17
45  29
13  50
19  29
49  26
30  27
20  24
47  48
51  40
9  5
13  45
39  44
26  49
46  47
12  28
49  31
17  42
38  49
13  38
18  26
44  33
8  48
48  9
27  47
48  28
14  50
16  9
41  50
38  19
19  27
27  47
25  33
42  41
51  35
12  13
51  13
51  38
16  14
8  51
14  34
29  22
34  30
18  14
38  28
19  41
39  16
34  14
40  18
43  16
12  39
44  32
51  21
9  38
11  32
18  21
49  41
29  27
45  6
8  36
47  14
35  24
37  27
36  27
18  51
31  36
34  38
51  5
21  44
42  19
46  38
20  26
50  10
44  42
43  25
43  47
11  42
15  25
12  16
34  9
16  46
27  5
16  30
41  28
34  37
25  15
34  50
28  15
46  22
7  27
16  21
46  11
6  11
29  11
16  51
15  9
36  33
28  43
9  38
15  7
43  7
50  40
11  25
50  35
47  36
41  8
9  26
40  23
34  35
42  36
36  32
35  5
24  12
46  36
30  10
14  28
38  37
36  12
37  47
51  29
31  7
18  10
26  27
45  22
28  43
40  49
40  8
11  18
16  25
35  16
27  27
39  7
18  37
12  15
47  25
7  29
25  40
13  36
37  22
12  16
11  14
15  19
34  5
34  11
37  20
39  31
39  33
14  18
23  40
29  36
40  34
23  16
8  39
26  21
42  42
46  11
13  16
7  16
7  42
14  42
49  9
29  41
34  16
22  36
8  46
49  37
49  26
37  35
31  32
46  33
30  33
23  10
48  45
30  41
40  29
41  9
37  36
19  34
36  8
5  28
35  13
47  47
18  12
29  12
29  15
50  11
9  39
27  25
28  33
20  30
34  31
49  34
20  32
33  31
48  25
15  49
41  21
7  26
27  46
23  5
15  25
14  6
23  42
14  9
6  8
29  25
41  27
31  6
16  25
19  28
27  28
27  29
25  49
8  49
16  32
13  31
9  40
8  48
30  33
23  7
26  50
7  30
26  50
7  35
47  6
21  26
48  10
6  17
45  44
38  8
14  36
39  11
22  23
45  31
19  36
34  21
50  33
12  39
24  25
51  41
23  39
19  49
42  23
46  49
48  17
51  49
6  51
37  46
18  19
45  27
7  23
20  21
20  36
26  30
5  35
8  33
12  12
13  28
22  30
13  15
9  29
16  11
10  13
15  19
11  47
22  8
49  49
35  32
20  47
10  14
7  21
14  50
26  13
19  11
43  40
47  27
36  47
36  47
49  41
24  34
35  23
17  11
40  42
27  41
46  12
11  48
20  29
24  19
11  5
25  23
22  20
13  6
43  26
23  13
47  20
50  37
6  16
43  37
15  34
23  24
29  31
20  37
51  38
38  39
37  23
21  24
5  14
21  10
25  51
7  9
20  30
50  8
51  20
47  43
31  23
26  27
15  21
39  48
13  43
26  7
50  39
13  31
33  23
24  38
28  27
42  50
15  34
18  5
44  18
43  36
39  24
49  44
48  38
14  8
37  47
16  47
39  23
27  34
37  16
25  43
27  34
18  17
31  44
15  26
28  42
46  39
35  36
6  9
34  18
31  32
43  34
43  43
6  21
40  14
35  49
25  16
32  46
44  34
50  34
11  27
5  35
32  30
10  7
16  15
35  14
11  11
10  43
17  6
51  19
24  16
22  34
21  37
9  43
30  37
43  8
31  22
42  30
17  32
26  22
19  5
6  11
31  9
50  9
40  36
31  14
40  5
14  13
46  24
16  15
38  14
16  13
11  18
18  48
25  21
20  9
36  29
7  16
15  9
5  34
27  8
43  51
9  36
51  29
41  7
10  45
10  22
36  28
38  42
32  46
23  43
32  22
28  17
18  12
6  45
43  40
22  34
48  36
6  7
12  16
33  17
41  28
15  50
24  9
49  34
13  35
47  15
44  33
30  10
27  12
39  6
32  31
49  50
33  48
46  30
14  11
35  13
9  21
10  41
35  49
41  23
43  33
30  31
18  33
43  34
40  8
31  36
50  20
28  39
13  28
35  22
44  28
33  41
33  51
19  7
43  10
48  30
46  46
39  28
47  33
21  15
32  38
12  22
50  38
43  40
7  23
47  17
34  31
8  50
23  8
41  13
13  14
29  9
24  16
36  16
46  39
38  37
40  42
46  36
38  51
5  29
19  28
28  31
9  7
21  50
41  48
20  43
44  22
47  24
31  15
51  50
25  36
28  12
37  38
38  27
40  20
49  34
15  43
14  14
38  50
31  35
12  9
32  5
51  30
41  28
51  7
7  18
36  18
12  30
48  31
48  17
24  12
40  7
42  47
49  17
44  23
26  50
8  13
12  21
50  34
12  37
14  30
16  5
25  50
46  25
26  11
14  43
44  34
5  22
8  6
23  17
17  29
34  7
14  13
14  20
12  7
39  37
43  11
36  37
27  18
42  31
5  30
30  16
49  39
27  25
46  6
32  29
25  50
31  18
46  5
22  21
31  13
32  10
43  39
17  37
28  13
46  8
9  12
38  5
50  8
49  13
33  40
42  48
20  50
35  8
36  5
31  34
19  33
22  22
51  23
20  31
51  44
14  23
37  45
12  14
49  14
29  45
44  10
12  8
34  22
47  33
34  38
35  41
11  8
47  48
15  18
47  37
27  17
20  27
13  51
30  41
34  19
36  8
28  35
10  33
10  10
50  34
42  39
7  13
34  24
47  10
34  7
11  12
17  12
8  18
20  37
19  10
25  15
11  24
16  21
35  31
45  47
10  39
48  43
22  15
23  25
8  8
23  12
24  32
15  17
39  33
14  24
50  49
14  28
43  45
34  46
40  17
17  21
7  27
14  36
14  27
31  10
33  33
19  45
5  28
36  41
51  31
32  29
8  34
37  30
42  12
50  44
49  39
23  33
15  34
13  33
20  21
11  6
22  44
48  13
18  7
19  14
7  15
30  19
9  6
14  40
36  26
35  32
13  23
45  35
7  41
22  24
31  45
25  42
33  7
11  50
37  43
21  20
34  22
29  15
31  32
26  38
14  6
43  14
12  49
47  19
11  36
41  19
25  50
45  41
20  46
36  35
25  22
48  31
50  15
13  5
21  13
31  17
40  41
31  32
9  43
14  16
26  8
41  30
9  24
9  23
33  43
42  49
10  28
6  19
42  49
34  6
44  39
13  39
36  37
29  33
44  8
20  21
38  44
20  21
30  6
49  44
44  36
45  44
22  20
34  51
13  44
28  21
22  45
45  37
16  22
51  25
42  16
20  12
36  24
47  21
38  12
19  32
16  14
36  28
43  17
42  20
34  48
36  21
41  45
12  45
7  35
9  14
23  24
19  7
32  34
36  13
25  35
26  50
21  37
23  51
31  6
32  18
12  38
24  47
12  21
31  13
37  17
24  29
14  18
13  8
51  27
46  47
49  20
14  28
12  16
34  11
36  7
20  31
36  11
37  12
37  7
6  20
28  26
19  41
27  37
16  38
42  21
50  26
28  6
44  30
42  17
50  49
50  32
29  37
37  43
5  50
15  49
50  6
45  46
51  51
12  51
19  23
8  33
30  26
44  46
35  10
16  10
26  8
45  9
35  13
30  32
34  36
12  47
23  24
33  43
17  31
12  31
31  28
15  27
41  5
16  37
43  10
18  11
38  43
41  32
28  9
7  37
30  8
9  18
47  33
40  15
9  38
15  20
43  11
43  26
32  21
6  34
47  42
40  17
26  14
27  14
51  47
37  18
14  46
18  20
41  15
23  49
40  37
47  16
38  22
30  46
8  35
48  34
31  28
33  17
16  37
7  17
12  9
47  7
8  44
18  48
24  28
38  22
33  12
34  51
7  11
26  47
34  13
32  6
23  10
17  8
36  27
29  19
13  34
27  7
11  49
50  26
14  41
39  21
37  6
18  39
11  10
8  28
20  34
42  27
41  17
44  7
10  27
46  16
17  29
5  34
26  22
10  49
18  50
23  47
16  11
49  46
43  7
26  11
11  41
6  24
25  24
20  33
46  48
27  51
37  40
12  39
46  35
17  39
22  16
47  41
9  51
20  34
8  36
34  9
5  5
15  50
33  8
10  14
26  31
17  32
22  5
36  35
36  5
15  23
6  17
15  15
24  43
43  47
35  34
38  40
31  42
45  20
38  38
12  14
39  37
51  48
36  38
47  7
16  37
43  43
32  26
38  36
47  51
26  23
37  47
6  49
10  30
47  33
27  29
