28  47
5  9
13  28
17  16
51  37
28  27
33  29
45  44
15  15
14  7
45  41
45  27
19  32
5  26
24  18
26  5
43  49
28  34
19  19
43  45
21  49
13  25
7  17
10  20
38  7
13  50
48  44
43  25
19  9
40  44
28  37
24  39
10  34
51  37
42  18
43  26
9  33
18  5
21  23
43  19
25  24
35  47
37  44
45  43
14  16
25  43
6  20
25  15
20  9
30  49
41  6
16  45
15  14
37  35
26  41
48  24
34  5
23  47
9  18
23  28
28  32
46  34
6  7
11  36
33  33
23  37
6  14
35  15
34  45
16  30
12  5
6  32
15  7
34  35
17  46
14  26
7  18
16  42
44  5
50  9
31  26
8  32
13  22
46  39
15  47
43  28
28  41
34  44
33  37
42  27
42  38
7  50
40  50
34  43
42  36
20  34
32  35
23  42
51  15
15  38
22  21
7  50
7  51
38  46
30  33
40  14
17  21
38  6
12  5
30  10
7  37
31  42
9  21
14  6
24  5
40  24
24  25
14  20
19  41
21  33
35  7
37  21
39  36
17  36
8  18
41  46
50  23
46  25
48  31
39  46
50  14
27  45
36  40
43  14
5  26
43  5
34  8
35  25
7  28
50  33
26  34
27  38
44  33
14  38
35  49
6  25
7  35
29  44
21  9
30  27
46  36
42  11
14  34
36  5
50  9
26  7
41  45
13  31
35  45
32  9
25  19
36  22
5  27
10  36
42  44
49  51
28  31
46  31
8  10
26  8
14  20
48  23
44  49
18  19
22  26
30  49
9  10
6  21
46  50
37  30
45  17
51  5
45  46
12  13
17  16
45  9
23  46
39  19
49  45
34  45
47  30
36  10
31  17
5  6
5  49
25  40
10  42
31  25
8  7
44  22
9  33
14  25
21  33
42  18
20  16
12  45
17  22
30  12
36  11
40  34
7  5
51  24
13  46
13  35
31  24
43  49
36  7
27  18
28  41
51  50
46  15
25  30
35  15
24  49
12  39
35  47
23  30
31  48
35  16
33  36
35  12
27  36
22  18
35  42
5  36
24  34
36  51
49  29
51  34
8  22
43  50
17  6
44  37
16  5
41  36
39  6
37  17
12  37
8  19
51  13
48  46
37  20
34  35
48  14
9  24
50  30
8  45
37  29
21  44
47  50
49  20
20  14
38  18
34  29
11  28
32  16
22  9
49  28
17  7
17  47
6  24
41  34
7  25
30  15
11  49
13  41
49  33
6  28
37  8
23  41
13  14
29  49
46  40
5  49
37  10
16  37
31  34
19  34
43  12
26  47
24  28
50  18
19  40
49  38
32  16
15  15
21  44
34  31
15  37
42  24
26  31
27  29
15  41
42  23
22  42
10  28
21  14
50  41
25  20
6  26
33  6
21  50
39  47
18  10
7  25
34  43
36  17
8  40
14  31
40  42
39  9
37  29
23  5
50  9
12  17
32  19
39  17
26  46
13  14
36  14
46  38
44  15
13  13
42  17
48  44
20  27
9  51
25  47
35  42
22  13
9  9
7  24
21  18
22  50
43  49
39  10
7  39
28  50
39  36
35  47
40  17
49  47
39  46
20  10
21  6
50  46
37  14
15  34
40  31
33  51
39  25
18  22
34  25
42  49
6  6
19  23
7  45
23  21
9  38
30  21
24  26
51  11
8  45
17  18
29  34
26  20
50  24
20  29
36  5
46  36
10  32
43  39
19  29
6  24
27  48
29  7
10  37
50  29
18  5
30  43
18  49
51  48
7  31
46  16
21  17
36  26
14  14
7  35
33  22
26  12
33  10
28  29
6  48
12  15
9  33
38  16
13  39
32  14
15  38
26  46
28  20
42  5
12  47
42  25
9  48
15  51
43  35
49  12
43  29
9  30
42  51
12  48
7  34
7  24
49  34
33  30
6  33
33  44
15  19
42  38
6  43
13  37
39  38
22  22
12  7
51  32
47  32
10  34
23  28
23  44
32  35
11  33
12  47
17  14
6  8
25  29
6  40
51  15
22  10
33  14
12  35
37  34
20  51
14  12
41  34
39  16
8  15
45  12
43  19
21  37
18  22
44  16
10  16
20  50
27  30
37  32
16  16
10  5
29  38
40  45
42  47
7  31
35  11
43  7
28  24
31  7
46  44
50  39
5  15
26  11
32  21
14  37
23  13
24  10
36  14
12  17
33  14
11  33
45  19
8  45
20  32
12  26
7  33
17  36
34  20
51  10
39  47
15  25
17  46
32  26
19  27
27  8
20  35
20  46
25  16
30  43
48  29
50  12
43  20
41  13
6  5
31  42
36  22
36  38
49  33
18  46
22  16
6  18
33  13
19  16
35  37
8  25
15  21
43  24
23  14
28  35
31  48
47  44
36  31
23  9
45  24
17  49
15  6
8  33
22  43
47  46
13  42
10  38
11  45
15  41
43  17
23  36
7  17
45  14
39  16
35  14
11  11
8  8
16  24
20  31
7  50
20  10
37  33
46  30
10  36
39  6
21  36
20  16
15  40
7  17
27  26
50  6
38  32
48  6
17  12
40  12
23  27
35  48
51  37
6  50
46  19
33  9
35  37
5  16
32  6
7  19
33  9
44  37
32  51
27  30
15  7
32  32
21  29
7  25
31  12
17  47
10  28
20  45
38  31
19  14
41  10
50  24
16  21
16  33
37  7
42  26
17  42
37  5
12  37
45  27
44  20
28  50
26  45
8  40
10  49
45  29
26  46
9  5
38  12
17  18
26  51
9  20
6  18
11  37
33  26
24  5
20  22
47  11
25  19
41  23
16  20
6  9
16  30
26  49
49  30
23  33
18  49
8  29
50  13
9  32
32  26
32  7
11  18
36  18
35  13
13  17
17  11
18  51
17  34
38  45
41  5
8  47
43  33
17  40
48  18
18  45
11  25
10  15
33  34
49  44
32  8
49  46
24  11
42  27
6  39
46  9
41  6
16  39
46  32
12  34
39  14
21  9
8  38
38  25
45  36
29  24
33  25
24  45
32  50
11  34
19  42
22  48
30  34
36  42
50  27
10  10
13  10
27  26
19  35
8  15
11  46
9  45
13  32
49  22
21  16
40  11
20  14
5  45
38  8
18  18
9  50
42  26
18  32
44  27
51  10
5  38
37  16
35  48
32  8
17  47
14  43
12  35
40  41
12  18
10  39
33  40
7  37
9  43
42  43
45  50
6  40
43  20
7  43
7  16
6  17
35  32
38  26
43  12
39  42
9  19
33  43
27  40
26  5
6  9
17  17
8  47
20  11
49  38
7  9
47  14
43  26
13  12
22  49
41  22
27  18
39  51
41  42
48  25
8  46
26  42
19  11
45  42
44  38
50  40
33  9
21  12
42  12
25  33
6  11
14  35
43  34
15  14
45  18
28  45
6  46
9  8
19  15
7  36
23  13
10  43
11  37
20  31
48  50
18  27
23  17
36  5
10  43
40  23
43  47
33  25
42  34
10  23
34  47
23  9
29  19
29  12
11  33
17  44
21  20
25  27
19  29
21  31
10  21
36  29
8  24
37  23
37  6
48  31
11  40
12  48
9  42
23  20
19  14
11  11
14  47
22  36
19  21
27  48
10  46
33  5
44  45
11  47
31  12
25  37
32  26
8  17
30  15
27  31
22  22
6  15
28  48
26  43
27  9
49  18
43  40
36  6
26  17
41  16
16  37
7  38
5  33
48  50
11  6
10  9
18  6
42  34
15  29
39  50
38  16
42  7
24  31
51  43
50  10
35  25
10  21
41  17
16  16
39  48
18  50
23  8
19  23
36  47
42  23
14  6
10  8
14  23
51  39
17  41
36  14
40  22
43  8
46  33
43  8
22  50
44  42
23  19
32  45
45  20
11  41
45  49
21  38
42  22
40  33
23  46
40  19
11  48
23  31
36  22
11  35
38  37
22  29
10  24
26  51
14  33
32  51
47  32
8  50
21  29
25  8
7  33
7  49
5  5
20  25
42  49
46  16
50  44
36  48
51  16
45  7
18  14
22  19
29  24
28  25
27  34
5  16
45  39
18  47
48  24
50  33
48  14
5  21
46  16
34  41
12  36
37  13
27  50
40  5
9  9
17  32
18  14
49  40
27  51
10  10
47  16
17  9
24  7
35  11
23  11
49  8
21  24
34  31
19  7
48  24
20  15
22  35
44  16
23  22
18  21
30  43
28  26
31  39
15  15
49  33
41  20
31  20
48  40
10  32
35  6
40  7
9  6
7  18
11  14
27  43
19  31
38  33
10  31
18  26
45  31
29  22
37  45
24  10
5  26
6  42
46  47
26  16
28  41
29  34
10  28
23  26
21  47
50  5
20  26
11  45
6  45
23  17
7  30
40  51
7  40
41  39
42  21
19  42
40  31
23  41
25  7
20  14
38  46
48  8
17  50
51  23
46  24
45  12
11  50
10  15
51  46
24  50
49  8
19  12
42  21
37  35
21  42
51  24
33  26
41  15
38  15
24  23
8  35
42  32
6  34
45  18
49  7
47  24
48  21
49  8
26  15
42  20
41  13
11  8
21  44
30  18
26  41
25  19
37  39
29  46
31  34
6  9
21  7
35  11
41  27
16  50
49  30
10  45
29  13
35  38
22  41
10  29
16  25
32  28
7  8
21  10
15  36
43  21
32  18
26  17
25  43
44  7
17  17
12  8
35  8
46  28
46  19
26  23
28  47
42  28
24  14
40  17
32  43
22  15
51  6
27  20
51  9
9  6
24  38
16  16
9  45
31  25
9  12
25  16
37  51
26  33
33  42
6  30
10  17
40  5
50  23
6  42
44  29
25  19
15  7
14  34
33  48
51  33
11  11
29  12
44  45
42  34
5  28
42  26
31  49
31  41
12  7
30  25
22  31
8  37
5  11
17  23
51  49
33  49
33  36
39  30
38  17
25  35
26  28
17  31
45  37
32  11
38  45
15  51
43  51
24  9
25  24
24  48
28  45
43  46
47  16
41  49
7  28
22  32
38  19
12  49
15  37
50  8
41  5
24  31
23  15
32  19
21  15
38  17
36  29
29  33
33  23
43  16
37  21
44  50
30  24
6  42
49  19
9  10
18  10
31  31
24  22
32  37
31  5
40  18
43  37
9  12
47  38
12  41
48  17
50  49
38  43
33  10
31  16
19  37
27  6
38  51
11  17
17  5
50  46
19  34
7  9
42  43
42  12
44  27
37  19
25  5
47  5
24  36
32  35
15  25
31  30
17  9
5  42
32  8
17  42
27  12
28  13
14  34
18  31
46  18
36  39
39  44
30  39
18  8
9  23
41  6
27  27
19  44
48  44
7  39
16  49
15  41
32  9
15  22
41  28
41  51
5  9
30  17
44  18
26  18
20  21
37  27
8  18
20  34
26  30
28  34
51  42
24  41
30  48
45  39
41  36
18  41
27  12
8  45
17  23
20  9
33  36
33  25
22  10
16  5
32  11
5  20
5  5
5  48
48  30
17  12
29  40
21  47
28  37
38  27
12  7
5  17
29  5
34  20
34  27
28  17
48  23
19  42
10  26
20  6
12  29
51  40
21  37
20  19
39  48
27  15
5  25
17  49
6  50
14  24
35  21
43  42
16  24
45  10
16  42
16  45
7  31
42  28
27  48
50  29
40  11
44  33
13  14
12  12
47  25
13  42
43  33
19  48
46  18
6  17
34  14
46  19
27  13
14  30
25  49
13  42
42  24
33  33
5  7
49  14
20  45
28  30
14  12
7  23
46  46
32  51
26  37
18  24
24  40
51  23
20  23
21  41
39  25
12  37
44  6
40  17
25  29
17  51
5  13
18  29
37  31
33  31
38  48
8  46
24  16
19  14
15  26
27  15
28  13
13  36
8  31
31  21
23  5
34  47
11  12
33  27
16  44
48  44
10  40
45  13
50  34
36  35
35  45
23  21
11  47
34  23
44  24
46  51
39  48
19  48
26  41
43  9
48  5
15  20
38  34
11  45
18  19
24  31
29  27
31  21
19  6
45  32
18  22
35  40
29  39
36  13
22  13
36  5
25  25
25  15
18  43
13  8
31  19
30  32
7  37
11  37
27  42
40  37
8  36
38  9
37  22
48  19
5  11
7  48
24  37
42  23
24  37
38  12
9  21
42  45
41  14
29  35
34  47
21  27
46  21
44  39
10  41
16  46
28  15
12  14
8  10
12  7
40  18
5  10
44  34
11  17
42  9
23  35
44  42
39  11
20  9
27  40
13  50
17  46
32  18
19  30
41  17
16  11
22  6
23  25
42  7
37  34
17  6
25  31
46  18
31  31
49  14
6  14
34  29
34  10
42  17
40  35
26  41
6  38
31  23
13  38
48  20
15  36
13  23
46  51
29  9
21  5
21  18
41  40
43  19
31  21
17  43
36  37
27  35
34  47
48  30
26  12
30  45
36  18
22  24
45  20
18  41
13  44
7  30
26  42
42  8
42  11
14  50
28  50
48  12
30  35
25  6
42  12
9  17
20  39
39  47
21  49
23  47
14  23
45  10
29  46
30  18
41  11
20  40
45  9
34  19
13  30
24  31
41  26
23  6
22  10
48  30
47  15
46  43
28  18
7  41
36  7
12  45
38  39
40  17
30  7
7  35
10  24
35  8
23  49
9  46
11  12
30  19
10  42
40  50
18  21
31  37
35  26
50  17
20  39
6  20
51  37
40  19
24  28
40  31
23  46
25  41
48  27
47  43
33  10
45  27
10  43
41  7
18  30
35  23
11  14
31  29
41  31
38  42
29  32
41  13
14  35
51  25
34  15
47  28
14  41
19  7
30  28
24  17
10  49
6  27
9  33
25  51
33  10
33  32
17  13
31  49
16  8
41  19
29  37
42  50
20  38
44  34
50  41
24  19
42  13
7  31
42  51
21  10
48  12
51  34
10  34
35  50
42  23
33  34
13  42
43  24
27  6
25  15
22  33
16  14
9  41
22  33
7  50
14  7
40  6
15  16
47  39
24  7
38  50
45  40
46  46
7  14
29  45
36  50
10  33
32  39
50  35
45  20
19  50
45  35
37  6
5  48
37  10
20  10
17  18
32  35
47  39
50  9
11  21
26  50
7  35
32  15
8  10
23  49
31  5
40  41
25  36
21  31
40  24
18  24
20  12
41  12
22  26
29  30
13  51
20  44
18  31
40  51
9  29
9  20
33  8
35  15
48  49
24  50
37  25
17  44
7  37
43  5
21  38
46  10
48  48
7  41
18  12
51  16
18  37
48  42
32  31
51  33
7  24
11  42
8  20
45  10
23  5
13  18
11  29
25  18
49  20
28  21
41  27
11  14
19  44
20  27
24  49
26  19
22  8
12  5
11  9
9  36
14  23
15  23
38  39
39  28
30  8
32  40
37  6
9  42
9  30
47  19
20  37
34  39
41  44
34  32
44  20
35  41
10  45
21  35
33  20
26  26
39  7
33  42
25  40
44  31
48  31
13  22
10  42
40  29
44  14
20  11
6  35
33  17
12  37
47  8
34  31
35  20
7  11
15  43
37  9
19  30
24  25
22  29
11  16
25  10
50  30
20  38
11  34
25  7
42  21
34  11
48  31
38  9
31  42
48  34
34  10
9  19
8  26
50  43
40  49
41  19
42  21
6  28
8  14
39  33
51  18
12  8
18  21
30  41
35  15
23  10
14  44
24  28
39  13
15  9
25  10
49  14
40  22
21  7
36  5
51  17
14  16
46  51
9  35
16  28
42  27
29  26
28  14
31  24
42  44
12  13
22  33
21  14
32  25
13  51
38  24
7  18
24  37
29  9
23  44
11  10
24  12
27  19
29  29
6  39
40  17
38  34
51  38
9  14
31  45
36  46
47  16
48  13
7  5
34  41
42  26
48  32
9  23
11  27
46  38
41  48
22  29
34  5
28  36
50  40
32  26
26  51
42  23
5  9
51  46
30  38
6  31
34  19
37  18
9  33
42  16
16  40
51  5
22  37
47  36
17  43
30  10
45  28
19  51
21  8
7  7
35  9
16  9
29  42
7  11
28  24
24  41
5  38
29  10
47  48
16  21
31  50
40  39
44  41
48  31
23  30
41  33
49  27
26  7
10  24
40  44
42  17
10  30
16  12
19  37
9  45
16  38
9  23
47  25
11  31
18  50
6  25
41  37
9  23
24  46
18  31
10  5
43  39
9  25
40  25
45  16
29  48
33  32
26  12
29  29
31  36
33  41
10  34
21  44
30  39
30  8
23  23
36  27
41  24
38  42
9  11
38  50
30  6
9  21
47  39
18  44
43  36
37  38
46  21
48  21
42  51
10  47
8  31
10  46
33  41
31  32
31  6
43  9
35  11
49  14
9  29
14  18
34  46
39  25
28  29
50  26
44  21
9  18
33  47
22  17
20  39
27  14
28  50
31  41
43  30
39  48
6  28
20  47
25  24
30  43
26  14
51  44
10  36
33  30
5  14
28  39
25  46
14  36
27  8
10  15
46  12
16  48
12  30
17  17
47  44
21  31
13  39
27  37
47  39
5  8
38  47
34  35
6  17
41  8
9  9
45  31
46  40
15  29
17  45
13  25
14  26
45  19
20  24
8  37
42  11
32  18
21  6
39  15
21  22
19  12
44  19
50  18
14  11
5  9
28  6
15  39
37  34
16  29
17  37
29  29
51  21
43  19
16  37
23  20
25  14
38  15
20  44
48  36
48  44
21  44
9  27
23  8
24  28
12  43
27  9
50  31
30  25
11  7
33  28
38  42
14  44
42  40
9  33
12  14
24  24
8  12
21  20
35  9
13  34
19  50
10  10
18  35
16  17
41  22
28  8
45  41
48  35
13  8
40  10
28  36
48  38
48  46
45  43
10  22
43  13
23  49
31  42
49  12
35  48
19  24
50  49
39  24
16  35
17  49
16  19
18  15
14  25
14  9
20  29
11  25
36  46
32  40
19  22
50  43
9  49
24  49
32  22
11  11
14  9
36  23
35  42
49  39
35  12
19  33
30  37
33  19
5  11
26  32
11  49
41  49
48  31
23  45
32  48
16  10
12  14
32  18
26  7
20  6
31  19
24  22
50  5
41  28
50  14
49  48
48  10
12  8
34  24
43  34
45  16
6  42
49  41
29  21
46  7
35  15
34  36
43  33
39  20
6  30
36  30
19  22
38  41
12  26
10  21
36  30
40  19
17  49
33  26
37  15
27  23
14  31
34  46
23  16
34  16
5  29
20  40
26  36
16  26
47  20
32  46
25  19
19  17
10  5
34  11
38  40
32  41
50  19
7  9
45  44
37  14
38  31
37  47
22  9
13  51
49  36
26  18
39  28
34  30
26  20
50  31
28  23
29  19
26  22
8  43
29  17
45  29
11  40
23  36
5  24
44  10
48  29
33  24
37  26
5  38
22  47
17  38
40  46
42  13
20  29
27  29
15  29
9  26
33  6
41  48
14  30
39  14
31  48
44  42
38  24
11  21
23  29
15  18
15  31
28  32
35  36
14  43
38  12
10  10
46  30
42  17
21  17
16  28
18  8
9  21
23  26
14  15
18  37
5  6
20  26
12  14
36  10
48  21
41  47
26  7
27  25
34  33
28  49
33  41
30  46
46  11
18  13
50  45
11  35
28  26
14  11
12  45
45  7
6  15
37  40
25  20
13  38
17  44
25  33
10  25
28  23
37  46
27  46
48  15
20  11
9  25
11  46
9  28
51  9
41  18
46  42
30  40
27  12
51  39
39  41
38  22
14  24
21  30
29  15
33  46
42  45
44  18
44  15
19  49
24  49
34  44
28  33
16  33
37  30
9  51
15  27
46  42
24  43
18  46
46  44
39  37
35  38
33  32
39  28
41  11
9  6
17  7
30  7
33  14
19  15
13  47
12  30
20  12
14  38
19  12
21  49
36  43
8  47
19  21
40  13
15  41
14  26
22  49
50  46
17  17
21  5
5  14
22  28
47  10
38  26
32  25
8  38
11  30
45  17
44  38
39  22
33  38
49  20
14  41
27  39
14  17
33  18
21  38
17  28
24  32
47  42
51  39
41  49
39  6
39  28
25  26
37  25
50  50
45  22
5  25
40  7
34  41
40  19
41  16
42  45
38  38
48  19
19  40
30  24
22  24
10  13
10  19
12  6
49  33
34  34
11  13
42  32
39  30
20  20
36  47
38  9
30  22
50  7
45  43
29  44
44  12
19  34
38  28
20  31
45  14
26  9
22  24
50  38
49  26
16  20
34  7
7  36
26  41
12  51
24  40
30  49
40  32
13  30
25  40
12  18
40  45
16  9
41  13
35  42
40  47
33  43
32  46
25  32
29  23
21  49
41  19
28  17
19  5
21  51
36  18
37  27
37  37
21  22
43  18
46  11
29  10
43  25
18  35
50  9
5  39
10  13
46  8
25  51
48  10
51  11
37  33
49  13
5  29
14  51
12  6
20  41
46  10
36  8
29  33
12  40
38  8
10  28
40  21
39  23
18  35
6  6
10  48
49  19
51  49
33  49
45  27
45  16
15  11
20  24
33  32
9  33
32  11
16  20
21  36
43  51
47  23
13  20
42  5
47  28
16  43
30  27
24  44
42  5
30  11
50  24
24  6
27  30
43  33
40  29
33  23
29  41
14  40
36  11
49  42
50  9
32  44
49  22
25  35
7  6
37  27
30  5
37  18
42  28
7  34
27  42
43  40
34  39
10  36
22  13
26  49
22  15
32  40
5  13
5  41
26  40
46  30
46  20
8  18
48  12
46  28
10  51
44  49
39  51
16  33
12  39
39  36
48  25
28  36
18  25
31  38
16  45
27  15
26  41
20  33
46  29
30  39
30  28
32  46
26  24
22  6
25  36
46  36
7  6
33  36
9  46
16  18
46  51
23  9
45  25
9  5
45  43
13  33
37  43
51  44
14  35
5  16
19  27
49  29
14  14
35  47
18  8
47  5
26  37
13  34
12  5
37  30
51  14
7  50
5  29
48  30
30  5
46  10
27  40
21  41
25  43
7  21
13  22
32  17
15  24
49  8
42  9
46  21
39  51
51  50
40  47
19  16
17  49
11  16
35  5
5  10
38  25
44  34
34  30
29  9
41  36
45  24
24  10
19  22
40  49
27  32
38  27
35  22
24  26
46  18
16  10
30  35
19  15
5  12
13  26
13  44
14  43
24  32
36  44
35  21
13  48
8  11
44  46
32  7
11  18
16  43
6  18
40  23
34  38
16  24
22  33
27  24
14  12
9  31
5  18
48  34
25  9
51  30
21  17
6  30
23  8
26  37
18  49
37  7
35  46
41  41
