22  49
22  30
18  42
13  21
18  47
38  20
44  20
21  46
49  15
5  29
44  8
20  8
43  22
20  44
50  36
13  45
50  14
38  25
50  48
12  29
43  27
19  50
42  49
32  46
28  41
27  23
21  43
37  28
46  48
32  30
23  44
41  44
32  33
47  8
15  13
12  30
24  16
25  51
23  24
29  13
43  29
6  12
47  7
43  13
20  5
37  11
24  8
41  26
47  27
40  36
44  8
9  27
15  38
36  28
25  28
35  41
36  35
15  16
19  33
5  44
27  21
30  23
22  26
15  29
7  41
16  13
38  32
21  38
10  12
27  10
44  11
36  38
21  34
36  46
41  14
22  37
47  43
16  24
30  22
7  16
38  39
24  38
39  33
44  13
45  18
9  37
28  46
20  12
23  24
9  12
23  31
7  25
13  47
23  27
43  16
41  26
32  25
44  8
20  38
49  33
51  16
28  19
14  33
30  41
8  5
10  40
34  51
28  46
34  17
23  49
32  42
42  16
37  17
9  15
16  25
17  30
46  47
46  42
45  11
47  18
20  11
21  26
43  41
41  12
46  33
15  20
21  48
27  31
27  41
44  43
37  38
15  28
18  7
17  11
7  38
50  23
29  34
50  27
33  9
36  27
29  25
10  5
50  40
19  25
38  17
43  51
26  42
10  32
21  18
7  27
30  25
34  14
33  21
7  37
25  34
42  19
15  5
45  26
17  50
32  20
41  18
46  27
51  38
11  51
44  35
22  47
16  49
34  26
33  28
19  14
39  29
45  12
44  31
11  9
6  43
32  15
6  36
34  21
26  29
37  49
39  37
36  43
8  21
11  6
19  46
32  35
6  28
29  22
48  49
20  51
11  51
48  24
31  45
48  43
40  50
22  28
7  36
7  13
33  28
41  33
32  13
32  11
8  22
39  13
24  13
49  46
16  8
23  36
13  42
7  29
17  23
11  9
37  6
7  18
19  7
50  22
45  32
28  31
14  33
29  22
18  37
40  28
48  8
29  45
30  48
32  40
23  47
37  5
6  7
35  24
26  40
15  27
24  14
30  32
10  31
39  22
18  11
38  44
9  23
20  50
41  10
37  37
9  38
5  19
23  45
5  8
21  46
46  27
19  51
14  24
37  18
22  34
11  22
8  40
22  30
38  11
27  33
26  33
24  31
7  37
24  29
36  22
21  38
31  8
12  26
48  23
7  32
11  15
38  17
49  24
24  28
20  40
16  31
27  5
12  16
20  15
6  48
5  33
16  14
33  5
39  32
50  19
14  43
32  12
18  45
11  46
30  36
9  13
41  38
18  21
9  42
21  42
30  43
39  30
31  10
44  24
41  39
28  49
34  7
30  33
22  49
12  26
6  44
17  47
15  51
34  16
12  9
37  46
26  49
19  29
12  51
21  46
21  31
21  50
26  32
16  14
46  43
45  40
49  51
23  31
30  26
45  43
8  16
44  25
49  11
51  16
39  43
8  23
32  50
26  25
10  21
35  51
10  21
35  27
37  38
36  38
47  23
21  48
21  12
42  33
11  28
31  13
48  14
29  42
34  33
42  33
35  38
46  30
34  13
44  35
32  27
6  33
25  15
29  26
22  43
51  8
13  43
18  5
8  24
41  35
50  26
19  37
18  33
29  38
10  21
49  10
36  29
30  30
34  33
26  26
42  47
47  42
18  6
17  13
5  25
16  18
50  20
47  9
24  30
36  46
36  5
18  8
8  20
43  35
41  32
20  45
26  19
22  5
39  10
19  13
34  18
51  41
44  24
50  17
41  35
13  45
14  28
24  21
50  10
30  32
22  39
16  7
17  49
42  37
22  14
41  45
26  44
13  23
38  25
27  29
6  7
37  22
35  50
25  45
19  32
31  44
38  51
31  26
7  11
48  26
26  7
12  15
11  21
43  35
48  42
41  12
6  20
50  6
14  18
10  6
22  29
5  26
23  6
32  31
45  25
42  43
38  49
30  6
23  51
9  38
21  12
11  23
38  12
25  27
35  21
35  31
34  42
5  20
24  39
22  23
47  25
7  35
39  32
12  32
39  14
47  21
43  28
42  29
20  14
27  21
19  35
23  36
47  29
22  47
19  47
33  40
20  24
29  49
42  13
40  14
19  28
45  9
12  9
44  45
31  39
41  13
49  17
43  25
33  50
29  14
26  48
16  23
36  5
9  17
15  13
28  49
18  6
42  15
11  18
15  50
35  17
5  31
19  34
13  41
26  15
11  28
45  23
11  27
26  26
49  32
42  50
6  14
8  34
21  51
24  19
48  46
18  38
50  25
27  12
20  17
47  51
17  47
44  45
28  45
24  26
13  6
37  30
34  26
12  36
46  29
39  18
43  28
33  10
25  19
44  21
25  15
24  35
39  36
22  12
44  31
51  28
10  20
36  50
7  21
6  28
15  43
43  8
33  32
24  47
44  28
33  17
12  33
33  41
10  37
9  17
45  12
17  27
28  44
51  39
28  24
10  21
25  17
40  8
11  8
50  44
14  26
42  50
34  6
20  51
9  45
45  23
12  44
43  16
8  13
41  33
31  38
14  20
45  43
47  5
41  43
15  16
6  26
45  39
31  27
44  39
38  37
51  13
42  47
46  29
46  40
24  6
28  25
5  8
30  45
43  23
38  34
23  45
20  16
50  12
30  6
9  8
16  40
48  34
38  24
30  46
40  37
37  33
51  36
14  30
50  6
9  27
45  30
6  34
50  31
31  26
37  51
34  37
29  42
32  28
31  48
49  29
24  37
5  31
29  39
8  34
8  21
21  34
26  40
51  40
46  24
48  29
10  7
37  23
34  25
41  31
16  19
31  17
37  44
39  19
27  22
10  27
19  8
26  20
32  27
47  41
41  22
47  31
30  35
49  19
17  21
6  9
14  23
30  44
49  10
51  14
45  32
26  14
9  50
28  47
36  13
38  31
45  10
24  19
42  29
49  44
42  19
14  40
36  16
20  13
14  43
44  51
18  41
44  51
16  41
47  18
45  43
35  35
39  51
37  7
17  43
8  17
27  43
25  48
34  16
13  13
44  17
41  30
44  51
47  18
12  24
32  7
49  36
8  22
15  36
45  16
27  28
21  28
30  49
47  30
51  18
6  36
18  26
49  50
36  36
27  28
5  23
21  40
26  48
9  37
7  29
25  7
43  17
51  26
51  13
34  17
31  6
31  7
29  12
34  17
6  51
31  30
22  32
43  43
21  35
25  37
16  38
39  17
42  22
8  46
20  7
25  7
44  32
23  19
45  43
29  18
32  23
22  44
44  14
8  8
25  44
27  48
31  43
23  11
35  28
42  27
51  7
47  6
31  13
24  5
17  28
10  8
28  10
17  43
49  36
28  42
20  36
35  45
18  44
23  8
26  23
50  21
18  11
12  21
26  46
9  45
27  26
49  31
34  46
27  27
20  26
39  47
29  6
29  51
18  27
50  31
12  42
6  36
25  7
9  21
13  22
7  39
31  29
27  32
17  33
13  35
27  23
21  5
50  35
41  35
14  22
12  34
22  38
28  14
6  8
26  49
17  41
19  40
43  25
29  9
36  13
32  27
42  40
34  36
23  20
26  50
50  10
18  10
45  29
13  14
44  11
7  41
26  51
25  50
6  15
31  37
11  19
51  21
49  22
19  28
25  40
39  41
12  22
22  30
26  40
29  17
20  50
48  11
10  47
21  48
11  17
43  29
11  28
40  46
10  46
51  14
29  26
42  16
10  7
33  41
44  43
51  12
50  13
51  48
39  35
15  41
26  40
6  14
46  46
22  40
51  30
37  18
16  22
29  33
41  6
44  20
44  24
43  23
43  47
46  18
39  38
32  10
45  44
14  20
21  14
39  19
44  39
11  45
32  18
31  19
29  28
29  48
39  42
39  36
15  33
34  41
24  51
20  31
15  20
37  35
7  33
37  8
11  48
38  31
6  48
6  39
23  7
9  26
35  13
22  51
17  30
38  17
40  16
6  12
36  12
17  45
15  40
5  33
20  38
30  41
31  31
32  30
15  37
34  36
32  25
10  30
17  32
26  34
12  6
35  20
5  6
27  12
51  12
25  16
5  10
35  41
13  19
38  48
42  37
44  19
22  28
24  46
48  14
19  17
7  32
15  5
9  19
42  43
25  16
34  14
28  41
33  47
12  19
19  13
13  30
36  41
36  48
49  21
6  39
45  20
12  45
5  41
44  49
7  42
5  40
7  21
27  29
41  18
7  49
45  7
6  44
27  16
12  21
27  41
41  32
31  41
45  6
8  21
20  22
37  15
17  9
38  29
42  42
45  21
47  13
28  33
34  25
12  17
35  48
49  46
39  6
17  30
50  20
26  51
7  16
42  23
47  11
49  43
24  36
32  46
5  34
18  19
29  10
24  24
43  18
18  23
19  37
6  7
16  48
37  44
38  20
51  21
10  22
17  46
10  45
21  51
32  20
22  30
44  51
47  22
42  18
16  12
37  25
25  34
32  48
38  15
28  6
51  17
17  39
49  10
47  42
37  41
41  38
43  6
8  47
37  18
13  7
51  47
12  11
14  46
32  39
21  29
36  18
11  15
18  44
9  6
41  34
33  21
36  8
47  34
11  19
28  46
22  32
7  14
29  16
39  35
43  10
19  25
45  12
22  50
7  43
13  22
45  27
32  25
39  8
47  29
14  43
14  26
39  8
33  46
25  28
22  24
27  38
13  34
9  40
12  44
11  29
26  20
38  20
32  49
43  26
48  12
14  21
37  21
28  28
24  8
51  31
39  43
44  10
15  41
41  41
6  48
24  39
49  45
28  32
45  28
33  16
50  46
43  42
42  44
22  51
6  46
16  16
21  7
19  24
31  25
15  14
46  50
46  11
37  29
37  18
40  29
51  5
17  21
35  22
19  13
43  50
45  46
45  23
20  41
33  27
43  38
7  24
11  25
36  16
11  47
14  27
46  17
21  8
41  39
35  14
45  32
22  32
35  35
45  17
32  19
17  6
46  15
7  17
20  48
14  35
5  31
34  8
33  47
44  15
35  47
42  31
12  23
34  26
48  15
29  23
23  36
40  20
5  21
5  32
40  12
34  12
30  47
25  9
42  39
41  23
22  43
49  25
22  21
49  18
12  20
42  35
9  9
24  44
40  43
10  44
21  32
18  26
10  12
21  20
42  12
6  38
38  16
33  21
47  33
24  26
19  51
21  48
46  48
19  48
44  14
10  40
18  45
19  10
37  48
9  31
28  20
10  49
40  37
49  50
48  9
7  7
26  14
50  45
42  26
26  42
39  35
49  21
42  29
46  20
20  41
51  24
40  17
21  24
39  41
7  40
47  29
28  29
44  9
17  44
32  36
18  5
49  33
51  13
26  47
50  11
32  14
7  28
46  29
23  13
9  44
21  40
6  39
27  27
39  37
33  9
15  26
44  9
20  42
49  8
42  42
16  11
40  23
16  29
10  17
23  7
34  30
51  46
9  22
15  10
36  13
33  31
37  22
14  47
30  15
29  16
41  49
34  7
23  45
44  47
11  15
8  14
50  11
30  7
33  37
29  34
31  14
44  22
8  6
16  42
17  41
36  30
12  22
19  42
27  21
6  33
12  14
11  9
18  6
14  12
34  24
16  24
38  51
24  44
47  19
25  49
42  30
10  36
26  47
9  6
20  8
19  17
6  5
32  6
24  48
33  47
45  28
41  41
32  46
37  48
20  44
7  37
9  6
10  5
41  13
28  6
30  19
27  35
12  33
12  7
16  21
41  29
30  19
12  51
43  11
42  39
51  26
9  46
45  42
34  33
47  39
16  31
27  23
12  10
47  32
50  40
36  51
50  19
50  51
11  12
11  26
29  34
10  26
25  29
51  20
15  39
18  28
21  17
46  36
51  30
49  27
34  47
11  19
7  37
8  43
26  33
16  42
34  51
35  44
47  47
28  29
38  6
30  50
25  18
9  29
48  13
33  29
38  29
49  47
25  7
22  43
36  41
6  36
23  10
33  27
23  17
46  19
43  43
15  13
21  49
20  16
17  41
5  46
10  36
42  29
38  8
29  49
38  11
19  6
18  43
15  39
14  34
35  10
25  12
22  36
14  32
15  41
8  51
47  12
14  45
23  41
46  48
48  33
5  30
41  22
35  24
10  20
19  42
51  13
32  22
7  27
51  31
46  47
26  50
40  32
13  16
7  12
28  32
15  20
40  27
27  15
11  17
31  37
13  21
5  32
13  46
40  18
7  24
47  24
20  22
20  15
14  38
43  46
8  33
26  50
49  30
16  28
16  43
19  37
29  49
9  47
50  9
13  13
24  27
35  15
19  46
35  20
11  23
20  47
35  24
13  8
30  13
50  15
28  5
28  19
13  31
8  8
20  12
30  20
13  38
32  8
49  44
28  39
15  32
16  13
12  29
18  46
40  46
48  39
38  19
11  43
46  39
23  41
47  5
22  42
41  43
23  15
14  8
43  19
21  32
39  51
17  8
14  5
34  38
44  50
19  21
16  24
32  29
49  29
44  40
19  16
40  46
27  6
10  50
34  21
42  23
33  50
6  21
25  7
29  32
38  12
17  17
33  44
16  46
49  34
6  21
20  45
28  26
43  43
10  14
18  7
6  43
18  8
33  6
37  43
44  42
26  43
28  46
29  18
22  11
23  26
13  16
7  37
26  40
41  40
15  20
48  44
51  24
17  35
23  35
41  13
21  25
19  39
27  31
39  48
26  25
44  10
5  25
25  29
30  5
9  50
35  19
16  7
17  32
43  16
7  33
9  28
41  45
13  46
30  26
27  9
25  28
23  32
20  27
5  25
50  12
43  27
50  21
36  17
19  40
30  47
45  39
18  46
19  50
42  38
36  8
22  23
45  31
16  24
21  30
27  50
17  50
30  34
50  33
43  25
35  43
45  48
22  18
37  6
22  15
32  16
29  39
5  6
21  32
35  36
45  37
43  32
26  9
19  14
27  32
21  40
37  48
37  8
45  11
32  12
33  49
18  42
17  33
30  7
42  51
26  38
6  47
51  40
15  49
45  26
12  27
34  49
35  7
26  40
16  7
18  11
23  21
33  8
31  48
28  11
45  44
21  24
30  50
43  45
41  24
39  36
38  5
31  15
7  16
36  30
32  50
7  20
50  47
49  31
30  44
14  10
43  50
38  27
26  19
10  15
42  26
29  33
39  51
11  28
28  26
5  8
49  18
25  38
42  38
18  24
30  50
35  32
37  7
48  30
44  38
8  36
29  30
42  10
28  50
17  27
29  15
6  19
38  22
33  43
22  14
26  48
35  46
23  24
19  22
31  41
5  23
42  10
25  28
8  19
14  33
22  41
30  26
8  43
33  20
21  18
44  22
18  9
29  12
9  22
5  50
16  34
34  27
46  32
42  5
41  5
51  51
45  16
50  18
44  39
39  37
23  23
40  44
45  10
50  16
31  28
40  18
46  11
25  48
23  5
6  6
8  40
44  32
17  28
21  44
22  26
8  9
30  26
43  23
45  19
13  29
11  44
32  5
5  39
31  41
38  28
8  44
12  29
18  28
50  10
27  39
27  17
38  16
31  24
8  30
27  39
33  11
26  44
26  28
43  51
23  9
23  13
35  27
14  50
39  28
48  18
26  27
44  30
30  6
37  18
41  21
33  51
9  37
32  36
27  19
42  22
11  18
42  21
44  6
23  51
26  19
25  41
16  8
18  22
27  40
27  10
27  10
29  51
14  33
14  40
23  45
19  46
37  35
15  30
35  24
44  37
44  18
19  18
16  43
10  49
18  6
13  18
51  16
36  45
15  23
6  36
8  27
50  36
48  6
23  7
9  39
30  11
32  32
38  29
5  32
48  48
40  15
11  7
24  21
49  20
37  11
38  34
42  44
31  27
27  46
49  22
25  13
16  34
21  37
31  30
8  41
12  40
49  7
21  31
41  6
13  12
6  28
49  44
43  32
21  5
25  38
18  27
33  42
22  16
20  28
49  36
13  38
49  9
46  12
39  27
6  25
14  23
44  20
30  9
5  33
6  38
17  10
35  25
44  18
42  32
28  16
38  20
25  47
26  11
29  35
22  19
39  10
19  35
28  33
46  33
17  31
29  6
9  33
46  26
40  15
19  42
9  14
23  16
18  50
19  21
25  35
8  20
33  45
28  5
24  38
20  14
29  14
38  28
20  20
23  34
40  9
11  30
19  35
38  20
37  38
18  16
14  5
41  33
35  35
48  24
49  10
15  40
43  32
16  33
35  35
43  28
13  32
48  15
35  36
45  12
44  31
51  48
36  51
45  51
44  38
8  17
35  18
31  18
11  38
29  5
51  32
14  40
29  50
47  35
51  28
23  38
17  49
40  28
47  29
43  8
26  23
38  27
11  34
14  44
6  38
46  5
35  31
14  8
31  36
49  14
8  34
11  45
7  14
18  23
36  20
11  39
33  30
34  5
50  6
30  40
10  49
23  12
38  6
28  18
39  48
12  40
45  46
9  37
50  18
37  33
13  38
20  16
36  19
42  17
39  38
11  31
16  25
21  6
19  44
11  10
23  9
25  13
25  39
9  10
12  14
21  10
9  8
5  23
43  19
41  28
21  42
41  12
32  7
21  47
47  5
24  7
23  38
19  11
10  35
13  18
17  43
23  42
41  48
8  18
17  11
19  6
47  17
47  48
46  31
45  18
45  13
12  17
11  44
23  40
44  13
47  37
22  23
27  43
51  48
44  22
47  12
12  50
25  15
23  33
19  7
26  25
44  19
47  32
47  14
28  51
15  48
14  46
23  37
50  19
30  22
31  33
10  7
19  12
30  50
45  15
42  15
32  30
33  20
44  10
50  46
49  14
34  15
51  20
34  22
24  19
31  46
33  28
39  15
44  31
32  38
37  18
36  39
7  42
26  6
6  42
23  34
17  30
35  39
26  44
14  22
7  29
22  42
44  47
28  50
40  39
37  44
40  13
20  44
25  8
21  5
37  20
38  15
41  18
50  47
25  48
36  39
15  24
16  31
11  39
42  39
9  5
51  28
