32  46
41  47
25  44
41  27
31  12
21  5
46  13
23  50
34  16
10  14
16  36
18  50
37  47
22  10
45  31
14  40
34  45
10  44
37  51
5  20
26  23
19  36
41  35
14  13
43  38
14  19
28  7
9  17
12  19
27  20
48  6
23  37
18  20
41  29
14  47
29  30
24  34
44  7
7  24
11  39
40  42
22  37
24  30
18  10
6  10
5  24
30  44
6  14
44  36
13  26
26  25
47  31
50  48
39  30
43  17
15  43
7  26
31  32
27  44
20  32
14  15
39  33
26  35
30  30
23  44
6  45
15  42
45  28
10  48
26  40
15  45
22  10
31  49
50  9
5  15
34  28
27  7
40  22
25  45
15  48
32  19
51  40
13  14
5  25
46  42
35  13
19  22
42  25
9  12
47  36
37  23
7  40
50  47
5  7
7  10
6  13
17  32
38  34
15  11
38  50
25  14
10  35
35  10
17  50
51  34
40  50
48  37
16  5
18  29
44  32
9  30
45  51
25  21
40  27
16  26
24  9
44  25
41  36
49  10
27  27
26  15
6  39
48  42
28  35
42  38
21  20
28  26
33  12
7  30
5  20
27  38
36  50
18  37
31  27
17  25
6  5
23  50
22  26
16  24
38  24
9  14
28  48
44  38
23  22
23  7
9  20
11  11
45  24
40  37
21  23
27  27
15  29
35  44
48  32
9  27
20  50
35  39
38  9
23  14
39  36
43  8
40  11
7  35
30  31
17  37
47  11
47  17
29  7
45  34
38  14
24  20
15  20
50  6
41  22
17  15
47  6
31  51
45  43
22  22
35  9
39  10
51  45
21  51
17  17
25  43
12  41
5  38
39  20
48  11
43  42
51  43
7  47
10  50
29  31
31  31
23  48
18  31
31  11
8  13
18  49
39  17
18  12
28  25
47  50
44  49
41  38
41  16
39  14
20  11
10  9
20  10
25  40
51  11
23  21
38  34
11  6
28  22
5  36
22  12
40  41
20  34
31  49
48  31
32  35
50  19
36  40
6  41
50  51
44  33
7  46
40  22
14  13
37  15
7  27
27  5
41  40
20  31
15  5
41  13
27  23
17  41
37  9
46  47
35  40
37  12
22  19
14  6
33  49
40  33
43  47
13  7
21  9
35  22
28  48
47  43
18  5
20  40
31  43
42  32
40  36
41  18
32  44
20  31
23  16
23  30
46  40
35  18
10  23
31  32
15  19
29  33
51  5
16  25
40  42
20  46
36  37
21  42
17  51
24  48
9  51
30  49
28  9
39  8
39  46
19  20
37  30
7  21
13  46
26  38
47  37
20  15
7  25
33  47
34  28
7  20
42  40
23  22
9  9
13  34
36  16
46  22
10  34
25  28
35  32
16  43
41  34
47  12
46  10
41  20
37  25
40  32
29  50
40  39
10  43
51  12
12  43
26  42
41  34
37  42
28  28
5  15
28  16
39  23
20  5
39  5
44  7
16  33
7  47
20  27
29  29
33  19
28  35
50  46
5  42
45  34
23  36
40  16
10  18
45  50
38  10
21  23
29  25
40  34
20  13
38  45
21  46
11  51
13  12
7  26
33  13
47  36
17  14
41  24
40  19
41  17
45  43
28  43
42  9
10  9
22  36
51  21
38  42
43  14
50  51
36  13
24  34
13  23
22  23
48  18
15  43
43  33
15  24
37  43
19  10
7  12
51  51
28  10
8  10
25  39
29  41
14  27
27  14
5  39
33  41
47  11
34  41
22  36
10  23
42  25
19  15
30  45
6  14
37  5
51  20
49  45
49  24
45  24
27  49
34  16
25  30
21  23
17  42
20  41
45  35
19  47
28  39
8  15
28  39
28  31
6  51
47  35
37  51
29  14
50  35
14  27
45  43
25  33
18  40
5  41
9  31
44  50
25  27
44  30
40  20
20  50
51  48
36  8
36  33
25  10
15  40
24  32
40  51
49  42
26  10
32  47
11  24
35  41
33  7
36  11
23  50
23  27
6  36
15  50
42  7
38  49
17  21
29  41
28  7
31  28
29  11
39  29
43  21
31  6
34  35
33  15
47  39
35  45
25  16
46  39
9  44
19  40
23  5
5  6
40  47
50  50
40  51
29  17
5  46
37  33
43  51
45  7
32  44
27  6
26  49
38  34
44  49
24  46
17  47
31  43
12  11
13  31
18  48
51  30
25  13
36  40
15  37
29  5
25  13
23  42
10  23
21  34
10  15
29  26
33  50
22  37
31  6
42  49
10  18
45  39
6  34
20  6
19  47
21  26
21  12
8  32
14  10
18  8
8  51
13  14
42  20
49  10
20  38
51  41
37  14
34  22
49  34
14  31
35  14
37  29
40  8
34  12
9  46
36  35
20  41
7  19
47  49
16  21
8  44
26  46
38  43
22  10
47  25
37  21
38  20
15  43
23  36
22  7
19  45
9  39
20  9
28  19
48  13
7  22
45  43
8  15
10  24
9  17
25  50
22  41
14  28
50  20
31  32
41  6
38  47
9  12
42  46
28  20
38  11
26  29
29  51
12  32
31  16
8  33
33  22
10  33
15  5
38  24
10  9
14  47
49  28
40  38
24  44
41  48
38  32
23  42
29  19
35  48
48  18
37  36
21  50
45  42
49  45
31  24
32  27
44  33
51  25
22  36
26  39
29  45
47  12
9  19
47  22
21  31
43  46
15  13
18  44
26  22
9  33
20  45
43  46
28  9
27  10
39  47
5  43
19  43
37  32
14  40
50  16
8  35
26  18
23  6
21  19
13  29
21  5
43  36
40  42
27  46
41  33
25  10
20  8
26  28
51  50
43  9
35  20
36  17
47  34
6  36
16  31
29  10
34  9
36  25
47  12
29  49
41  8
40  29
43  11
30  15
50  40
41  9
25  5
11  22
34  26
18  42
19  7
23  15
39  8
48  11
22  20
34  22
47  49
49  17
34  43
29  47
17  50
33  24
39  13
51  11
10  17
48  35
28  51
6  17
46  37
42  35
36  5
19  46
41  46
36  17
41  15
21  13
42  24
36  13
34  43
11  39
36  46
6  14
11  36
44  14
45  32
39  29
11  44
27  33
50  37
5  8
6  10
50  45
38  50
14  32
26  21
11  5
33  10
26  41
20  21
17  23
45  7
51  6
29  42
46  24
48  42
39  24
48  47
50  40
29  51
29  37
36  16
14  23
11  27
31  29
24  22
34  43
45  44
49  9
25  36
25  42
11  20
24  22
18  12
39  25
18  38
30  25
47  51
15  23
45  11
13  14
45  14
13  39
45  42
44  7
8  48
11  27
29  8
42  24
37  45
14  32
38  37
15  20
6  19
17  8
47  14
32  34
10  42
22  15
31  11
30  7
40  41
11  50
21  48
5  32
15  26
15  19
18  35
17  21
5  26
35  19
5  48
10  42
50  18
18  11
39  38
13  17
33  38
34  13
32  49
15  7
20  40
48  36
30  33
23  41
12  27
43  26
17  12
48  16
31  7
50  34
39  35
5  27
14  47
13  38
40  48
21  48
25  23
43  38
9  19
18  20
49  35
10  49
38  20
39  43
39  29
50  14
39  33
11  44
20  26
8  31
38  5
21  5
46  31
10  45
9  17
31  26
20  48
37  20
15  51
41  49
49  47
17  39
13  8
24  17
29  48
28  42
21  47
24  39
50  41
41  19
43  41
21  28
43  45
25  34
29  37
46  15
41  51
18  30
16  33
42  37
49  20
34  51
36  11
16  12
44  18
48  27
51  8
36  27
19  29
32  8
34  17
15  26
25  30
46  20
19  13
32  15
25  27
23  51
42  21
43  25
16  36
34  19
34  27
9  34
48  24
44  15
5  14
30  50
15  43
21  41
23  45
7  10
6  42
29  22
6  33
39  25
27  18
39  48
42  13
41  40
48  24
36  47
48  20
44  44
47  34
6  49
18  46
7  22
48  22
45  13
30  24
26  47
23  49
41  51
12  33
20  43
37  37
32  47
32  17
35  33
23  9
40  35
47  43
41  26
36  11
30  38
33  37
19  23
14  28
45  14
33  38
34  45
21  43
38  21
40  32
43  43
12  29
35  20
38  37
44  47
50  51
26  33
29  40
9  9
42  29
34  26
39  31
49  31
16  30
31  38
46  10
42  38
35  20
36  40
33  30
35  19
14  14
46  42
49  15
28  24
27  32
31  28
50  7
30  45
10  6
31  23
35  6
36  39
25  31
28  32
34  10
26  8
17  47
15  34
48  5
24  8
47  28
11  19
13  38
15  27
43  20
31  49
34  19
11  39
8  49
22  32
36  20
10  19
27  25
20  23
43  26
14  43
12  48
35  16
39  24
15  46
21  36
7  48
15  51
5  8
37  40
44  27
49  43
38  26
8  7
8  15
15  34
29  9
35  38
36  6
13  40
45  33
6  36
5  16
26  26
45  46
28  7
31  39
45  8
5  27
18  41
38  36
44  40
42  49
15  5
36  38
37  39
49  28
13  7
23  24
8  22
15  40
11  24
40  39
28  10
26  6
50  19
45  44
45  46
26  10
40  30
43  23
44  25
24  22
47  19
43  51
49  35
13  36
7  43
40  48
12  31
45  47
22  16
36  9
38  30
33  14
41  43
50  7
38  22
39  22
15  44
33  36
43  20
24  19
40  18
19  39
42  46
51  39
9  5
10  5
49  18
9  5
33  42
15  26
17  24
18  9
50  27
7  46
7  36
40  23
42  10
12  46
36  10
11  29
28  6
37  43
23  45
34  50
44  7
30  9
13  8
44  8
7  5
8  40
19  8
16  32
51  26
36  50
21  48
15  28
48  9
33  46
8  23
9  28
12  8
38  21
12  9
5  46
14  25
8  16
34  21
42  26
29  25
48  33
47  47
12  26
40  42
38  43
35  26
9  5
50  43
23  10
9  15
19  14
50  29
24  35
40  36
31  11
41  5
11  20
44  25
43  20
19  15
49  45
40  30
32  23
28  19
24  42
7  39
5  15
33  11
35  9
34  36
38  37
37  14
19  38
34  49
34  26
46  29
8  43
13  41
23  20
30  23
11  18
50  20
49  33
14  36
37  46
10  51
22  33
39  21
23  42
28  45
32  33
37  45
24  30
8  44
50  31
6  11
39  12
20  48
46  42
31  29
12  33
15  25
13  15
13  21
17  22
41  34
23  7
39  11
48  42
50  47
24  11
23  8
13  16
18  51
39  27
41  6
15  32
51  32
30  7
27  22
20  47
24  45
10  34
25  24
40  46
17  6
46  28
19  42
11  50
40  10
44  15
43  42
46  47
39  22
36  6
30  9
48  20
49  33
16  45
37  39
42  51
21  11
18  14
45  20
30  27
11  37
5  49
31  43
46  22
41  22
6  44
47  6
24  46
7  28
32  40
16  49
8  47
10  20
24  49
24  28
29  20
16  43
13  23
45  49
6  51
7  39
17  45
23  32
13  14
50  8
47  39
48  51
45  6
21  37
41  27
33  9
36  31
35  7
17  37
39  17
14  46
47  7
23  45
49  33
31  41
32  49
17  35
25  42
25  12
36  14
14  6
25  24
46  32
25  30
20  38
34  38
24  27
9  7
42  50
41  19
42  12
49  7
14  38
19  32
29  33
8  27
15  29
16  5
50  10
40  43
36  25
24  28
31  47
12  18
46  29
9  48
10  29
39  5
30  17
15  34
8  30
25  49
26  10
26  41
32  30
8  42
44  18
39  24
44  5
7  38
5  51
27  11
19  42
30  17
47  17
9  32
9  36
46  18
13  50
11  43
31  24
36  22
12  48
31  31
36  8
15  33
43  32
20  19
25  45
37  47
47  25
15  10
32  48
5  8
49  36
40  17
42  17
40  27
36  7
50  25
17  24
16  18
49  20
38  46
37  5
20  12
21  5
40  39
37  33
38  24
31  42
34  31
48  46
10  43
27  23
17  5
17  14
36  27
46  48
27  22
20  45
41  24
33  41
34  27
50  51
41  5
34  8
12  40
16  36
36  5
14  32
26  35
24  8
21  43
34  42
27  42
36  16
43  48
25  19
47  20
38  16
51  5
43  15
32  36
50  49
25  21
8  6
15  8
30  26
45  16
38  49
46  10
35  43
10  23
31  46
35  11
18  31
16  28
28  35
22  22
8  32
45  17
27  28
21  36
40  14
11  26
41  8
20  34
49  34
13  34
44  19
26  10
22  41
43  34
26  43
27  7
28  19
9  30
44  38
11  16
33  31
17  49
8  47
36  30
9  13
26  44
49  19
30  25
21  19
38  46
26  12
10  32
25  50
44  47
46  11
22  10
20  38
32  5
20  15
19  26
41  10
18  35
6  38
21  7
37  9
12  5
22  16
19  16
27  22
27  18
42  20
23  50
20  46
25  6
17  22
37  23
26  36
33  33
37  34
12  38
33  14
48  8
45  15
51  40
7  45
32  10
42  44
8  10
36  23
29  18
45  5
48  39
32  20
7  43
44  30
21  8
24  39
13  38
10  9
30  9
39  9
24  50
17  40
25  32
19  43
9  8
23  50
43  24
49  9
32  8
46  29
17  51
12  10
15  37
39  38
7  21
45  27
20  34
28  41
25  5
15  13
27  23
31  49
11  21
16  37
51  16
18  15
50  18
30  48
5  9
15  19
37  36
21  48
15  50
14  13
30  41
9  15
37  45
41  15
46  25
24  51
18  34
15  31
9  10
23  15
30  23
20  13
17  46
7  20
47  15
33  29
42  11
12  50
12  29
16  33
49  18
7  8
18  29
39  26
25  49
45  35
15  46
41  5
9  24
9  19
45  18
18  30
13  46
21  38
28  50
40  13
8  36
5  22
39  21
31  30
45  38
22  22
31  51
22  23
22  26
14  13
28  40
23  49
37  7
27  12
25  7
34  12
45  10
38  46
44  46
29  38
44  18
43  20
37  19
40  45
30  42
33  46
40  44
34  15
45  43
25  26
50  24
44  40
40  42
48  51
37  15
39  40
40  44
8  26
29  40
35  44
21  17
37  23
46  16
34  15
17  30
21  36
44  20
20  20
51  25
48  11
27  6
10  9
19  45
11  9
48  35
5  24
15  29
38  25
33  45
25  48
30  20
17  16
35  13
39  21
26  44
7  21
21  6
28  24
21  8
12  47
30  30
48  39
31  8
17  35
14  5
34  37
43  41
20  47
23  14
36  8
31  28
26  51
5  26
37  25
6  23
6  25
50  49
10  38
38  20
51  12
37  26
11  51
33  44
28  7
51  44
38  49
36  44
5  50
18  45
39  36
48  51
23  42
17  20
36  46
10  32
46  32
41  23
15  13
21  18
36  9
7  5
46  43
47  41
39  26
28  19
12  34
17  44
43  45
29  37
43  5
6  13
48  46
19  19
34  14
23  43
30  21
44  6
29  38
11  21
41  25
28  27
24  27
49  45
29  35
39  41
25  47
22  38
33  30
27  12
41  41
37  50
22  46
36  8
43  5
46  20
20  41
27  9
35  37
32  40
22  39
22  7
10  41
25  15
16  49
16  15
46  39
14  19
24  30
12  42
38  47
34  51
46  29
45  50
34  38
50  48
50  25
34  11
28  35
32  27
9  34
20  10
43  30
25  36
27  7
48  10
34  24
34  45
27  21
6  29
50  8
30  30
46  19
10  49
6  25
27  34
5  51
47  15
44  13
15  47
34  11
16  37
28  22
47  24
22  22
42  17
41  11
24  36
10  35
51  27
28  48
29  22
27  19
32  39
47  30
19  36
48  15
10  18
35  36
42  18
44  5
31  50
35  29
24  47
24  7
22  47
18  43
34  22
16  32
32  46
25  5
15  30
49  25
22  6
30  26
13  19
21  11
23  24
16  43
35  44
10  7
38  28
41  10
17  30
21  31
45  23
17  43
48  7
10  22
40  44
16  41
24  16
46  12
47  22
29  5
11  51
43  21
10  9
42  49
12  26
36  6
10  14
8  45
9  29
37  39
8  15
44  36
26  51
41  19
27  39
22  43
25  23
26  43
8  21
32  43
41  35
8  37
39  46
31  21
36  40
5  7
48  22
42  35
13  19
30  8
33  45
21  8
19  43
37  5
27  45
30  16
5  46
43  49
7  13
37  31
39  10
22  10
11  41
37  14
12  24
40  8
5  47
41  42
35  10
7  51
38  8
33  11
40  34
49  10
23  31
33  33
8  45
12  51
8  24
24  10
6  26
37  44
51  50
31  35
44  14
28  18
37  29
23  15
9  16
45  27
8  40
44  18
39  13
28  35
40  14
9  5
42  45
44  8
29  34
26  41
24  37
18  8
30  7
12  47
49  20
42  29
43  35
20  32
13  45
42  8
8  51
5  14
26  45
13  23
27  48
20  22
33  35
6  14
40  45
14  48
34  28
49  25
12  6
6  8
25  7
47  32
5  40
45  7
39  17
18  5
22  31
22  6
34  13
40  36
18  20
33  38
11  51
41  42
42  16
14  37
29  22
17  21
43  12
44  29
39  5
9  41
36  28
26  37
35  27
30  16
51  22
39  25
30  12
5  28
21  29
12  44
16  38
16  21
50  5
42  24
5  28
19  5
49  32
31  35
23  28
42  43
44  39
22  36
42  48
34  29
26  34
29  6
9  14
36  20
13  28
43  14
22  23
7  36
40  9
5  9
15  23
40  30
50  37
47  32
30  7
5  34
39  25
47  22
36  9
46  45
21  23
39  42
31  24
39  18
27  29
45  48
38  27
46  24
27  45
26  46
26  48
10  24
50  44
25  8
31  48
34  40
35  38
43  48
9  38
32  44
50  49
36  9
18  20
18  21
37  14
14  18
10  45
40  26
41  27
12  46
37  11
31  30
6  41
46  8
6  47
30  27
18  17
22  46
26  19
20  44
25  30
10  44
43  44
8  10
26  31
6  27
11  11
33  30
23  21
7  28
9  33
28  10
38  21
33  9
32  18
12  6
29  12
10  7
16  30
11  7
17  7
38  33
50  22
32  31
39  22
16  38
45  19
29  22
7  36
28  28
13  31
25  51
50  22
46  14
14  40
47  39
12  6
45  8
38  26
29  9
46  7
45  7
28  10
6  23
35  49
11  28
21  34
32  46
29  7
12  25
37  36
32  36
20  35
14  40
8  32
44  34
24  7
26  14
8  36
30  19
21  37
38  10
30  48
45  23
12  17
9  44
34  26
10  24
12  12
48  21
5  24
26  38
50  47
5  14
15  25
37  7
28  41
37  18
28  45
47  31
34  48
34  37
46  44
41  31
26  6
35  26
5  9
35  28
21  31
13  7
21  24
25  31
45  15
46  32
25  22
47  50
28  10
46  9
42  44
7  41
15  51
9  41
15  41
21  7
45  39
16  18
20  20
19  35
11  20
8  20
50  17
51  6
12  38
29  42
37  27
13  10
17  24
30  32
7  39
35  49
34  13
15  30
35  11
39  49
32  6
39  33
12  9
10  18
49  51
37  45
44  38
28  44
33  26
47  50
13  32
19  12
33  48
18  6
10  10
18  15
23  7
12  6
35  44
7  34
49  31
27  7
36  39
40  38
25  44
10  18
42  10
50  16
46  17
13  47
39  23
22  10
33  33
41  47
12  23
42  45
42  31
16  25
34  6
13  26
32  33
22  7
18  46
35  30
48  39
49  13
12  26
7  12
33  32
24  23
36  21
8  36
33  28
17  7
37  25
38  32
40  29
28  21
31  46
41  43
41  51
25  35
5  20
25  36
33  22
9  18
19  51
6  19
16  22
33  25
25  5
25  51
5  27
32  40
36  11
15  5
43  44
43  41
42  44
26  31
20  35
46  43
15  14
28  45
10  23
24  36
6  44
43  21
19  25
27  41
23  22
35  23
43  38
49  49
17  17
7  48
34  5
15  45
20  40
22  6
17  31
5  19
47  38
48  11
27  13
23  7
35  48
45  28
6  27
12  20
28  31
7  12
10  27
13  35
5  7
8  37
6  40
49  24
41  33
20  37
22  30
41  14
44  46
33  6
48  11
10  6
31  13
5  49
33  34
26  8
9  6
17  27
18  35
39  51
34  43
9  48
10  24
46  35
44  43
8  12
51  50
40  50
37  37
19  30
7  39
34  31
47  31
49  51
9  50
9  46
34  10
43  46
42  49
9  29
51  20
10  42
13  42
32  9
16  19
16  50
21  38
27  11
48  33
38  12
25  30
39  8
35  35
18  26
31  48
40  50
32  44
31  17
27  25
25  38
23  10
23  7
27  19
17  13
39  27
26  37
51  18
33  21
6  20
49  20
14  6
23  10
16  24
31  31
27  40
7  49
17  5
27  29
20  37
30  29
33  31
17  18
31  34
42  20
8  36
14  41
19  47
31  27
9  39
23  21
44  8
25  17
12  45
35  11
46  29
43  36
7  19
36  37
13  47
9  17
50  9
5  39
29  45
37  15
42  8
15  5
31  35
44  26
39  10
22  10
43  7
39  11
11  40
34  14
37  39
22  40
10  17
19  18
49  32
15  35
17  8
25  31
15  48
15  43
10  46
18  31
32  21
34  27
43  38
43  17
9  6
34  6
15  33
23  40
13  49
9  44
48  21
24  9
12  18
51  36
31  10
17  19
35  7
42  30
27  51
9  27
21  28
51  11
48  8
18  35
38  15
29  21
20  37
8  38
17  8
36  44
33  9
14  34
39  37
7  13
20  8
9  33
40  43
16  10
30  21
23  26
37  11
28  17
12  14
32  40
45  45
31  50
24  18
51  14
28  19
15  17
15  33
18  27
43  13
48  43
18  6
39  15
10  15
48  31
51  24
29  9
5  17
17  36
14  37
29  40
22  9
44  16
21  17
15  47
40  26
11  12
40  9
18  9
5  5
39  49
33  38
36  44
14  22
49  40
12  24
30  18
48  5
51  36
31  5
20  27
7  20
36  20
38  20
22  14
44  10
18  41
29  6
26  50
24  27
19  18
50  48
24  9
45  21
14  15
33  7
14  32
38  37
44  17
13  33
32  14
45  49
14  46
25  9
11  19
7  33
48  40
22  49
12  8
43  42
20  40
46  33
15  10
5  6
14  46
34  21
46  18
46  18
34  8
45  44
37  8
47  34
19  25
8  41
40  23
42  13
9  20
9  26
40  5
33  30
21  45
43  35
15  12
51  11
39  51
24  51
30  47
8  40
20  28
46  35
40  38
43  28
38  11
33  48
41  38
51  18
39  37
10  45
23  37
6  20
40  16
27  13
28  28
34  46
29  7
12  48
6  46
45  14
36  26
47  9
35  11
47  11
28  25
21  7
11  8
37  8
39  8
23  21
42  34
50  33
6  28
30  22
34  49
48  28
27  30
14  48
51  23
48  31
42  5
49  12
46  29
49  7
8  41
17  46
42  30
48  14
32  43
41  24
27  13
18  38
19  24
50  39
12  40
25  24
22  36
13  37
30  45
24  21
47  12
8  7
31  5
45  22
39  26
31  10
27  19
19  48
33  48
7  49
11  25
15  17
10  33
33  37
9  33
36  27
32  41
12  8
17  15
50  8
17  20
45  25
17  47
16  50
49  7
12  25
22  14
41  13
11  6
6  17
42  29
10  27
22  43
39  23
43  45
48  11
38  21
29  31
7  42
35  24
21  42
50  41
28  8
29  21
21  24
47  50
41  50
9  13
40  33
10  27
20  21
26  30
44  11
15  37
34  43
47  20
5  22
8  45
15  49
46  28
37  45
42  43
8  5
34  25
23  16
15  32
43  51
20  21
31  33
9  39
32  18
43  14
21  43
22  50
47  20
31  11
36  13
49  35
38  26
19  18
38  13
28  37
30  28
10  30
44  46
11  32
15  44
10  46
16  48
14  28
26  6
26  51
34  23
19  49
43  16
8  27
21  16
16  46
35  36
20  46
33  21
32  48
46  12
47  26
23  23
37  23
20  43
28  20
30  22
43  45
17  24
16  51
6  6
50  6
27  28
11  31
46  34
30  30
6  49
48  44
9  39
21  29
18  43
42  31
15  25
16  27
12  27
34  13
14  46
44  49
6  31
31  32
17  19
38  51
10  15
41  7
14  50
41  27
9  45
35  16
26  5
16  40
5  11
21  28
33  44
17  27
15  45
45  28
15  17
35  40
15  9
32  15
18  50
18  20
6  33
43  7
16  25
13  11
7  11
14  9
47  23
7  33
49  41
38  46
51  7
16  22
28  47
34  31
9  19
23  45
24  51
20  24
7  17
43  51
6  31
40  8
31  32
9  37
32  42
34  50
43  38
8  5
47  17
19  9
30  37
29  37
36  45
15  48
44  49
5  18
10  48
42  31
27  13
15  14
49  21
9  7
18  28
23  24
32  23
31  25
11  44
9  21
40  45
47  37
6  12
6  8
12  21
37  45
40  43
12  30
7  13
15  47
22  12
40  50
45  36
25  15
7  35
7  46
31  45
24  39
42  44
49  35
8  14
24  38
18  49
49  24
30  24
43  41
5  8
30  20
36  40
42  20
49  31
37  44
49  41
37  28
51  39
8  28
29  27
41  47
31  13
37  25
13  7
28  30
10  30
5  15
15  15
29  25
12  32
33  42
47  22
10  50
49  41
22  19
42  19
35  8
10  11
21  35
9  11
40  38
30  11
15  42
21  51
13  47
48  26
46  23
24  20
18  20
30  14
16  21
39  48
44  21
8  7
24  49
29  16
22  47
41  8
17  13
50  6
48  46
50  15
12  21
42  5
50  10
22  44
9  39
33  11
32  25
47  6
35  47
50  17
50  30
26  9
33  36
29  26
22  33
19  41
22  26
42  17
51  38
39  25
21  36
46  20
22  37
18  23
48  15
38  38
41  44
30  46
9  28
50  25
23  17
35  28
39  20
37  6
21  12
15  41
35  32
40  18
23  28
28  37
28  29
44  31
22  27
23  44
39  22
5  13
16  8
44  39
23  45
11  46
13  10
13  9
46  35
28  34
35  29
47  33
44  19
35  20
14  31
51  24
12  28
33  21
22  10
35  38
18  35
22  32
47  45
9  13
49  6
15  31
23  24
41  37
8  41
41  31
7  51
40  50
29  22
30  21
26  42
23  47
27  24
48  10
33  43
25  27
37  38
40  6
26  8
21  42
33  10
48  41
46  27
28  9
40  45
15  13
35  18
38  15
49  13
40  26
37  48
19  28
38  39
51  51
49  9
37  5
45  31
8  26
22  28
21  45
39  8
22  27
25  34
38  37
30  43
48  23
10  51
20  27
40  46
36  40
30  46
33  9
21  21
19  29
25  23
25  19
44  31
43  30
22  42
16  9
33  6
49  21
13  27
41  32
23  10
20  37
39  29
14  13
50  27
13  49
49  51
20  32
36  41
25  38
8  36
30  10
46  42
27  7
44  19
48  41
35  36
35  40
23  16
19  45
19  48
49  49
44  30
6  13
49  25
9  30
8  36
32  20
13  30
33  25
9  21
20  19
29  11
34  41
37  40
23  17
44  24
43  29
5  49
27  49
29  32
20  24
27  16
12  17
29  40
39  9
35  11
49  39
10  48
41  41
19  37
35  40
19  31
11  45
27  21
9  28
8  49
47  47
43  15
10  34
36  47
