15  19
15  7
20  23
8  41
46  19
17  26
47  19
8  39
12  16
45  42
25  14
36  21
30  41
34  39
32  23
21  42
5  40
7  13
19  36
49  9
49  12
7  16
6  51
46  6
11  15
23  40
44  35
30  48
35  46
39  18
49  12
41  45
30  22
49  18
45  25
40  39
42  17
5  35
42  45
11  50
13  45
18  29
22  15
35  7
5  10
23  45
45  39
21  42
27  16
49  28
27  19
20  19
30  26
32  38
49  23
18  33
43  8
20  7
31  44
35  31
44  21
42  51
12  24
31  9
33  25
28  51
21  49
37  26
36  34
6  6
20  10
22  28
27  39
37  5
34  23
17  13
27  5
29  44
14  18
35  42
50  47
12  16
14  36
27  9
49  47
31  35
33  10
44  16
13  30
29  43
45  22
22  16
13  17
19  10
41  23
36  19
23  35
8  17
10  50
25  24
25  26
42  45
41  33
32  46
10  35
33  38
48  19
36  28
35  22
31  41
50  13
38  33
45  34
39  41
38  21
25  19
8  10
51  21
6  34
51  30
17  20
14  44
44  31
16  31
8  13
16  5
26  22
10  12
10  18
5  8
41  16
30  47
46  18
35  37
31  44
28  32
34  25
14  33
47  44
40  39
46  48
40  48
27  20
11  28
39  50
40  45
35  51
9  30
46  10
33  26
16  32
43  28
20  19
36  23
7  48
26  10
29  26
39  22
22  12
13  49
36  15
49  16
27  5
41  14
29  44
23  18
27  34
28  14
6  6
40  38
9  49
20  26
41  16
40  43
49  6
18  34
8  8
49  44
36  15
34  23
30  27
18  8
7  47
20  38
16  24
19  7
6  22
43  26
9  50
26  36
42  21
13  29
27  26
9  24
15  11
25  42
38  23
40  18
7  40
7  17
28  12
33  29
41  40
14  38
8  21
28  45
9  24
49  37
11  30
33  12
50  10
46  7
16  23
49  21
39  42
23  13
14  46
42  42
19  34
15  28
32  43
7  5
48  36
17  38
39  50
28  14
26  14
46  23
16  43
12  28
48  43
28  13
14  43
38  37
49  19
27  13
26  7
10  14
38  7
33  29
15  6
37  24
26  6
31  19
23  21
25  50
31  44
44  22
10  28
11  41
20  44
14  40
27  51
27  7
13  18
24  19
40  33
21  27
7  34
44  42
22  37
49  8
22  28
29  35
27  20
36  13
34  17
31  12
14  47
10  42
37  21
37  34
15  44
42  14
43  21
18  15
44  44
24  29
50  29
32  35
17  28
41  35
23  20
26  11
35  15
6  50
31  44
16  10
46  10
35  45
16  15
43  14
11  23
48  13
27  24
5  14
50  32
45  42
45  10
22  7
36  42
15  32
9  49
14  48
21  47
39  50
39  15
36  12
46  33
18  19
49  22
27  38
50  49
36  51
27  38
5  5
48  25
23  16
34  42
27  47
31  27
8  7
11  44
14  7
22  44
25  17
28  43
33  50
21  40
12  45
27  39
47  25
39  30
24  34
16  39
5  47
16  39
51  51
43  5
8  38
20  29
41  15
30  43
23  5
29  8
50  39
12  23
17  20
32  50
38  37
40  8
43  31
14  38
33  26
35  19
51  23
29  11
5  16
16  31
14  35
11  44
36  36
15  43
48  9
13  38
7  38
48  23
7  48
35  15
24  15
26  25
29  12
44  11
30  8
32  11
40  5
10  41
38  27
35  28
32  51
47  40
44  34
12  32
13  42
32  30
6  22
12  11
15  8
12  29
39  21
18  29
14  14
51  33
37  29
51  6
28  22
20  24
36  48
27  38
24  11
22  37
42  42
13  17
8  25
7  46
39  35
45  24
15  23
42  24
35  35
20  32
49  10
37  35
31  23
12  7
15  31
10  20
49  8
11  9
19  33
14  12
10  8
27  16
40  40
13  50
51  41
6  22
35  13
50  29
24  16
30  7
47  49
5  11
20  41
50  28
27  21
36  51
15  48
45  17
48  51
45  5
42  27
42  20
25  21
36  17
16  44
20  30
25  44
36  19
30  39
7  18
51  44
44  10
45  23
35  42
8  42
41  17
31  18
14  23
45  33
20  40
17  17
16  45
16  22
24  29
20  13
40  44
46  51
24  10
48  8
40  17
13  27
49  15
32  46
40  37
46  50
20  40
46  39
24  25
33  20
44  14
37  47
8  23
14  46
6  8
49  43
33  6
37  45
13  29
41  19
9  50
46  40
50  21
23  45
15  7
44  15
11  37
37  43
21  27
47  22
