27  24
9  46
45  40
21  44
19  37
8  48
49  11
23  8
43  10
5  28
11  16
49  49
41  35
6  6
43  23
5  47
21  43
7  38
14  43
19  49
49  10
15  8
42  41
8  21
45  45
21  16
22  7
15  29
50  7
43  31
51  7
42  38
19  11
30  30
49  29
38  8
26  26
31  37
32  8
36  8
7  16
36  31
51  48
39  49
43  49
47  29
9  49
35  31
20  17
5  15
44  49
11  48
5  35
23  16
30  13
19  37
42  19
48  11
10  28
18  38
43  36
36  47
6  33
45  39
6  40
49  10
48  37
14  14
26  50
21  24
51  33
28  29
45  9
38  27
14  24
5  44
24  28
10  20
49  41
47  38
50  18
5  20
16  14
39  43
42  37
34  37
28  38
9  19
51  18
50  41
16  26
33  49
50  36
21  23
42  42
45  15
44  46
30  28
31  14
39  17
32  26
23  9
36  51
34  51
37  36
38  16
6  51
23  41
33  31
40  44
6  31
35  11
33  28
51  40
11  14
46  40
23  25
6  29
21  22
51  7
15  18
45  42
5  32
17  23
6  30
43  16
33  25
30  36
32  12
31  46
6  41
49  8
5  46
39  20
17  41
44  40
39  34
34  34
43  34
45  27
11  13
24  26
14  25
37  5
45  27
22  15
21  29
9  51
12  48
14  27
40  31
9  16
17  51
41  44
17  29
39  29
13  45
23  29
33  12
37  21
34  24
27  43
51  43
35  9
9  20
27  29
39  40
15  11
24  35
35  19
31  43
35  10
32  11
39  45
48  32
11  40
40  34
45  50
19  24
10  46
16  7
40  19
19  45
46  27
16  31
6  34
11  26
20  38
40  26
12  50
18  12
48  18
11  13
25  47
46  38
9  36
44  32
28  30
42  29
30  8
24  21
44  10
49  43
43  7
41  16
36  47
18  17
17  7
11  20
17  48
23  40
19  36
45  25
32  13
12  21
41  48
32  12
12  17
19  39
46  20
18  22
26  47
10  45
18  31
18  10
51  12
45  27
14  26
13  28
5  15
47  5
5  9
34  22
35  27
36  47
28  30
15  18
13  11
16  39
10  45
19  6
7  28
32  44
18  38
11  50
7  14
6  21
19  46
16  51
6  27
41  42
13  15
41  27
5  20
46  50
18  36
33  34
50  33
48  33
36  37
50  16
39  23
40  20
45  11
49  31
16  37
45  18
27  37
21  28
28  41
37  21
47  38
23  26
33  37
29  15
21  12
7  30
9  13
51  34
43  24
38  36
35  47
6  32
10  15
45  48
49  33
27  19
24  36
37  26
8  39
32  14
23  30
32  49
21  17
50  37
31  45
28  23
33  16
18  19
50  38
8  22
22  11
18  6
47  6
29  31
9  17
32  26
29  13
43  20
22  39
48  38
23  10
31  49
33  15
44  51
32  18
17  35
19  15
15  51
32  14
32  36
45  13
7  42
11  40
36  11
14  16
11  37
35  45
41  38
17  25
5  37
8  5
24  33
46  5
38  34
46  42
36  45
49  18
32  23
7  33
40  35
49  35
30  7
48  6
32  5
11  29
28  35
20  17
34  7
24  10
48  35
31  8
42  14
49  19
37  40
50  10
26  39
37  39
46  6
39  45
12  45
28  24
43  51
25  18
27  11
12  27
40  35
22  5
46  49
15  19
14  25
11  34
45  8
45  39
39  42
9  20
43  30
37  44
23  43
22  48
32  11
33  34
44  13
38  5
8  22
41  35
43  9
50  11
11  31
51  23
6  43
10  31
46  24
24  10
7  15
48  22
29  31
18  36
36  29
19  11
22  7
12  46
37  34
43  14
40  29
14  46
38  35
37  50
33  5
7  39
7  12
41  18
51  8
37  39
38  26
32  7
7  33
50  51
48  49
35  43
38  49
16  40
9  28
49  25
38  24
23  18
12  37
47  50
24  25
11  7
51  22
16  33
15  28
51  34
11  25
13  51
21  44
46  27
8  28
27  31
36  18
37  12
15  49
13  48
35  51
11  7
31  33
39  39
44  44
35  44
8  19
48  43
28  36
10  47
22  49
30  35
13  42
44  14
8  46
17  9
12  44
41  49
33  6
19  51
42  16
39  19
50  13
46  26
46  49
32  20
48  33
46  6
51  41
40  30
26  9
31  49
28  6
15  47
12  7
49  11
23  5
9  43
38  6
10  33
30  7
35  39
49  8
12  28
12  25
49  18
37  38
16  7
25  41
45  29
13  12
35  51
41  46
40  16
44  5
32  25
32  23
46  30
5  33
35  16
14  21
11  17
34  10
40  26
51  22
41  7
26  9
9  7
13  45
21  13
31  28
37  48
40  22
29  43
13  21
8  43
13  48
35  51
41  36
36  49
30  46
26  13
36  10
10  12
13  45
47  44
31  13
50  10
17  15
22  23
21  25
37  45
44  38
17  10
21  10
50  37
29  12
22  16
17  30
41  13
33  29
31  5
46  30
28  44
6  6
51  44
12  31
16  33
42  48
26  26
37  17
24  29
9  31
28  25
50  10
46  8
49  50
45  23
26  14
11  17
51  8
13  11
32  40
38  30
26  33
21  7
29  10
5  8
43  49
23  6
48  6
45  20
39  16
22  29
31  40
22  30
45  40
15  23
19  48
47  39
41  50
10  10
41  14
24  40
33  13
6  37
50  42
30  27
13  39
15  10
38  13
47  46
36  38
21  7
13  28
27  16
35  32
37  40
18  38
46  20
39  32
7  23
10  25
42  51
48  44
19  36
38  28
31  24
21  32
31  44
11  47
28  33
34  24
38  8
16  32
35  15
13  8
33  34
11  6
47  34
21  47
35  51
48  9
15  16
28  28
5  51
41  22
13  38
20  25
48  41
23  36
26  13
7  22
44  16
38  24
24  40
25  36
14  43
40  29
12  14
7  19
36  15
34  22
17  16
18  42
10  46
32  21
40  40
33  40
6  25
31  5
30  42
49  48
9  12
46  48
34  47
12  10
16  28
13  21
12  5
46  51
24  24
41  33
37  23
16  17
15  31
19  14
50  7
46  12
6  6
31  38
21  7
17  38
50  20
50  47
27  23
31  18
10  21
28  33
45  36
7  29
40  49
41  27
38  29
39  14
48  31
31  28
44  49
40  48
40  34
15  21
5  51
36  48
50  40
40  45
30  50
39  23
9  50
5  51
36  23
14  34
26  34
6  48
44  31
5  11
47  27
8  45
14  32
22  12
47  13
32  30
48  37
33  8
32  9
14  10
21  25
12  13
14  28
47  43
19  25
51  5
37  47
28  13
46  38
51  8
22  10
35  35
10  20
15  13
38  31
18  17
11  33
43  29
8  39
31  27
26  21
46  21
36  9
22  29
48  11
14  40
6  19
34  50
9  13
50  30
42  28
45  24
41  41
33  43
23  47
13  32
6  18
17  14
23  5
23  7
48  31
41  17
25  16
40  34
36  19
12  9
26  20
49  35
22  50
15  37
14  42
42  32
13  23
17  45
23  35
14  39
8  8
31  45
18  23
30  20
51  5
22  32
23  47
12  6
30  30
25  44
18  11
42  22
12  34
41  21
14  49
18  14
46  37
37  31
44  25
14  49
39  32
43  11
15  41
16  12
25  21
49  14
46  8
26  26
21  38
9  27
44  34
48  29
32  24
37  23
46  16
48  39
50  19
44  32
50  33
28  21
23  9
33  48
43  30
43  9
25  5
34  27
31  16
12  47
35  19
36  43
48  24
9  43
43  42
21  40
22  34
47  50
10  7
26  23
14  20
6  10
44  24
16  24
34  5
44  24
12  26
46  9
23  39
50  34
13  45
32  34
43  31
13  27
49  50
7  30
23  33
9  37
32  26
47  47
15  11
22  40
14  30
8  23
40  47
8  37
15  20
31  15
50  14
35  24
19  15
50  41
46  9
20  11
22  24
29  23
49  12
11  14
38  15
43  28
23  39
22  44
46  48
7  11
30  48
10  28
28  16
5  47
37  29
10  29
37  11
12  6
19  34
15  28
26  18
22  51
43  43
22  46
42  15
43  24
13  41
5  10
47  42
9  30
43  22
11  31
6  14
17  5
42  15
26  28
28  40
13  50
8  28
46  7
49  33
44  26
29  19
51  17
28  8
23  8
12  23
18  37
24  46
5  5
45  18
16  23
51  32
49  13
29  31
9  49
50  14
26  43
13  32
16  36
29  25
21  28
38  8
47  27
41  23
22  18
48  26
12  5
10  33
36  24
13  19
50  12
12  27
10  9
38  10
22  29
44  36
22  33
43  26
9  20
7  7
8  30
44  40
29  11
22  13
29  38
16  40
6  17
37  7
7  42
44  12
50  41
25  45
23  28
19  47
44  7
38  50
18  22
23  11
29  10
23  51
49  40
49  48
34  49
50  25
42  32
48  15
34  9
15  21
42  34
23  26
39  38
11  31
51  14
14  48
31  36
16  43
20  17
22  30
40  31
37  28
29  48
23  20
27  20
16  17
5  16
16  11
14  32
11  20
12  40
24  31
46  5
9  14
42  22
15  12
18  9
21  7
28  16
23  7
18  30
48  43
45  17
29  31
43  21
43  16
32  24
20  25
22  48
49  20
37  8
9  40
42  28
13  11
48  50
5  28
11  48
34  32
14  9
14  30
27  23
21  46
44  24
37  26
16  13
45  32
15  12
34  32
46  42
42  20
5  16
8  8
43  17
37  21
46  20
32  42
25  45
44  40
30  19
10  13
51  14
22  11
14  33
28  19
10  43
34  33
35  8
51  8
22  27
18  25
36  16
42  44
39  39
33  26
46  51
5  8
33  39
42  20
7  6
40  27
26  12
28  36
5  46
29  38
30  41
41  35
6  8
5  13
29  27
16  14
10  17
10  11
40  25
26  18
28  7
24  18
32  31
7  14
9  28
34  27
49  27
20  34
31  27
8  47
29  11
50  32
6  12
51  42
15  16
14  35
8  46
8  16
50  31
38  19
50  24
39  6
51  37
45  32
11  40
17  31
30  11
30  30
37  10
25  27
45  39
39  14
5  26
17  17
46  21
22  13
11  32
26  23
27  16
21  15
17  33
5  19
25  15
31  8
50  27
12  27
8  16
31  32
17  42
41  13
29  30
11  21
13  20
37  27
12  40
46  46
5  22
32  19
43  30
38  37
12  29
35  23
34  46
47  9
35  12
9  14
12  10
15  29
15  33
18  11
36  27
46  24
37  6
36  9
18  43
51  32
13  36
29  35
20  38
27  30
42  18
30  12
51  32
6  11
20  42
36  6
46  21
21  6
15  31
51  14
38  5
27  32
10  7
6  36
39  23
17  11
29  15
45  13
38  6
47  32
26  39
43  6
42  15
45  25
13  28
15  17
30  36
16  44
38  13
47  22
46  5
13  35
31  22
49  39
19  38
27  48
13  12
30  44
20  16
38  16
39  40
39  49
20  37
23  25
14  43
39  34
30  15
37  45
18  41
20  30
12  35
45  8
43  6
37  40
22  47
21  38
11  18
38  19
23  30
23  28
45  31
28  48
37  9
30  37
23  19
44  27
19  5
47  36
10  37
48  27
49  25
31  26
29  51
9  48
50  35
14  51
11  48
30  17
51  28
28  21
29  36
15  49
31  24
51  18
49  16
12  49
34  33
6  17
46  20
28  39
31  18
29  24
23  29
24  35
31  26
14  32
17  18
23  19
6  14
49  22
22  29
41  44
44  46
16  24
41  14
47  34
51  42
18  6
35  5
46  33
8  29
32  20
11  14
5  20
47  14
27  51
48  31
44  33
37  28
34  37
49  36
49  20
33  18
8  42
40  28
47  5
23  27
41  29
26  17
45  51
37  25
51  16
51  13
43  47
20  37
45  18
31  18
34  29
7  51
38  35
18  37
40  43
40  36
46  13
47  23
21  38
13  50
12  44
27  47
10  42
47  18
7  12
42  36
8  35
20  31
34  51
15  24
45  50
31  5
13  42
46  14
27  6
30  20
19  30
39  16
41  35
15  51
10  44
17  9
38  36
33  41
41  14
22  38
34  38
31  15
14  28
16  47
26  13
34  47
21  19
34  25
7  49
25  40
16  22
30  32
27  40
34  14
44  10
45  6
13  27
30  22
24  6
43  27
34  12
24  19
49  47
9  27
37  29
10  36
49  8
44  50
33  17
24  7
11  18
31  40
50  16
38  43
23  25
17  38
20  12
32  24
25  17
16  46
13  20
31  7
35  22
7  19
5  42
51  16
6  36
38  14
39  49
43  36
20  17
47  27
46  41
36  42
15  46
6  9
44  35
6  39
15  51
7  39
9  7
36  26
9  11
34  46
47  11
40  35
10  43
29  8
43  33
18  19
15  21
45  7
26  11
15  25
25  17
25  43
37  20
33  31
39  43
35  10
27  17
28  33
14  6
51  38
12  12
25  34
42  37
45  32
36  41
47  47
22  32
33  14
35  20
40  30
10  22
27  14
10  20
46  25
31  48
33  46
50  25
51  9
49  51
32  30
41  15
35  36
35  22
31  48
24  12
51  29
20  15
50  40
16  17
22  18
19  51
39  51
13  44
19  44
49  38
22  7
33  25
7  21
39  33
17  28
27  24
49  6
36  22
41  22
25  9
10  29
33  45
35  31
34  22
50  43
43  31
11  8
16  13
11  29
51  5
6  48
22  45
38  22
5  36
51  41
40  35
8  17
36  29
35  35
10  25
24  34
14  9
47  20
24  25
15  16
30  19
13  50
19  47
12  29
10  21
30  35
8  37
15  16
47  48
39  44
21  5
6  7
9  19
25  42
44  32
27  44
34  27
27  16
30  33
30  38
46  10
44  32
33  40
47  36
10  27
8  15
42  9
43  46
50  42
6  47
26  43
22  5
28  38
6  27
25  30
37  38
37  35
13  47
20  16
34  8
27  12
26  19
14  26
21  16
43  29
39  32
23  19
22  47
45  30
30  14
22  43
5  29
9  38
38  44
21  14
8  33
7  15
29  33
10  31
31  19
14  39
15  21
46  38
6  36
18  16
27  11
40  33
8  28
15  40
30  35
51  12
48  11
24  10
12  33
31  38
10  6
41  27
38  34
38  46
11  28
19  34
34  24
31  40
38  27
24  12
13  12
7  49
13  38
15  7
14  15
25  7
11  44
51  12
41  32
14  42
48  7
45  8
41  45
10  27
31  20
28  22
23  42
34  47
10  46
5  28
49  49
11  30
43  44
27  34
38  19
22  24
10  31
11  11
46  27
32  31
36  17
46  10
18  9
14  44
16  46
13  29
35  5
35  47
33  5
13  46
18  12
23  47
8  32
27  33
27  12
17  6
15  9
10  29
13  43
41  22
6  16
38  5
26  43
22  41
23  43
29  6
7  49
13  28
13  8
34  30
11  42
22  38
33  23
36  29
12  33
29  13
12  49
46  18
31  35
39  47
30  36
25  31
13  14
42  30
30  41
9  17
48  49
9  23
15  10
21  39
8  38
33  20
38  51
44  14
47  48
40  44
40  45
38  46
23  42
5  49
32  38
36  24
46  50
41  11
34  24
8  12
11  25
47  45
10  6
15  46
27  41
25  40
19  24
38  48
33  40
47  16
34  41
45  8
34  41
46  31
46  15
30  33
20  49
46  8
5  36
18  17
7  49
29  38
50  25
33  10
26  39
15  8
45  11
30  24
37  24
21  25
25  14
40  20
46  51
20  6
27  47
23  21
47  40
14  44
14  41
12  30
7  15
25  41
15  29
36  21
26  43
11  43
8  13
37  22
8  48
33  48
47  26
22  39
9  36
11  11
28  9
24  9
23  37
49  20
27  18
34  43
15  31
28  7
40  12
27  10
41  24
21  25
27  22
19  8
37  48
41  42
9  43
31  32
39  11
23  23
30  19
25  34
21  43
46  11
17  8
47  34
32  14
7  24
8  35
13  29
34  32
40  31
40  46
21  49
20  22
17  9
36  32
33  10
8  39
51  12
19  33
23  33
30  24
24  39
8  6
18  18
38  30
25  46
17  45
20  6
10  9
23  19
34  27
23  25
32  50
35  43
24  14
46  51
18  48
21  19
30  9
34  23
19  48
28  47
48  9
33  31
13  24
49  43
44  25
13  38
14  6
24  17
31  16
40  45
6  22
26  45
20  41
8  24
17  18
20  31
14  20
43  19
51  46
5  50
43  7
30  16
11  48
9  10
43  49
41  9
26  20
23  32
21  9
42  50
19  25
37  27
45  40
33  29
43  48
17  30
44  8
36  48
37  35
49  8
39  14
12  44
11  21
19  37
21  46
37  19
28  29
31  8
25  42
24  10
26  43
8  48
16  41
15  48
41  39
47  51
10  42
22  5
15  32
21  42
34  11
25  41
23  19
8  29
21  25
47  21
14  48
5  45
46  23
23  30
16  13
50  25
45  44
47  21
26  49
7  23
14  50
9  50
44  33
29  48
23  20
23  43
6  19
37  13
41  17
45  6
48  27
6  7
9  31
46  41
35  22
10  48
19  25
44  34
35  48
20  11
46  38
51  7
7  29
14  23
28  41
22  45
42  24
45  30
7  26
50  28
11  19
14  22
40  31
35  37
41  33
16  45
9  21
35  41
6  30
23  14
17  44
29  36
7  24
20  24
46  33
13  37
38  23
7  6
34  31
42  10
16  48
5  13
29  12
41  24
21  31
19  50
9  26
19  11
19  5
29  49
37  31
7  25
31  25
21  28
11  16
12  41
28  43
36  7
49  12
24  50
8  31
22  11
37  39
5  19
44  9
26  19
40  44
29  7
29  12
32  16
49  48
9  49
18  34
10  37
30  23
30  18
25  32
50  19
7  7
47  14
30  9
32  17
33  29
9  20
45  33
48  43
39  7
32  47
12  33
40  41
20  24
13  33
16  34
33  40
49  7
5  12
12  12
27  17
15  44
13  17
48  38
5  28
13  36
29  28
45  27
39  22
26  17
51  51
7  44
20  27
10  27
18  12
18  46
34  25
20  26
47  13
9  31
26  17
27  10
6  47
6  18
30  6
39  46
31  31
38  22
42  27
12  13
43  24
10  41
32  49
48  14
27  20
30  7
11  23
40  26
44  12
34  22
14  31
43  37
7  13
41  7
5  36
12  51
17  33
19  26
10  40
14  29
43  36
36  21
35  11
20  35
23  36
36  48
39  40
27  26
33  50
27  48
46  33
44  13
38  23
7  26
27  18
11  5
14  39
50  24
32  5
10  35
31  37
7  6
48  9
12  13
51  8
24  22
41  18
48  9
8  12
35  40
25  44
27  28
47  21
9  45
5  39
16  20
5  25
22  14
31  24
40  35
38  43
34  31
39  51
6  31
25  29
23  26
7  25
9  28
35  37
19  45
20  16
48  16
39  49
34  7
25  43
27  49
24  18
34  8
11  51
8  9
38  38
33  49
50  44
44  11
17  12
50  46
45  33
11  50
24  13
22  34
26  49
5  49
47  24
24  15
35  40
43  29
19  43
7  10
46  21
20  38
45  24
50  19
51  43
28  18
49  10
24  29
24  29
9  44
18  50
38  19
26  48
7  8
28  32
20  42
19  5
44  28
21  44
48  12
40  22
14  16
47  22
5  5
30  38
42  6
21  10
38  49
37  14
28  37
27  38
36  5
44  24
39  36
7  17
33  15
51  25
13  42
34  28
40  48
28  35
25  17
17  21
28  27
12  43
12  22
10  5
11  24
10  39
18  24
33  41
16  22
45  41
47  51
16  40
46  42
43  37
18  32
21  17
18  25
33  51
28  27
6  42
19  28
23  6
41  18
27  41
48  46
16  47
5  10
23  17
25  25
7  44
49  40
42  50
37  6
35  42
19  25
10  46
45  46
49  22
14  5
50  20
51  9
30  20
20  24
14  45
23  21
44  22
16  32
9  16
38  27
28  47
37  33
40  44
43  46
48  14
50  14
35  6
17  14
44  37
30  22
40  9
11  28
22  26
32  12
19  33
39  11
15  23
10  30
51  18
44  19
29  38
51  41
9  50
29  20
31  6
49  8
16  32
33  21
6  14
41  37
29  24
39  31
49  24
49  21
19  17
43  18
34  15
35  25
32  41
49  47
34  35
42  41
19  23
23  48
13  13
18  15
45  28
47  30
42  32
31  8
38  47
13  10
27  22
31  46
50  15
43  13
26  21
6  14
25  16
10  23
6  41
