50  6
46  29
31  48
37  41
12  27
28  21
48  35
39  50
10  15
45  19
18  44
43  38
17  12
13  47
15  17
36  9
50  35
20  48
32  29
46  34
17  42
33  17
14  36
13  6
9  36
13  28
15  42
51  19
10  27
26  48
37  36
36  22
5  37
40  12
18  17
15  28
49  19
18  23
22  10
7  23
16  15
29  18
38  15
37  32
47  7
36  28
17  34
13  28
27  49
43  45
12  46
30  12
33  29
19  47
13  36
33  24
41  30
31  22
17  31
48  23
13  9
33  47
24  32
5  9
15  28
24  22
24  27
41  6
12  48
18  41
45  24
14  22
46  20
30  34
8  45
29  45
29  30
29  36
16  45
34  6
35  33
33  26
34  7
49  36
30  27
50  14
13  50
29  39
48  37
37  38
38  21
24  51
33  30
39  44
51  14
27  30
38  35
31  12
37  41
35  23
9  34
15  29
50  45
30  35
40  33
7  9
20  36
41  42
29  51
38  20
9  7
48  25
33  17
47  9
19  36
45  22
49  49
16  6
9  49
5  16
10  23
45  23
7  16
35  39
44  35
36  32
39  35
36  20
33  10
45  21
32  8
38  13
41  7
8  25
13  30
27  16
27  12
19  27
17  33
46  26
12  24
32  48
41  8
16  26
10  28
21  11
8  31
44  37
20  30
43  26
21  27
49  27
6  47
48  41
6  24
42  24
39  50
15  22
10  47
12  34
43  22
22  33
24  15
19  7
40  29
33  40
41  47
20  17
12  33
41  36
32  13
15  43
35  39
11  37
39  32
6  45
48  11
10  19
17  50
40  42
34  22
46  33
5  32
38  44
18  7
20  36
39  12
20  41
49  42
14  11
13  47
27  45
9  37
9  42
48  48
50  12
24  28
49  15
26  17
31  12
47  15
41  37
40  25
25  12
32  5
18  11
14  25
33  49
22  9
12  41
11  25
42  11
10  29
28  21
26  12
48  35
39  19
49  17
50  50
43  19
27  23
45  48
8  19
39  23
50  34
14  33
47  44
33  32
39  36
12  36
16  11
8  42
20  34
13  39
37  48
16  10
18  15
26  48
26  26
23  15
41  12
33  48
22  15
26  48
48  46
49  14
46  40
29  8
20  51
26  33
5  49
21  6
41  24
43  32
20  46
6  32
48  11
25  9
43  22
31  21
7  25
51  49
46  9
24  28
11  17
7  41
33  42
43  36
41  33
6  5
24  24
10  50
43  35
23  48
26  51
48  15
48  20
11  14
15  33
36  49
32  27
19  32
38  31
37  35
10  42
17  21
10  48
38  6
45  44
37  28
12  19
32  11
5  30
34  14
21  13
46  24
6  13
38  49
31  50
47  47
25  42
20  16
31  45
27  6
38  9
34  7
16  12
21  5
19  18
44  35
12  31
21  12
41  36
23  31
36  10
41  19
35  11
29  40
46  16
47  9
27  25
44  31
21  5
19  8
31  18
48  29
51  45
10  29
14  30
20  19
40  39
21  21
33  47
7  31
42  14
35  39
41  22
30  46
34  8
36  5
15  44
37  45
24  10
31  9
9  48
6  30
50  42
23  45
23  19
15  33
41  21
14  5
17  5
31  6
26  47
21  9
38  42
50  49
18  51
19  24
32  24
31  35
16  15
31  25
21  5
43  28
33  34
16  24
17  7
42  18
8  5
25  13
38  35
32  49
40  6
32  8
38  32
49  10
22  19
34  9
42  36
12  39
44  24
36  12
48  42
18  31
32  17
37  37
45  47
11  22
20  48
7  22
41  6
22  34
15  33
43  20
35  43
28  47
8  34
9  41
17  13
50  37
29  17
46  23
35  10
34  18
15  20
34  26
34  34
24  25
20  28
39  9
18  49
6  49
40  34
38  9
15  16
34  12
35  10
5  15
11  48
48  28
38  43
34  33
35  49
45  39
15  40
30  39
14  17
27  5
40  50
5  44
23  51
48  26
48  29
8  34
21  17
31  46
27  38
20  6
14  19
7  22
15  21
34  13
39  51
7  50
17  49
9  51
47  49
42  36
6  21
26  28
15  22
28  39
24  28
7  19
35  16
49  16
22  41
33  20
45  5
35  46
13  17
6  27
32  44
30  31
27  44
49  24
12  23
44  43
15  20
37  46
19  13
42  12
42  16
33  20
37  26
46  19
16  20
47  43
29  51
40  25
21  6
15  36
35  10
15  32
43  16
36  47
5  43
47  48
13  31
40  39
12  14
35  35
38  39
8  15
11  25
46  10
6  29
34  24
22  7
35  8
33  30
25  32
40  17
37  10
41  46
36  28
41  12
20  22
40  30
33  7
42  5
28  46
8  27
29  16
6  22
33  50
15  50
46  36
37  16
21  37
24  43
37  13
44  20
5  41
10  46
5  7
14  49
13  20
41  45
24  22
15  27
34  28
28  35
10  17
49  37
19  47
26  30
27  28
41  14
13  10
26  8
37  10
25  10
17  7
38  45
51  8
49  41
7  46
37  45
22  12
26  41
25  42
13  19
26  6
36  20
25  32
22  43
27  13
17  25
43  51
6  7
42  13
28  50
25  44
26  25
12  22
29  17
20  17
48  36
50  38
46  10
44  39
6  24
40  35
30  7
12  43
50  23
13  8
11  12
49  7
20  21
32  42
26  25
30  42
20  7
6  44
29  37
37  46
20  36
31  32
25  11
24  15
26  45
28  6
19  11
34  48
43  49
21  20
11  28
33  40
10  43
30  34
23  22
12  6
26  37
30  41
45  51
23  43
7  33
48  15
12  12
38  11
20  41
24  21
12  21
42  44
37  40
10  5
36  28
44  43
45  12
16  25
50  49
38  36
38  29
34  34
13  15
28  5
20  51
14  48
13  49
23  21
5  41
28  9
32  5
51  43
29  16
47  22
18  18
41  14
25  27
32  39
45  15
30  51
42  42
12  22
51  14
9  47
26  42
26  36
17  5
20  40
39  19
23  29
10  44
14  25
34  43
45  6
21  26
36  18
9  28
26  6
45  9
15  18
24  30
50  6
12  11
30  28
20  17
23  49
31  45
42  23
17  6
14  8
35  35
51  34
19  43
13  44
39  41
51  51
44  29
10  23
21  20
38  5
31  6
12  41
37  48
11  12
44  28
13  20
44  31
8  22
19  19
27  26
46  50
46  16
38  31
48  41
31  29
46  13
32  37
8  39
49  19
10  44
8  41
29  30
50  13
8  46
22  11
44  40
21  6
31  29
44  35
19  31
33  42
36  18
33  29
42  5
44  45
12  22
34  21
38  32
8  33
26  31
5  21
22  5
36  38
5  42
10  7
23  33
15  19
15  24
17  25
24  40
32  44
44  10
25  22
44  18
12  51
20  31
33  15
49  35
31  22
19  16
32  41
34  10
6  49
16  14
36  10
39  22
13  21
47  25
34  34
15  26
51  21
27  12
21  10
30  5
51  20
38  27
43  34
39  34
13  9
8  16
46  9
48  47
18  36
16  49
46  45
18  26
48  8
12  33
24  23
28  42
11  49
12  23
20  9
19  31
9  40
11  7
5  21
26  35
49  40
46  24
31  32
16  44
12  27
31  22
41  30
16  16
51  48
33  9
22  26
20  30
28  46
13  20
34  51
48  37
42  41
38  46
45  47
9  41
19  43
34  36
34  42
16  16
49  51
32  16
31  40
44  16
39  43
48  15
46  29
48  45
14  8
23  48
29  26
38  26
40  38
12  23
51  20
12  32
21  42
46  32
44  28
43  26
51  36
20  43
13  35
25  9
6  36
51  16
45  43
22  49
32  46
10  17
28  45
28  5
24  35
12  33
8  46
44  7
48  46
50  12
38  33
40  33
15  14
13  18
31  51
27  51
51  14
30  13
12  42
18  51
12  27
15  10
7  51
18  43
24  50
35  43
15  35
36  25
10  25
46  6
33  51
28  8
34  33
11  21
5  18
20  29
24  11
32  11
6  27
8  49
36  13
7  7
15  19
23  25
6  30
32  38
36  25
18  45
23  25
28  35
30  32
17  34
30  35
42  10
50  39
49  13
44  19
41  28
28  13
30  49
22  44
20  40
8  13
21  7
39  17
20  37
50  35
16  51
8  22
35  42
12  48
25  17
21  20
24  24
11  38
40  11
32  20
24  46
11  40
45  47
13  10
50  21
31  49
41  44
34  34
9  17
47  19
17  25
16  32
8  21
21  31
6  41
35  14
32  46
5  10
42  10
28  36
17  32
20  42
28  32
16  34
15  15
29  36
25  8
20  27
33  26
51  12
26  46
49  12
38  8
26  24
49  34
23  8
36  51
34  36
17  32
50  17
39  9
13  28
44  51
17  37
50  8
32  45
28  43
50  19
36  24
11  30
16  31
27  50
23  38
37  8
48  19
36  25
49  19
17  17
44  43
48  22
18  30
39  28
44  41
47  11
40  22
41  15
40  33
47  40
20  49
48  17
22  34
40  10
32  30
7  38
51  25
10  5
27  29
13  10
18  45
46  38
22  49
14  33
48  16
41  41
20  21
28  25
7  15
43  42
24  23
40  24
38  32
20  32
21  35
42  46
22  7
19  14
12  42
50  6
17  13
14  49
7  44
13  8
10  28
41  13
11  31
36  35
47  36
6  25
18  29
34  19
42  44
17  5
7  33
35  45
41  46
10  44
17  14
10  11
15  9
47  23
47  40
14  42
27  37
23  25
35  44
46  49
35  33
44  25
43  14
19  23
10  15
10  50
19  12
40  39
38  45
23  16
10  49
8  44
20  32
49  21
7  45
44  40
5  50
36  6
33  49
47  37
49  12
13  36
11  39
34  26
28  29
48  18
26  21
21  39
35  43
30  49
50  35
27  16
44  11
35  22
10  28
39  32
25  48
32  28
47  30
9  37
15  26
13  35
49  15
22  10
9  29
50  14
8  20
48  31
44  20
46  10
7  33
14  38
7  28
51  24
42  34
43  47
25  38
8  46
10  11
47  39
38  10
42  15
13  26
37  31
43  48
26  9
14  24
46  28
6  22
50  10
41  37
25  20
8  5
49  16
20  34
50  45
26  45
5  21
5  34
15  21
11  20
21  16
46  19
22  38
34  27
34  44
12  9
29  38
22  21
25  39
39  48
46  17
27  25
8  45
35  46
39  40
7  31
8  6
28  23
51  38
11  5
43  47
6  24
11  8
42  49
7  38
47  38
7  20
10  25
35  29
51  22
39  25
13  46
42  33
42  5
20  40
10  17
20  35
38  51
17  41
39  38
27  20
38  33
45  39
34  14
38  39
5  30
30  11
12  14
47  24
43  6
45  43
42  51
12  35
22  39
11  30
32  28
47  49
37  29
50  51
43  51
34  37
7  39
7  24
16  43
40  23
15  25
21  38
24  38
49  34
13  42
31  32
50  15
16  24
33  7
51  22
36  31
41  13
41  31
38  34
8  39
21  45
13  27
6  30
33  29
13  51
28  45
45  22
13  51
19  12
17  32
13  31
28  28
27  17
45  38
31  26
12  39
22  50
30  33
29  44
7  48
18  45
32  8
28  16
12  35
44  44
40  8
36  9
32  51
26  29
49  29
42  34
51  44
36  18
26  6
44  42
18  44
15  34
38  19
48  51
38  5
6  14
14  37
18  9
35  29
38  41
50  48
12  21
11  21
28  41
11  11
31  29
26  46
5  38
36  27
28  33
16  6
40  48
37  28
28  18
40  42
29  18
23  34
22  35
32  20
14  16
13  42
38  36
39  49
46  50
19  46
25  43
37  19
19  14
11  33
33  49
26  22
7  9
26  25
26  12
37  38
8  36
11  30
51  20
49  8
6  5
39  21
37  26
50  7
27  6
40  6
24  45
32  46
28  37
11  7
9  50
51  36
15  44
14  37
44  20
18  30
5  12
30  12
26  11
41  43
18  26
13  34
36  17
28  40
33  36
46  38
37  15
15  41
40  39
14  18
21  20
18  19
36  30
48  25
40  33
28  7
10  29
40  41
48  12
35  40
15  21
41  21
8  24
41  51
16  23
20  27
18  23
29  50
10  28
11  46
18  28
17  41
9  27
40  25
27  15
49  22
17  46
17  33
22  39
44  15
34  41
49  10
26  12
9  7
27  18
44  36
8  44
12  51
22  48
48  15
40  14
26  31
17  34
16  50
46  18
16  5
29  33
33  15
11  9
8  37
11  45
11  28
34  18
29  23
33  45
7  33
44  18
45  15
43  22
42  29
37  11
27  40
42  44
45  28
44  10
11  5
32  20
7  30
18  35
24  35
25  19
37  32
40  37
7  22
46  12
27  33
17  36
8  9
11  37
33  25
21  8
19  5
39  39
43  5
10  17
49  38
25  6
25  15
7  48
31  22
44  19
47  35
34  23
51  27
9  19
50  38
13  7
10  42
48  31
49  27
37  5
25  36
32  48
37  50
35  42
16  22
5  51
44  42
23  36
16  6
28  46
18  49
44  42
23  8
31  47
38  27
29  43
19  24
47  15
32  35
49  50
33  11
28  5
47  23
50  15
47  23
35  16
28  27
34  34
12  23
28  13
26  30
11  16
33  18
30  47
12  22
21  43
43  10
13  5
48  46
33  31
35  50
34  42
37  19
21  33
10  49
49  47
48  25
50  23
27  25
7  42
21  26
12  33
49  33
19  25
26  12
23  19
38  43
38  25
7  46
9  15
49  14
26  39
25  16
50  19
34  35
13  13
20  40
8  5
49  50
30  35
27  47
32  12
13  38
46  21
39  19
45  18
6  38
15  5
24  27
36  51
15  16
10  35
29  48
36  14
11  20
