36  13
13  12
27  41
51  12
32  13
7  27
19  35
43  43
14  35
49  9
41  24
24  44
31  50
20  27
38  49
36  41
46  43
41  30
14  29
6  50
8  34
35  26
16  14
17  8
14  39
37  5
42  12
49  49
27  25
13  47
6  12
45  28
24  47
43  36
51  9
36  14
50  32
37  18
30  15
26  43
33  14
41  40
29  40
40  10
42  6
15  27
46  30
11  51
34  39
36  5
18  30
5  24
21  29
27  8
21  35
16  25
43  21
18  22
28  10
38  48
22  26
12  40
11  32
45  35
39  40
50  24
17  21
46  12
46  17
28  44
21  14
32  14
36  13
9  50
30  34
43  15
16  11
26  14
15  7
43  28
29  21
23  18
20  13
32  8
10  50
27  29
43  15
45  14
22  19
47  14
41  32
22  15
38  42
7  36
22  14
31  20
33  11
27  17
37  15
42  50
46  5
40  10
12  34
6  37
17  50
13  42
11  17
40  31
17  8
37  5
37  8
23  41
40  41
27  6
40  13
17  14
35  14
13  41
9  30
22  40
36  9
8  18
38  12
36  48
16  13
42  36
36  37
24  25
18  50
32  34
32  14
37  14
32  31
35  18
12  38
20  28
48  21
14  47
26  23
17  50
51  14
50  49
37  13
42  25
20  22
32  5
44  46
40  15
34  27
11  7
16  6
49  47
7  30
45  14
14  6
28  26
7  12
20  16
15  19
26  22
32  31
17  19
16  7
26  45
50  32
50  6
41  6
49  27
34  26
28  40
49  12
14  8
29  13
23  25
20  37
51  39
46  32
43  45
16  42
44  11
35  8
31  14
44  5
28  36
39  13
14  9
24  38
26  48
15  11
18  43
26  37
24  28
42  39
11  34
44  16
40  41
15  36
25  27
23  23
27  9
8  19
38  15
14  5
25  31
49  43
45  45
25  21
48  40
39  31
14  46
42  49
19  50
42  13
20  6
5  47
26  43
14  26
33  22
23  28
32  31
40  45
51  16
16  40
9  33
15  38
39  36
29  14
21  18
7  7
34  36
27  45
20  32
7  43
48  19
37  19
26  43
41  31
51  38
11  23
40  11
10  38
40  22
37  33
15  51
25  29
50  51
32  39
45  29
43  11
5  14
48  12
6  23
10  41
16  12
39  7
14  13
24  20
44  22
42  41
29  42
23  24
23  40
24  8
6  10
39  27
21  45
20  38
50  30
7  35
31  9
44  48
50  13
8  37
50  7
36  27
35  49
47  33
6  47
30  41
19  12
40  14
19  28
33  12
26  38
49  14
29  33
43  44
17  36
31  22
51  38
14  36
37  10
32  27
8  47
28  12
45  33
31  10
14  32
20  5
47  5
14  24
6  16
21  15
29  48
34  37
23  43
23  6
43  36
23  33
20  15
6  22
45  38
42  49
37  24
47  13
41  36
6  24
7  43
24  15
35  30
21  19
10  31
9  48
25  20
49  9
17  21
50  37
30  8
49  6
6  37
33  14
28  17
13  15
48  22
49  51
39  23
18  13
11  45
45  26
37  26
26  35
26  30
30  49
20  28
12  50
49  24
50  36
36  33
30  21
40  9
42  44
5  23
40  10
27  47
22  32
12  17
25  14
12  37
26  31
31  24
8  31
23  14
10  41
39  33
43  10
37  26
12  17
34  23
33  21
40  23
23  51
17  24
6  19
27  9
8  25
50  41
16  25
32  35
25  25
5  24
45  24
22  46
15  28
44  5
22  32
27  35
21  21
34  41
9  49
47  31
46  11
24  21
17  49
46  5
36  8
38  8
14  51
39  10
39  16
41  19
9  43
9  29
46  44
17  34
20  37
26  7
11  5
12  51
9  11
44  32
47  23
12  45
45  36
38  29
51  41
31  50
8  7
37  18
25  6
12  18
46  48
9  50
24  10
5  23
35  42
50  49
47  32
9  27
34  44
31  6
50  13
30  6
20  13
33  25
48  35
35  20
13  44
36  35
36  11
8  26
14  16
26  37
49  5
5  49
13  33
31  17
6  30
29  43
33  36
22  31
10  17
36  44
41  50
26  49
39  45
16  17
5  30
38  25
42  30
9  27
13  41
9  36
40  6
8  50
27  15
21  32
36  42
29  12
17  10
33  19
39  35
25  21
10  50
33  12
41  38
50  40
19  5
22  51
36  6
31  46
9  8
18  22
35  8
42  11
29  38
22  17
41  40
22  47
36  15
5  51
34  14
48  32
12  47
13  43
41  33
30  48
38  15
8  30
25  23
16  9
40  47
49  7
16  10
6  51
47  49
40  8
16  14
39  20
5  35
30  30
46  15
25  38
37  36
24  14
23  44
24  29
17  32
49  28
25  37
45  5
42  11
50  31
43  18
14  25
38  50
12  8
32  20
38  26
37  51
7  49
42  41
6  43
31  32
15  47
24  11
32  25
37  50
25  25
21  39
24  27
51  41
49  38
7  7
25  6
48  38
49  24
42  12
9  32
13  21
14  35
24  16
26  13
42  21
50  17
45  26
37  47
37  49
34  7
11  8
26  42
16  49
11  46
48  41
26  23
13  8
15  8
40  44
19  6
30  46
10  46
15  30
49  50
16  47
49  32
11  6
50  5
5  24
13  51
19  45
8  31
45  12
44  20
35  39
14  5
29  21
10  28
20  46
13  24
30  38
35  15
14  23
41  44
34  8
8  49
32  17
26  32
25  13
18  48
18  40
48  34
48  34
11  10
21  13
35  21
44  12
19  50
22  30
24  6
11  9
35  36
45  35
39  37
42  42
38  24
23  13
31  14
45  41
11  44
43  13
21  27
21  35
51  27
44  37
27  5
13  12
22  25
30  29
11  49
6  17
10  16
21  51
8  25
41  45
30  29
20  40
25  13
48  11
49  48
28  10
8  25
41  47
48  26
27  34
50  27
6  33
19  42
46  29
23  27
20  48
6  48
42  32
9  25
24  30
22  23
13  7
9  23
20  46
32  23
29  40
44  15
22  31
38  32
33  46
10  37
5  37
11  13
38  45
40  29
35  29
36  36
49  31
36  36
37  15
21  10
34  19
18  15
9  45
29  23
23  23
21  14
20  20
8  30
40  49
5  51
46  34
32  48
20  23
24  47
20  32
49  10
18  5
19  27
43  22
29  30
31  44
39  28
39  42
15  31
35  30
21  31
51  25
30  12
14  16
47  17
33  30
31  14
34  35
5  10
25  30
49  15
23  39
46  49
19  25
19  50
17  14
16  26
48  51
43  32
41  27
38  51
36  25
24  12
43  38
21  13
42  16
28  16
36  9
20  27
45  7
13  37
18  34
36  45
40  39
41  48
49  20
23  45
19  6
33  11
6  51
27  50
27  40
29  8
9  7
27  22
38  8
13  23
9  42
45  42
40  17
31  25
23  30
16  47
47  16
21  25
37  24
10  15
5  45
32  19
25  11
42  51
27  11
40  34
42  9
37  16
35  27
31  47
15  23
29  44
17  33
24  34
50  21
38  47
40  43
11  8
16  28
9  48
37  40
36  50
23  40
51  46
47  35
51  20
37  27
36  49
17  12
10  10
30  40
41  36
34  47
33  41
40  17
29  33
27  46
7  17
44  38
16  34
25  25
22  47
39  11
45  5
15  20
8  36
37  27
49  17
31  43
7  48
5  30
45  26
48  11
43  22
34  50
6  27
22  30
29  34
6  23
13  8
27  42
30  22
43  41
41  39
35  50
21  47
15  15
40  40
23  24
42  51
50  16
8  16
27  43
46  30
10  8
45  13
32  8
44  37
38  11
19  16
27  35
24  9
17  18
42  48
46  15
7  10
32  8
25  32
13  23
47  23
12  32
36  35
48  23
7  44
7  14
9  38
7  17
43  12
24  44
34  18
43  51
17  28
45  32
27  28
24  5
39  35
35  12
41  32
40  20
10  22
29  34
42  6
42  43
12  36
47  51
36  10
19  22
33  10
5  9
8  44
5  37
39  37
6  35
13  14
6  49
7  41
42  38
30  51
33  28
38  47
50  51
19  30
12  35
28  19
41  34
20  43
5  9
11  11
34  24
34  27
6  29
47  51
26  37
49  10
14  31
29  20
5  12
7  13
49  30
42  40
11  51
21  12
16  44
7  13
30  47
44  18
8  21
30  7
32  10
50  46
7  46
9  38
44  44
10  13
13  7
51  45
38  29
26  37
37  26
45  37
38  23
43  21
29  16
41  42
9  6
26  36
44  26
26  16
20  7
16  18
13  45
45  32
31  34
7  44
8  11
49  16
24  7
51  20
13  40
7  35
27  43
24  12
17  16
21  28
19  29
48  38
11  51
39  26
18  43
28  10
50  10
7  49
48  10
7  35
6  40
27  46
17  19
9  49
36  14
49  42
9  14
41  47
7  34
49  37
44  45
32  8
15  8
48  25
28  29
24  27
31  5
18  33
31  24
40  15
5  19
25  30
39  10
23  36
11  30
35  18
18  47
15  6
29  30
33  45
33  45
48  49
8  32
5  7
11  35
46  38
23  10
5  17
35  17
5  49
7  34
49  23
5  27
40  35
10  36
8  31
12  36
13  10
36  17
45  43
36  24
15  42
9  5
27  12
19  30
28  5
15  18
45  47
50  15
16  14
38  8
42  32
49  10
26  24
45  17
8  28
38  9
5  25
45  5
22  39
51  20
22  47
11  30
21  17
46  19
29  39
15  42
12  5
16  18
17  9
30  50
17  35
33  20
28  25
51  33
31  48
16  7
5  18
13  42
37  24
35  28
26  17
14  15
11  39
26  22
49  44
15  36
47  9
31  9
29  37
17  45
45  49
30  47
35  15
12  17
10  13
31  28
19  10
24  29
49  48
37  7
20  30
11  41
23  31
16  16
9  10
46  10
35  12
27  46
47  50
5  5
40  36
39  24
24  49
31  43
40  22
24  41
24  26
34  9
25  27
16  19
43  29
51  11
13  49
6  30
43  49
38  10
11  30
48  32
37  51
20  13
12  50
45  28
48  16
38  9
31  22
38  13
47  32
7  42
19  14
14  31
10  35
9  46
20  25
37  38
25  12
26  11
30  41
10  15
29  14
44  34
10  39
49  7
33  26
50  13
48  23
24  34
31  19
11  9
45  29
40  28
34  46
21  10
29  34
14  43
51  41
41  12
38  5
20  29
50  25
50  42
42  38
27  18
33  25
32  18
13  40
40  27
27  30
31  26
6  27
36  20
49  24
9  19
23  32
17  36
42  15
42  47
5  6
38  18
46  30
30  32
25  16
19  22
9  39
26  6
42  10
50  37
43  17
49  24
48  22
35  26
8  30
36  46
6  37
13  8
33  11
37  6
33  42
34  6
29  30
46  46
51  6
23  39
15  20
7  18
14  8
23  28
46  18
17  42
43  47
27  41
19  15
32  46
36  50
5  9
14  40
22  21
28  7
5  44
48  13
22  19
42  36
26  20
8  49
22  24
13  34
30  38
38  9
40  16
42  34
29  20
46  35
23  42
42  48
36  6
16  27
49  34
34  24
9  32
46  27
21  17
6  31
35  46
32  30
29  48
31  5
17  28
36  25
19  23
17  13
26  15
43  32
20  21
6  48
40  36
41  6
43  10
28  41
15  46
39  46
8  5
21  34
35  48
51  36
45  26
50  23
40  51
28  40
31  43
46  41
11  34
18  7
51  26
41  42
19  12
45  21
50  11
44  35
51  16
44  19
44  19
25  14
25  30
29  25
32  23
19  21
41  26
44  30
33  44
17  40
12  9
5  26
16  34
22  12
9  21
47  42
51  22
31  17
33  30
36  6
37  46
50  50
42  42
18  25
17  28
15  29
32  48
25  22
12  46
39  6
39  28
50  6
38  45
16  21
22  34
24  47
41  34
21  19
41  49
44  5
18  28
44  22
31  51
6  30
45  42
29  35
18  47
39  51
27  44
31  15
15  24
21  38
35  24
39  23
30  34
39  20
15  17
36  49
30  48
10  39
44  30
41  40
43  45
45  25
8  12
18  19
35  36
31  50
37  9
41  50
38  50
47  9
44  17
48  47
48  6
30  18
8  34
5  27
42  14
47  32
38  10
38  8
10  24
21  29
48  28
19  37
45  28
43  33
19  51
31  36
6  11
19  12
25  35
25  31
35  22
43  5
31  39
40  49
25  42
7  37
27  48
10  43
8  40
39  48
36  13
36  49
26  18
18  46
42  21
16  18
19  45
33  40
18  6
51  15
40  7
8  34
9  35
9  40
23  27
14  5
44  37
8  38
11  12
48  30
10  40
37  50
38  21
26  47
11  11
44  17
22  35
41  46
49  29
8  22
40  5
12  7
19  17
23  26
32  43
42  12
24  39
49  34
22  37
8  6
37  40
13  20
39  40
23  13
25  27
16  49
5  44
43  51
19  45
28  31
41  47
45  19
30  34
41  29
8  34
41  19
8  40
11  18
37  21
7  30
17  41
45  22
36  47
48  48
17  11
36  10
14  13
44  41
44  20
33  35
29  36
18  36
21  21
40  8
23  11
47  11
23  37
27  37
35  23
29  8
39  17
5  48
29  20
44  50
15  33
36  50
7  15
40  20
16  5
27  24
38  31
21  22
26  23
26  20
20  28
37  40
40  6
47  45
9  7
11  34
21  13
42  25
7  15
15  41
49  46
14  47
39  9
25  29
37  16
24  40
37  35
34  14
28  38
49  44
5  46
30  51
14  6
5  27
40  24
43  51
33  44
41  20
23  49
43  15
36  35
24  11
31  41
50  20
27  37
32  27
18  14
51  26
19  14
31  14
21  26
33  42
32  44
17  25
34  28
46  25
20  47
23  8
12  43
36  23
40  24
34  33
49  48
13  9
20  22
30  12
44  22
26  19
36  44
20  27
17  46
16  34
6  34
20  44
10  24
33  45
22  27
43  35
36  10
41  31
23  14
42  36
24  27
35  14
11  8
50  28
32  49
30  34
39  48
48  18
47  30
40  5
17  21
23  49
48  7
10  33
35  16
10  15
26  37
7  37
34  6
21  34
13  33
36  22
45  33
30  7
32  22
8  12
33  5
50  28
14  6
5  32
14  24
23  47
33  15
46  14
22  44
43  49
32  44
16  18
46  6
44  21
16  5
17  14
23  20
42  47
22  40
18  8
32  47
16  27
36  50
33  6
6  50
48  40
30  46
29  42
42  20
32  30
14  22
47  12
26  35
24  45
8  27
48  16
51  30
29  42
44  47
8  33
9  43
37  17
20  6
34  11
49  22
10  12
27  24
14  43
16  45
16  12
19  36
30  39
46  36
5  50
12  6
44  20
44  47
11  8
10  42
24  27
5  48
42  21
39  31
28  27
6  18
36  13
26  18
36  17
48  50
26  51
21  6
17  20
26  17
13  35
33  35
27  39
41  45
49  22
20  20
11  49
43  47
44  40
9  25
29  24
33  39
12  9
36  19
43  9
16  50
16  42
24  51
18  27
31  21
22  38
23  18
10  41
21  23
41  41
35  51
9  46
33  24
47  44
5  27
22  7
26  40
39  46
27  11
39  32
35  51
16  26
33  29
25  10
35  11
6  14
45  33
14  20
12  17
11  42
38  12
28  7
46  22
39  43
23  40
18  37
30  45
8  34
50  22
13  22
33  34
36  23
44  18
31  50
22  24
17  9
21  32
43  23
19  17
29  11
5  35
50  26
21  45
8  16
34  15
28  12
23  40
38  24
46  7
38  47
7  6
19  50
50  33
47  28
21  32
11  11
25  43
51  30
32  16
42  15
11  51
6  20
12  9
5  39
31  19
33  24
48  39
35  8
41  26
19  16
31  20
12  15
19  14
30  14
45  17
23  48
37  36
22  41
49  9
15  13
16  12
24  44
37  19
43  34
24  40
45  41
30  11
34  43
24  41
30  6
6  13
47  51
25  24
25  48
38  33
17  26
43  18
31  9
26  19
45  13
30  12
49  18
32  22
38  15
11  29
11  25
43  18
5  50
14  29
37  12
13  43
39  22
34  9
33  30
41  39
24  48
20  13
14  34
34  38
20  14
11  31
20  5
35  30
10  36
44  7
19  10
5  31
30  31
36  35
41  22
9  51
43  11
6  12
42  26
44  19
14  27
6  36
31  40
32  36
25  28
7  21
48  37
28  41
38  36
35  14
48  32
16  8
28  42
18  16
27  5
51  17
24  29
24  42
51  43
17  24
22  44
51  28
30  7
28  8
11  24
6  12
37  11
10  13
38  41
29  19
46  17
28  39
35  13
9  9
10  38
39  50
51  48
9  33
9  26
47  16
15  7
9  41
21  19
45  13
31  30
16  51
16  11
47  50
48  14
8  45
39  24
31  19
36  25
19  34
51  32
48  43
21  33
25  46
21  18
22  28
24  33
17  14
50  12
6  37
18  7
38  38
12  7
25  39
36  13
34  20
38  29
30  32
33  18
22  18
37  19
50  7
21  48
49  39
50  31
49  16
25  15
48  49
15  43
19  32
51  18
31  31
47  23
36  26
36  50
11  9
41  48
41  38
5  8
38  5
28  40
27  15
9  35
23  10
33  40
9  11
48  43
27  30
6  16
35  15
47  39
7  32
30  11
37  25
40  33
22  13
38  44
10  37
51  49
33  46
16  29
24  27
49  5
33  9
16  5
44  50
30  17
44  13
8  21
29  22
23  47
26  21
47  51
5  37
24  28
15  10
50  10
5  42
46  16
23  37
33  35
35  26
41  43
21  11
16  15
16  9
21  46
22  21
50  13
35  25
26  14
38  12
51  30
17  45
9  42
21  28
22  47
25  48
50  32
31  37
16  38
10  29
45  16
10  44
28  10
34  44
29  34
31  12
31  45
47  6
43  44
40  51
33  24
49  14
39  42
12  14
7  14
18  12
27  26
49  48
18  18
16  47
25  18
28  37
48  21
35  11
22  20
41  16
16  47
23  31
47  5
24  17
7  31
39  8
26  43
5  43
26  29
12  37
35  18
22  14
27  36
20  39
49  7
10  42
22  31
29  10
24  37
11  5
32  6
30  39
13  46
15  43
38  42
39  15
34  15
11  16
42  15
45  26
38  29
45  37
21  39
49  41
47  17
19  46
21  42
50  15
36  39
47  11
48  10
35  37
38  15
36  14
39  44
47  39
25  39
5  34
17  20
10  28
24  45
37  51
18  6
15  43
7  30
16  43
33  32
11  38
20  17
35  41
34  34
22  24
42  45
50  29
14  42
46  45
8  41
38  50
33  44
51  46
50  26
18  31
43  40
12  18
14  16
29  41
49  14
36  50
44  18
26  25
9  44
22  31
7  49
17  32
15  43
40  20
27  7
44  28
12  6
33  43
34  46
12  34
24  34
40  15
17  7
5  43
43  11
32  22
15  29
44  19
15  16
40  33
39  49
40  19
20  24
25  29
22  19
32  50
19  16
12  49
42  33
43  36
20  27
42  22
17  41
42  33
39  47
23  42
9  45
23  20
38  9
43  41
37  50
33  10
31  16
43  10
15  22
34  10
7  5
51  47
17  35
28  17
49  29
48  24
24  22
33  22
48  20
47  36
18  16
6  10
37  16
12  14
38  24
36  23
5  29
18  32
51  11
42  5
18  31
13  45
43  48
39  30
44  47
11  10
7  26
25  9
49  46
12  24
44  38
12  16
39  21
44  15
24  19
19  46
29  8
46  5
16  43
26  35
8  24
8  6
9  9
10  18
17  16
30  22
32  25
36  24
28  15
25  9
14  27
45  41
51  11
29  16
24  15
7  44
41  21
7  39
35  20
11  5
24  43
24  9
46  37
9  46
30  13
14  35
38  25
40  44
24  20
5  33
17  18
24  27
30  32
50  48
47  17
37  16
20  39
16  10
18  18
46  7
25  39
5  31
21  27
47  11
32  43
38  10
47  42
10  50
26  34
35  48
33  17
8  9
48  23
28  49
51  35
8  24
27  26
35  43
36  33
19  19
34  48
48  7
28  17
40  15
13  48
28  34
15  12
27  42
46  5
18  17
23  30
7  25
34  6
44  7
32  50
41  6
35  11
50  31
8  7
5  31
5  21
28  21
9  34
25  33
51  33
49  49
35  26
21  6
31  7
48  6
20  14
47  37
51  22
37  41
22  49
12  30
44  31
17  32
48  29
6  13
33  20
38  23
23  46
24  25
47  9
18  25
43  45
25  31
35  13
48  29
44  43
36  30
42  48
23  5
31  28
20  23
23  5
5  21
45  42
34  8
25  9
12  39
41  22
45  40
32  34
27  8
46  48
9  43
10  7
10  11
9  21
29  45
10  31
30  11
15  41
14  48
51  9
35  34
49  16
16  5
42  8
31  31
14  17
15  8
26  40
29  17
16  37
14  8
42  13
32  49
24  22
49  47
42  29
32  32
8  17
30  40
33  44
40  12
28  41
13  42
22  20
36  44
17  41
32  22
33  17
26  35
12  26
50  37
31  47
9  51
50  30
41  45
46  46
27  51
22  17
5  24
10  41
44  47
49  14
10  31
48  42
21  44
28  41
13  39
42  35
43  34
6  14
11  44
32  23
42  9
5  8
17  39
38  23
13  13
16  44
48  42
45  37
43  20
40  18
11  8
10  19
19  22
19  8
13  43
17  37
16  7
44  22
28  15
42  35
13  37
35  15
33  6
11  32
9  22
39  31
29  23
37  8
24  6
44  18
21  25
32  44
20  13
25  22
23  43
23  41
48  46
24  5
45  50
41  18
28  8
22  45
25  29
41  40
21  17
34  45
33  41
24  19
7  17
16  15
9  17
46  5
51  14
46  48
20  16
51  43
26  21
35  47
5  50
48  38
37  11
11  31
44  33
25  8
32  42
41  5
16  50
15  18
44  30
41  49
18  7
8  19
43  33
12  32
13  36
24  9
28  27
13  45
51  15
31  30
41  11
19  16
6  45
39  13
14  44
22  50
39  6
27  26
34  7
6  14
9  37
39  51
17  21
51  13
20  19
34  41
26  29
22  30
51  41
6  19
6  30
17  20
7  11
14  28
13  11
49  13
39  8
35  41
28  6
29  26
12  50
6  39
44  5
41  23
14  25
6  12
40  16
42  15
49  37
42  45
13  23
19  48
12  20
46  44
45  8
40  45
40  7
45  33
17  12
37  24
11  22
22  34
33  40
35  49
6  27
36  23
25  5
43  36
17  18
36  9
40  11
13  38
30  29
11  16
34  20
19  13
27  36
14  17
30  30
10  45
7  22
38  28
46  46
41  23
45  20
23  33
30  49
14  18
29  7
7  28
42  12
20  47
25  11
31  7
33  45
16  44
35  8
10  51
20  17
21  34
5  23
15  31
40  15
43  15
39  27
29  38
18  18
39  33
9  8
40  20
38  45
13  33
47  14
44  7
42  23
6  29
19  39
15  21
11  51
7  41
37  45
14  29
19  12
33  31
23  26
7  10
22  8
35  25
42  47
18  50
26  49
11  38
42  28
34  51
20  35
51  51
48  16
45  36
41  41
14  50
10  11
22  32
6  47
26  49
27  27
33  41
23  18
30  7
47  29
32  29
49  27
35  49
19  10
46  50
9  17
22  26
30  16
8  28
8  33
11  30
44  37
25  25
25  20
22  26
12  37
48  34
44  21
35  50
31  42
43  44
42  48
41  5
10  14
29  44
23  11
19  14
33  47
46  19
6  49
27  44
25  5
28  43
51  5
33  41
27  12
40  29
30  15
34  31
46  42
11  32
38  23
35  28
45  39
15  18
50  21
19  49
39  47
42  40
48  14
19  26
6  23
12  30
19  35
43  26
18  8
11  42
40  20
23  20
19  7
32  42
28  27
45  37
20  5
48  21
20  10
46  12
43  29
21  19
37  29
40  50
21  5
41  29
45  43
46  47
35  50
28  36
35  14
44  7
44  14
35  44
36  12
20  48
21  43
51  45
8  25
20  20
43  15
49  15
6  15
29  9
17  49
15  11
8  31
29  22
21  51
32  14
28  39
32  14
17  13
49  5
35  51
48  44
47  46
48  27
17  7
45  20
10  9
34  27
33  24
33  51
26  43
32  41
24  8
37  8
9  37
21  8
10  27
31  20
15  38
51  8
5  9
13  14
21  20
44  48
13  8
49  22
6  19
16  42
15  23
46  40
36  45
30  51
35  29
37  22
7  37
46  50
12  15
48  46
21  37
24  17
45  8
44  11
21  50
7  20
20  7
8  26
29  13
17  34
29  8
44  11
51  11
15  18
37  11
10  22
17  41
20  22
23  12
35  10
39  31
25  36
22  29
6  6
26  27
30  35
7  40
41  26
22  15
33  7
7  43
9  45
18  28
13  7
41  31
40  48
51  7
15  46
42  30
25  14
22  30
51  11
18  7
45  38
35  18
42  45
39  15
23  27
26  35
38  15
24  46
38  43
21  14
8  9
23  23
30  41
31  5
49  19
40  22
43  43
41  15
35  18
8  50
10  34
10  47
43  30
16  51
35  18
37  37
15  19
45  30
48  44
19  18
19  38
29  46
12  34
12  39
8  17
10  50
29  46
23  47
49  44
30  47
43  20
24  34
37  30
39  47
31  24
33  11
41  37
21  45
51  38
38  48
32  19
33  14
15  20
33  40
20  44
16  41
12  5
42  41
17  8
27  39
35  33
25  32
7  11
39  49
9  5
16  10
49  19
8  21
16  12
14  28
40  33
35  7
12  26
11  32
41  18
48  5
50  29
47  39
37  43
14  49
29  33
14  5
24  47
8  41
15  23
33  14
26  20
41  46
12  27
29  45
48  5
38  44
42  9
15  31
8  27
30  24
20  8
33  32
11  27
44  32
37  22
21  18
13  20
11  17
16  18
38  28
42  51
9  12
14  16
18  6
35  41
25  20
50  18
29  49
8  31
20  15
5  39
5  8
36  48
42  6
27  45
51  28
51  24
29  38
41  25
17  36
33  12
10  22
46  19
10  43
36  40
47  44
11  38
29  35
41  24
14  13
16  15
10  32
35  35
33  49
19  9
38  21
9  25
12  35
46  29
27  16
43  45
28  14
13  16
14  41
11  38
28  18
28  42
23  43
43  49
12  28
29  29
24  25
33  40
12  11
21  35
50  9
44  9
43  45
21  34
36  14
9  10
43  30
44  24
17  21
18  43
8  10
35  38
36  6
7  14
19  43
26  26
30  47
9  7
36  10
40  18
21  12
51  31
35  30
11  30
15  41
49  50
30  25
43  51
30  27
33  41
45  45
48  6
33  39
30  40
14  31
33  51
17  46
40  34
30  31
12  44
11  22
50  21
7  11
27  16
35  28
26  12
18  8
23  49
24  12
41  6
32  39
51  30
50  33
30  40
31  46
36  34
48  47
8  39
24  36
48  40
47  6
31  45
31  42
14  51
11  40
13  37
13  33
18  37
20  43
23  9
21  43
49  27
25  39
45  8
14  25
22  13
48  14
18  28
41  14
19  37
13  27
19  9
18  35
39  49
40  19
43  24
36  37
13  27
22  6
14  47
27  45
44  51
40  12
17  35
32  32
22  6
30  34
40  6
21  13
30  16
5  11
34  30
29  27
5  50
12  45
45  16
48  50
17  39
44  45
15  37
9  5
17  44
24  9
20  22
42  49
50  35
27  29
36  34
28  17
37  7
18  46
12  17
21  13
35  33
23  39
29  17
19  20
29  8
25  51
9  5
13  41
5  39
23  45
5  17
10  18
31  9
18  26
41  21
29  6
21  30
10  24
23  8
46  49
39  22
34  40
11  44
33  22
19  28
41  30
31  47
37  34
50  38
34  41
25  11
13  11
10  21
19  17
42  34
22  29
51  28
48  7
25  20
27  35
34  27
33  39
42  45
38  23
27  50
38  5
8  5
38  33
48  47
35  40
23  5
34  26
45  23
41  29
49  40
28  41
14  44
47  6
44  21
43  33
35  33
23  28
33  24
41  31
18  18
18  50
11  14
9  23
44  26
39  31
27  15
30  45
32  11
20  15
46  38
39  28
14  23
31  32
38  21
30  14
7  22
15  16
37  11
22  7
50  18
39  8
28  29
32  16
28  10
26  20
17  34
11  33
31  7
41  42
47  43
27  7
44  21
34  22
23  17
11  5
46  25
39  45
20  40
34  10
28  20
47  33
30  19
48  30
31  51
21  7
14  14
22  30
21  30
6  17
44  20
21  19
46  17
24  26
27  19
13  16
5  23
47  18
35  45
42  20
32  31
10  9
14  42
43  43
34  48
28  11
6  27
8  29
40  5
37  15
49  36
48  20
9  37
39  11
24  36
10  14
15  11
27  47
25  33
38  36
31  39
13  15
37  39
33  34
39  9
46  47
42  43
36  39
9  41
37  11
44  13
10  12
44  8
44  45
15  46
42  8
38  22
5  42
18  18
13  8
40  8
7  38
47  27
17  36
40  23
43  37
48  28
25  47
6  12
15  34
48  48
38  12
17  6
44  23
34  32
16  6
17  39
12  20
34  47
49  49
38  18
11  30
5  9
27  19
49  25
30  13
30  18
14  32
47  9
18  14
10  24
29  34
21  43
12  16
50  24
31  8
7  38
20  42
17  31
17  37
30  8
19  37
45  23
22  25
26  33
18  10
47  32
25  37
12  20
50  34
42  49
15  16
34  28
51  7
8  30
29  35
35  25
32  16
8  20
46  35
50  39
20  8
30  40
6  49
7  44
22  44
9  17
23  35
44  26
38  34
50  26
9  10
51  24
12  13
43  29
16  24
50  51
27  11
49  39
50  51
39  26
7  49
17  44
34  41
30  34
36  29
31  24
49  46
38  9
30  47
5  36
16  30
6  37
9  18
51  44
44  39
43  26
50  22
11  15
9  47
17  24
11  38
8  28
10  50
6  38
32  43
9  30
23  13
32  43
19  45
7  45
14  30
37  17
45  18
6  39
18  27
23  16
21  13
40  33
35  18
51  24
17  51
15  44
27  7
34  32
45  30
16  27
23  37
33  19
8  21
47  51
47  27
5  42
38  13
11  32
40  34
6  12
39  49
28  17
12  28
9  48
17  26
27  31
11  30
51  13
27  38
21  8
43  13
37  28
28  44
36  16
35  9
33  7
9  49
26  17
34  42
9  14
35  44
50  25
26  32
47  25
29  23
18  17
37  37
6  17
23  39
39  40
22  44
44  9
7  45
18  29
51  37
24  20
21  34
40  5
22  49
22  46
5  26
24  29
30  41
28  6
43  14
43  9
25  20
35  12
36  38
15  20
43  33
32  28
22  16
44  46
40  48
48  10
8  43
31  41
35  42
33  44
5  22
22  29
13  22
23  33
6  10
26  19
25  35
22  39
41  24
25  26
27  31
24  12
19  39
20  5
47  14
6  40
34  48
30  31
24  8
40  34
14  44
29  30
36  45
6  39
5  29
40  39
7  18
41  19
9  13
31  34
26  21
27  9
29  11
10  25
29  37
23  7
26  9
50  15
19  44
19  19
5  34
34  50
49  21
16  19
15  20
48  36
44  48
18  14
50  50
36  44
45  35
28  27
19  36
37  10
30  42
47  48
9  6
10  23
18  30
33  9
24  26
12  51
46  11
22  26
41  38
33  24
36  42
6  41
42  23
14  18
10  9
29  27
16  30
37  47
49  9
17  27
28  12
20  36
20  22
8  19
15  21
22  31
26  20
33  46
29  11
26  36
35  44
38  21
39  10
21  45
35  50
47  13
34  8
34  13
16  12
37  39
28  28
31  8
20  8
30  34
6  20
11  31
45  21
20  25
42  34
45  47
46  28
17  16
23  30
12  19
26  38
13  33
33  11
18  47
46  41
35  13
26  46
23  34
42  49
9  51
46  15
5  14
37  25
51  47
7  25
40  33
15  15
20  35
19  21
51  15
10  18
39  45
13  25
31  38
9  37
24  7
23  50
22  10
14  14
28  37
40  32
32  7
11  39
30  8
33  11
22  50
44  24
6  25
31  26
8  18
12  6
7  24
26  46
36  5
31  14
41  40
39  47
25  16
22  19
20  6
27  14
14  40
9  49
29  9
16  32
31  30
30  12
25  16
15  37
14  44
24  15
11  21
46  25
39  43
18  27
31  38
24  31
22  21
22  25
10  18
23  36
39  49
23  17
10  21
47  8
6  7
46  43
10  48
36  50
46  14
23  32
46  24
32  7
36  37
43  23
45  15
47  19
43  5
6  17
6  35
36  20
6  9
7  47
46  46
40  7
29  13
36  47
30  31
45  12
22  9
12  39
34  35
37  22
16  49
39  39
14  21
23  42
46  33
35  10
6  40
45  50
34  37
31  38
32  22
37  32
17  31
12  44
48  29
5  5
28  5
38  51
30  41
10  30
11  41
33  7
51  42
50  25
18  20
25  20
5  12
5  30
36  47
19  17
25  11
9  18
9  48
14  31
39  32
22  38
44  17
22  8
41  27
37  17
34  51
10  9
12  50
31  23
34  49
30  7
10  32
33  7
28  45
19  36
33  5
21  27
20  46
50  47
35  26
47  22
17  19
22  11
33  9
36  28
46  45
38  47
19  48
37  36
29  34
32  6
24  37
29  13
10  5
29  13
5  42
10  36
9  50
7  30
9  35
38  21
27  51
27  23
46  39
49  30
6  14
40  37
25  13
49  45
12  50
39  18
34  5
28  41
38  43
38  41
7  11
44  29
16  39
20  26
40  46
14  30
34  47
21  12
48  33
23  6
25  43
37  16
25  44
26  37
31  50
13  23
45  45
38  5
16  35
23  13
27  8
24  42
27  16
48  34
27  24
48  33
25  29
13  40
6  42
51  26
38  37
44  19
13  48
22  48
51  45
22  12
40  12
26  10
39  29
34  11
10  13
14  30
50  25
13  47
51  15
48  23
12  42
31  33
13  9
17  6
29  12
16  25
14  13
42  40
30  9
11  26
20  46
34  33
51  23
17  30
40  19
51  24
24  35
39  17
11  14
25  5
33  17
22  44
49  6
35  7
41  50
12  38
47  28
