14  49
47  33
45  25
27  15
37  37
33  44
40  12
34  47
14  45
51  35
10  23
24  35
34  42
16  50
20  43
7  23
26  21
30  25
46  12
5  23
5  19
46  41
28  9
16  45
24  50
27  42
29  17
9  44
19  28
22  33
21  36
27  10
25  51
8  39
11  46
28  49
34  40
49  42
35  47
23  15
17  51
20  29
32  8
44  6
50  5
48  35
9  20
22  26
36  34
31  28
10  26
35  43
6  35
43  41
23  48
38  11
42  6
36  48
9  39
30  19
43  40
32  30
12  18
11  40
40  29
39  28
41  45
11  11
8  23
17  14
23  6
21  34
45  29
44  29
34  41
22  22
6  5
39  46
22  23
32  36
21  7
32  6
48  15
11  33
37  7
10  30
32  39
33  32
9  5
40  37
43  30
33  47
40  21
13  14
13  7
34  15
32  37
15  20
17  40
38  21
41  7
23  23
28  5
26  26
50  34
29  9
31  18
50  26
45  5
42  22
8  32
13  19
36  28
36  31
45  27
15  32
29  24
15  27
28  37
42  9
49  15
28  48
45  23
38  7
42  9
26  8
19  22
15  38
50  32
11  32
14  36
6  33
51  6
29  14
31  9
32  19
15  50
5  51
38  25
14  36
33  39
33  24
20  10
42  45
51  11
19  35
45  22
43  19
20  23
28  25
17  31
14  47
42  39
51  21
38  39
11  47
39  7
25  39
41  27
47  44
6  36
8  25
41  21
46  12
51  22
18  36
10  10
40  20
43  41
9  42
18  37
7  20
23  43
44  46
44  24
17  10
29  10
20  21
24  43
42  19
24  40
16  37
44  35
24  27
21  16
10  9
16  38
30  22
42  19
30  10
46  16
40  32
47  21
41  23
20  22
44  47
25  19
49  28
50  22
12  14
7  17
30  25
6  12
29  39
48  51
20  51
18  30
26  11
39  39
23  42
5  21
24  36
17  7
8  38
46  29
45  33
16  38
8  49
26  41
20  50
34  14
6  21
29  9
16  30
39  24
8  14
37  44
39  16
28  5
26  36
38  51
10  6
27  26
12  26
43  18
12  35
8  8
29  6
5  51
31  12
46  30
25  48
8  7
33  26
24  40
20  16
5  32
27  6
12  31
27  13
13  43
25  44
36  33
39  45
33  5
48  47
11  51
33  5
12  49
29  38
33  27
8  18
18  11
47  26
34  33
9  23
36  29
42  9
15  18
47  32
29  42
37  27
49  28
11  26
32  50
15  19
12  28
11  9
51  47
15  26
20  41
11  49
41  48
45  36
32  16
43  18
7  49
23  9
51  36
43  50
12  45
38  36
43  50
18  24
15  29
25  10
39  14
47  15
26  42
47  12
47  22
44  6
19  25
23  48
51  47
24  20
47  24
24  22
5  43
47  19
46  38
41  45
32  21
40  13
5  44
42  19
6  31
36  51
26  9
31  8
47  49
41  43
28  5
37  11
41  32
9  9
38  18
45  15
18  35
30  29
18  35
40  14
24  37
42  6
46  12
20  49
43  44
13  39
22  10
23  24
30  24
20  47
20  12
35  21
10  10
25  27
19  49
43  47
10  28
8  51
43  7
17  44
17  50
6  21
45  27
24  51
42  44
45  47
5  26
29  41
51  25
50  21
48  16
7  42
12  51
31  42
26  51
35  29
15  7
30  28
50  20
34  44
26  25
36  14
43  8
8  35
51  14
15  36
22  51
36  31
35  50
19  40
11  22
19  32
51  26
50  16
25  38
11  28
33  25
23  10
9  46
49  27
23  5
44  42
50  35
17  5
9  27
25  12
42  46
39  18
21  45
33  35
11  27
48  13
24  47
13  23
28  44
27  45
9  17
20  42
27  10
30  27
32  47
40  27
29  22
33  18
44  39
18  14
15  29
24  23
32  39
51  23
10  25
26  37
31  14
45  20
32  36
7  50
37  30
23  9
29  14
49  50
32  17
5  42
7  5
39  10
33  24
33  48
40  21
49  20
32  37
46  18
48  14
5  23
38  13
29  28
31  20
18  21
48  24
26  28
25  49
35  18
48  17
21  14
8  41
46  39
11  38
38  17
43  5
22  47
23  39
14  50
33  50
46  25
45  33
42  29
23  42
13  26
36  35
27  17
16  17
18  12
27  25
37  19
14  22
51  31
15  50
48  29
44  25
21  36
33  42
42  23
27  29
5  9
33  47
48  43
50  21
51  46
12  46
51  25
21  19
38  5
38  9
13  26
49  38
19  27
14  8
8  42
38  51
10  19
39  16
8  43
46  34
18  6
20  16
47  50
46  17
8  49
7  37
17  42
43  5
30  13
49  19
51  41
30  8
49  9
6  29
30  37
51  6
25  17
30  18
28  25
33  26
27  33
26  12
48  49
33  48
42  7
23  36
47  5
27  42
12  15
17  47
26  8
46  10
42  39
41  7
20  21
50  5
16  38
12  25
30  18
44  6
10  30
33  14
30  37
44  19
49  20
30  10
41  40
42  15
25  7
17  11
32  42
17  50
28  24
23  10
6  47
41  19
18  51
48  51
20  16
16  30
9  46
30  43
50  29
36  7
45  34
27  12
6  51
8  37
46  30
39  5
42  20
9  33
21  46
29  30
50  38
47  45
13  23
12  5
50  31
46  11
46  48
14  23
50  12
46  8
8  19
38  38
26  24
15  21
33  17
6  21
7  37
22  16
15  37
45  45
15  33
21  21
21  47
7  21
33  16
22  41
46  32
35  51
17  37
15  43
20  18
43  51
24  23
12  14
44  15
49  13
9  26
46  44
42  14
26  31
31  41
11  41
27  42
41  44
12  17
47  17
22  38
7  33
19  12
25  27
12  21
24  24
43  40
46  6
31  45
6  34
20  20
14  37
49  7
16  27
28  41
17  42
23  14
28  12
49  51
51  5
30  43
19  35
14  11
20  15
18  7
8  25
36  6
40  42
26  27
39  8
23  12
35  27
5  44
27  7
8  24
27  10
45  39
40  25
8  43
22  37
26  33
9  13
45  6
16  45
31  35
7  51
37  11
48  10
36  39
22  26
17  27
28  42
51  34
34  36
32  35
30  28
43  42
24  23
46  47
23  14
12  7
9  36
38  5
21  30
31  5
37  14
40  28
42  37
12  19
13  47
12  48
37  50
30  32
8  32
19  13
50  17
34  26
7  47
41  28
7  5
13  16
14  30
41  9
11  21
50  20
43  42
50  29
18  41
23  38
39  9
31  46
8  10
48  24
38  21
5  50
17  27
27  40
39  20
15  13
27  33
30  26
18  17
50  20
32  17
12  29
10  30
34  33
48  37
46  42
49  25
20  13
10  27
34  24
47  29
49  39
50  46
31  26
48  47
15  15
41  42
21  39
17  13
15  32
5  44
37  21
11  46
46  46
38  41
46  38
40  29
47  30
46  27
11  8
32  17
14  29
10  46
29  20
36  26
36  7
14  9
36  45
6  24
42  48
23  20
24  44
15  49
11  17
13  15
14  25
22  30
11  41
27  47
8  49
28  23
39  39
40  23
10  32
15  31
27  26
19  33
5  51
32  8
39  35
29  44
20  49
35  21
25  51
17  39
42  8
20  28
9  18
48  30
8  15
5  40
16  19
41  13
8  21
13  6
30  38
29  45
22  6
21  22
17  32
36  46
42  22
36  23
39  6
45  17
36  51
47  46
16  34
15  43
38  25
12  49
41  18
25  24
49  31
35  39
5  23
6  49
24  29
38  21
47  49
20  18
19  14
50  47
16  10
47  39
11  50
39  27
7  36
39  12
35  37
8  21
27  7
44  42
25  39
36  31
27  34
37  30
45  15
13  38
47  36
16  13
24  29
9  50
31  51
34  14
13  22
29  5
5  13
10  16
7  10
47  20
25  35
32  41
9  36
30  37
33  40
22  47
47  12
22  14
36  7
19  22
15  28
25  34
42  41
27  34
31  40
23  12
36  13
41  8
50  19
10  11
14  21
32  36
12  27
8  45
37  18
27  42
38  20
25  36
33  22
5  18
35  34
17  51
35  30
51  43
43  42
39  48
44  50
6  23
51  37
31  31
8  46
6  13
19  43
33  38
29  10
7  28
6  26
39  17
44  34
16  48
20  36
42  26
21  25
12  24
40  18
21  21
9  18
44  22
7  50
37  30
28  13
7  30
47  5
38  47
19  37
7  15
6  29
27  34
36  41
21  29
47  7
17  6
14  33
40  41
31  12
27  38
37  21
18  51
32  39
19  28
34  36
44  22
45  50
31  26
19  7
42  38
14  16
30  19
30  35
15  10
5  26
33  50
32  22
31  38
50  11
51  25
19  5
49  48
32  41
21  40
43  16
47  41
9  32
9  5
18  51
19  51
31  10
14  9
16  11
20  15
19  19
34  46
29  30
14  8
38  7
25  5
20  15
32  42
44  51
35  50
48  33
17  40
24  5
36  35
8  27
49  25
33  21
5  42
51  24
8  17
49  42
41  50
7  18
41  33
14  27
12  51
49  28
11  35
43  17
32  42
37  48
8  16
21  39
27  38
45  48
33  45
47  13
33  23
10  25
27  18
36  6
24  40
35  17
39  32
8  27
20  29
41  42
41  50
9  48
35  49
32  50
32  24
51  11
33  47
39  15
19  38
42  11
40  27
50  27
50  34
19  5
43  9
28  17
26  19
23  41
30  29
37  34
35  27
21  12
49  16
20  43
35  14
42  36
20  45
34  50
11  7
14  49
43  20
19  7
9  19
5  11
12  11
43  34
9  50
42  21
9  24
8  14
15  43
51  49
23  47
40  40
48  33
30  38
11  47
7  5
36  37
46  30
9  27
33  47
30  51
6  27
31  24
21  10
44  8
32  19
50  11
14  30
22  37
12  36
28  19
10  19
8  15
35  28
20  44
48  28
30  18
31  36
44  20
30  8
45  19
9  15
27  35
39  51
17  5
20  6
45  33
34  8
49  24
23  32
12  6
42  18
35  22
43  38
42  19
40  9
32  45
32  45
29  31
23  22
5  25
27  16
35  11
31  17
28  50
41  40
5  33
16  36
8  40
8  22
8  37
50  7
37  46
7  36
30  23
17  41
28  26
6  9
32  28
37  42
45  20
21  47
46  46
41  6
50  23
19  18
7  23
46  41
44  24
19  47
11  16
41  5
8  9
30  23
21  26
47  40
10  20
33  28
40  10
47  20
6  42
21  40
33  50
15  23
23  29
49  13
26  29
39  16
50  46
5  47
45  21
24  5
42  48
32  31
51  35
47  29
33  21
40  45
13  9
49  47
49  7
17  44
13  42
26  38
23  34
10  35
27  27
18  31
40  23
48  22
14  13
51  38
31  21
15  46
28  19
11  23
47  21
51  41
31  22
29  8
51  36
9  14
44  6
15  44
27  5
46  21
9  31
7  18
18  16
22  39
30  16
20  30
49  43
17  25
41  33
5  13
20  10
25  33
27  15
37  6
12  38
37  31
40  37
11  19
36  19
5  43
49  5
27  21
31  13
28  21
5  20
44  28
31  33
47  19
50  25
15  34
51  34
21  51
26  37
17  12
18  14
33  28
38  16
18  20
35  30
29  50
7  44
45  23
18  18
11  14
13  8
34  47
41  36
13  26
36  23
9  10
32  28
28  34
30  32
23  20
43  31
15  15
37  38
16  47
37  38
45  16
26  7
6  11
7  25
28  45
21  51
32  10
39  25
46  26
30  24
15  51
31  20
9  46
24  36
8  20
17  44
49  10
51  6
34  33
44  24
5  36
28  15
15  18
33  44
7  30
44  7
10  20
31  29
7  6
22  6
25  8
42  16
23  31
6  49
11  19
34  37
48  30
13  30
34  48
40  16
23  46
29  11
35  47
32  11
12  19
10  43
17  23
34  42
25  42
24  43
8  33
6  31
14  17
24  23
13  26
14  46
37  10
36  22
39  14
33  19
37  40
16  13
26  42
20  9
13  7
17  10
8  32
18  12
41  20
49  24
51  8
44  24
48  47
22  42
8  41
48  51
8  6
16  35
11  15
29  51
7  45
33  19
43  20
49  23
14  23
23  14
15  24
38  8
30  19
14  26
40  15
34  44
50  14
22  51
39  9
41  32
51  37
50  40
38  9
18  5
30  44
43  48
45  17
31  31
42  6
7  28
29  16
33  7
5  47
9  38
9  25
25  31
51  44
10  42
32  25
41  32
43  23
41  14
49  12
27  28
9  8
24  45
35  14
10  23
43  15
29  49
51  41
21  47
8  45
46  15
8  25
11  5
51  12
25  35
6  19
50  18
43  51
38  27
22  41
29  8
30  31
45  41
15  51
23  35
51  6
48  31
36  39
5  33
39  10
34  20
46  38
20  7
25  16
14  44
47  45
20  44
49  32
41  38
49  26
51  28
17  31
26  10
48  41
42  20
31  34
15  28
10  42
6  31
46  34
31  51
43  23
26  28
29  6
24  25
32  44
10  9
16  18
11  21
35  19
6  24
11  9
30  29
23  49
28  49
28  21
22  51
19  13
26  24
49  47
33  33
36  22
12  44
46  13
37  50
38  20
11  48
50  21
49  23
25  45
31  26
24  20
17  25
40  34
30  37
46  18
9  26
14  23
29  44
23  7
36  39
39  28
20  36
35  20
16  23
37  20
46  9
14  46
16  49
5  35
32  50
16  39
26  44
14  6
44  9
37  39
20  6
8  12
47  48
10  20
14  47
29  44
12  6
33  34
50  25
30  6
44  44
41  49
30  39
11  44
9  41
31  32
6  22
32  26
34  43
32  33
9  26
20  38
17  22
25  22
19  51
40  37
31  12
50  49
26  11
22  6
45  19
13  38
40  44
41  36
15  13
14  20
35  46
17  12
45  31
9  26
31  32
22  8
6  23
30  28
50  40
47  27
23  24
46  13
28  33
14  43
41  19
30  24
39  24
23  17
16  15
35  46
51  28
20  28
30  26
20  49
43  34
25  46
32  23
26  42
22  45
21  51
25  21
22  40
50  50
13  45
20  37
42  35
5  29
46  49
19  10
44  32
43  28
44  39
35  9
28  37
28  48
11  8
25  39
23  49
30  16
41  27
47  44
21  39
34  48
15  38
20  27
45  33
15  42
26  29
8  50
35  20
51  50
39  18
7  20
38  41
38  6
27  37
13  46
15  14
25  48
32  10
30  11
27  45
49  35
8  11
8  22
47  6
44  24
31  19
38  36
32  44
42  51
42  20
24  42
25  13
19  27
49  27
28  40
31  36
30  12
17  50
49  19
38  24
7  25
43  43
15  12
34  33
12  5
19  17
37  47
51  27
50  16
19  43
50  20
23  16
49  21
10  29
46  9
34  42
22  6
26  42
32  11
13  36
6  22
49  6
17  30
24  19
47  40
39  50
46  22
21  28
21  28
42  42
6  15
38  33
51  51
10  48
32  37
30  7
48  6
16  17
10  43
35  32
8  28
11  44
43  38
37  13
21  32
48  23
24  28
38  45
44  14
27  15
35  21
20  32
14  14
18  34
48  9
42  7
6  32
51  12
43  38
8  12
33  30
30  14
37  8
22  10
5  39
48  6
35  28
50  19
49  32
47  27
15  34
25  47
43  10
5  51
38  50
15  17
42  26
41  34
38  51
39  45
37  28
51  18
32  33
42  15
32  21
6  5
50  47
19  48
20  42
14  22
5  5
37  27
34  46
20  51
25  11
42  33
49  11
8  18
30  5
47  10
41  32
27  16
7  30
28  44
8  14
9  37
40  6
17  10
22  36
17  37
24  19
50  35
31  25
33  28
25  49
9  15
50  31
49  7
43  12
10  26
47  19
5  21
38  50
35  49
11  39
10  42
36  26
48  35
30  51
19  21
20  25
46  14
6  34
24  39
33  18
28  26
34  18
32  12
28  29
18  20
47  50
28  32
34  18
10  29
19  50
43  36
26  46
19  28
33  40
5  21
17  44
12  11
7  36
12  43
31  10
17  9
46  44
29  22
19  30
20  20
37  9
41  28
11  32
6  26
13  46
20  48
39  29
34  49
34  19
5  15
8  14
6  44
37  30
29  45
7  43
36  8
36  35
34  28
27  28
9  27
15  9
43  34
19  7
19  49
16  42
18  31
13  38
11  17
22  43
10  29
49  33
48  22
14  27
27  14
44  31
37  39
25  47
12  43
40  35
27  34
10  15
20  46
17  10
39  17
24  7
7  47
9  24
48  27
48  50
30  5
51  20
5  34
49  51
25  7
48  51
14  21
13  41
5  28
46  11
28  16
46  11
27  34
27  36
48  42
38  22
9  25
12  8
21  24
47  31
6  16
32  43
51  19
10  5
36  20
38  46
46  43
10  8
5  22
11  38
25  29
21  50
7  51
44  49
24  16
5  37
17  31
30  35
43  37
40  45
35  19
23  8
32  37
19  6
33  49
41  49
39  5
48  42
15  28
15  36
46  37
32  9
41  37
13  39
21  39
36  11
24  8
43  49
36  38
35  6
34  37
43  44
12  51
41  45
30  19
48  44
7  16
41  12
7  32
40  36
15  45
30  46
42  16
39  19
25  48
32  33
23  42
43  10
47  8
25  46
47  27
18  20
39  47
45  43
48  14
38  30
38  15
18  40
24  18
46  23
35  33
46  15
23  6
40  48
28  23
45  39
20  46
5  18
21  26
12  13
21  6
19  45
5  22
35  9
14  33
46  22
27  26
13  41
46  43
45  40
18  14
13  21
46  19
38  41
36  42
23  12
35  49
10  36
6  12
21  19
37  24
30  38
30  5
21  44
32  10
37  24
40  31
46  26
13  42
27  19
17  22
45  40
21  5
13  28
10  42
24  27
25  30
30  34
29  16
41  38
32  46
5  25
49  40
42  33
37  29
45  14
11  38
26  43
49  31
22  47
36  16
22  42
35  7
34  7
34  10
45  46
21  17
50  35
5  9
31  38
25  6
30  37
24  26
18  34
21  15
21  38
43  28
38  22
21  20
34  6
42  49
25  41
25  23
46  11
15  48
13  40
7  35
9  30
11  25
11  10
24  25
7  44
14  13
38  17
20  10
20  43
51  39
13  45
14  8
14  47
19  50
32  36
13  12
33  9
18  27
24  36
36  32
7  50
20  8
16  12
22  25
46  35
31  39
26  42
45  5
21  17
25  40
14  33
18  43
8  34
33  12
22  48
18  37
27  11
45  9
14  9
18  40
26  8
28  50
9  24
50  34
47  13
42  22
49  41
5  18
6  30
30  16
8  50
35  33
20  37
51  20
39  37
22  6
26  9
45  25
33  39
14  33
13  12
45  42
50  47
42  39
8  15
39  21
44  22
51  18
10  37
35  41
16  35
29  10
24  40
45  12
50  45
43  24
39  43
14  11
37  9
49  37
42  16
47  24
31  44
22  23
49  46
28  16
13  48
23  34
43  24
25  8
9  50
40  28
9  31
5  22
25  9
34  45
40  24
48  9
20  32
7  13
51  15
36  23
33  37
49  18
32  49
20  33
32  34
17  35
37  30
34  18
45  18
42  6
5  25
18  16
39  49
37  37
9  41
5  24
25  38
37  33
51  21
23  45
36  6
36  45
26  25
50  37
18  8
27  32
25  10
16  37
24  28
16  23
43  34
12  13
9  36
17  45
50  24
37  38
14  40
9  43
23  13
10  12
46  19
12  39
32  12
31  30
24  8
50  31
17  10
8  15
38  37
29  38
10  16
21  29
16  12
32  37
39  30
17  26
26  40
26  6
17  36
43  16
16  36
22  41
16  14
13  34
5  39
34  46
50  29
28  26
51  22
30  21
9  17
12  10
33  46
29  30
16  34
9  14
40  11
34  39
11  30
17  23
7  38
45  37
39  14
18  16
26  38
18  18
19  32
23  34
25  29
45  17
7  40
45  46
26  27
24  13
43  34
48  12
22  25
14  35
5  11
36  6
39  29
45  37
15  15
5  27
51  51
51  26
11  41
11  36
18  51
18  7
31  12
35  39
14  19
47  36
19  34
49  26
22  7
19  30
12  23
43  25
49  48
15  36
13  48
5  20
51  35
37  51
42  12
49  39
43  11
6  37
28  45
26  26
13  18
17  37
38  8
33  31
38  24
6  44
14  24
29  11
9  39
43  19
11  34
27  48
43  13
41  43
12  40
50  15
43  32
31  12
40  36
21  14
37  18
11  16
34  13
47  26
50  32
35  20
5  51
51  12
38  40
8  23
10  32
51  43
25  28
20  34
16  7
26  51
31  25
50  6
40  39
48  24
24  22
9  7
27  51
26  38
11  20
44  38
24  24
31  51
14  41
43  10
28  43
46  48
15  6
25  8
37  8
21  27
36  40
39  15
34  38
49  33
11  20
37  36
11  47
10  20
49  34
34  49
6  28
48  25
41  38
31  29
6  43
8  48
35  26
31  36
9  37
10  16
15  22
46  49
5  14
16  22
17  26
43  48
32  12
46  28
34  49
34  51
38  50
25  50
31  9
30  38
39  44
21  12
40  22
27  17
44  20
28  32
34  49
49  29
44  29
10  34
45  32
20  27
5  26
32  47
20  29
32  22
20  32
19  15
42  5
6  40
29  6
45  13
11  31
9  9
29  13
9  22
19  21
25  6
8  13
43  7
11  24
35  24
36  13
34  9
35  12
34  23
13  13
28  33
18  34
41  15
15  30
16  40
15  24
39  5
5  44
41  42
23  38
38  43
6  30
14  10
10  17
32  45
32  18
30  49
24  50
36  48
47  33
22  14
45  50
11  8
43  28
36  39
21  22
25  19
33  35
25  26
17  8
23  49
48  25
41  35
7  24
46  28
36  8
40  50
33  25
13  18
24  39
45  36
36  10
16  12
33  22
39  20
48  46
39  7
27  8
46  45
32  5
38  6
32  19
21  38
37  6
19  32
31  43
39  43
39  9
42  10
50  40
23  44
34  36
39  51
19  49
44  40
5  9
28  15
6  23
13  11
39  40
15  43
30  5
25  25
14  34
9  17
9  42
51  15
39  30
25  19
43  18
44  26
20  43
9  25
20  25
35  25
33  16
9  44
23  51
21  47
45  23
15  8
26  37
43  26
47  8
15  46
34  5
21  5
26  43
41  48
32  46
21  34
36  38
20  29
8  47
16  5
9  48
19  44
27  15
24  49
27  27
30  46
24  39
27  42
51  23
40  7
13  23
29  19
38  46
13  31
34  9
12  50
45  20
37  25
41  7
20  6
37  18
15  16
6  6
5  49
30  6
41  15
16  20
36  51
10  18
45  39
45  28
19  23
9  11
14  12
40  26
46  27
36  45
5  11
16  18
26  7
17  17
13  6
47  26
51  6
47  8
16  27
39  14
42  42
22  7
40  14
31  38
43  16
28  38
17  23
25  44
46  14
10  18
7  29
38  21
50  36
44  46
38  46
17  37
12  31
16  30
51  28
26  7
43  43
42  16
48  36
33  32
12  31
16  41
36  30
24  17
27  20
25  26
47  40
47  13
24  5
45  38
37  44
8  19
48  17
7  27
22  19
8  26
10  22
14  20
51  29
28  21
45  6
38  49
14  43
17  13
33  22
45  27
13  7
40  22
44  21
18  5
22  26
29  19
37  23
20  48
9  26
21  44
48  26
16  49
38  31
36  35
13  29
50  49
48  34
16  37
39  41
27  21
51  24
29  38
41  7
22  47
8  23
17  5
26  44
29  36
39  46
48  8
37  20
21  6
38  35
40  32
48  35
26  6
41  16
49  46
26  28
35  33
23  27
13  22
34  30
28  10
46  23
30  14
40  34
37  33
33  13
41  28
7  17
33  49
20  41
30  35
45  6
18  23
37  21
8  12
19  21
32  5
37  47
38  49
33  50
20  10
50  22
7  20
48  29
34  24
9  32
44  51
22  37
37  34
19  37
34  11
42  49
17  12
51  17
23  37
27  21
14  38
26  45
24  51
15  42
28  28
32  17
20  22
34  6
25  32
14  33
18  6
7  30
34  29
49  25
24  17
49  31
7  50
26  6
13  26
50  50
5  29
17  47
22  17
44  45
43  6
30  24
26  36
47  10
15  37
38  41
33  33
29  34
31  15
29  19
17  10
49  22
38  22
20  9
12  36
12  41
24  47
38  12
19  33
38  45
10  33
28  7
31  47
43  46
41  39
34  12
11  45
16  29
34  23
46  25
25  46
39  48
31  11
50  15
25  35
51  41
33  48
6  13
42  21
32  15
34  32
51  41
16  30
6  44
39  24
23  50
26  33
35  32
39  39
6  50
36  49
43  5
14  51
47  22
18  25
50  17
12  34
22  9
42  6
42  36
35  8
11  39
51  22
13  18
17  18
20  28
36  46
41  32
11  41
41  27
18  11
10  45
23  18
50  21
49  38
14  5
13  42
29  12
42  6
25  35
25  35
12  32
23  6
31  32
33  32
14  42
32  42
27  39
34  21
11  44
23  37
48  40
29  40
5  22
47  19
51  23
31  49
9  34
27  20
33  43
29  26
25  50
48  44
49  27
17  21
50  44
44  16
49  18
24  18
39  16
8  16
19  30
50  18
24  34
20  40
13  12
46  13
20  5
39  41
34  36
35  11
50  16
7  41
50  27
45  37
49  12
37  19
26  19
27  45
19  25
29  38
43  20
12  16
22  42
11  30
5  39
14  46
26  29
50  33
22  41
5  37
17  31
31  45
47  51
29  29
41  11
13  10
24  27
47  33
37  16
16  29
44  51
13  51
13  16
12  41
23  37
38  48
5  14
43  9
19  10
22  36
43  5
26  16
33  26
6  42
11  37
10  47
42  40
24  11
34  31
33  26
43  27
9  37
35  7
28  28
21  18
38  9
16  51
10  25
15  45
9  39
40  42
36  36
23  50
18  25
10  33
15  51
5  8
51  17
7  15
40  12
7  31
33  5
11  16
11  36
34  15
32  33
28  31
40  50
35  29
11  11
39  45
50  20
35  20
18  22
23  29
50  28
40  25
22  14
7  50
14  28
38  41
25  39
31  39
48  34
50  31
32  14
15  30
23  40
50  19
39  19
9  16
48  11
11  16
31  43
38  11
40  11
25  21
23  9
22  24
8  27
14  23
33  16
34  50
37  27
29  9
8  46
33  48
23  39
30  22
42  46
44  45
50  6
38  38
26  10
7  44
21  13
18  34
19  28
24  23
40  15
36  43
24  11
28  7
11  38
7  41
44  7
12  28
11  20
8  43
41  5
51  31
9  48
50  50
10  35
40  42
29  25
6  21
9  22
48  27
13  30
34  19
20  18
22  37
24  5
22  26
9  11
12  34
34  29
45  50
48  28
30  42
10  38
13  16
38  11
33  14
34  15
49  31
11  14
6  39
30  49
23  41
45  39
34  41
47  35
37  7
11  50
25  11
26  8
6  27
41  5
24  43
32  50
35  27
11  33
48  48
38  14
13  11
9  41
11  23
5  40
40  33
16  9
46  9
34  36
18  37
17  29
39  17
19  39
37  14
15  11
41  31
49  19
19  30
45  38
35  37
45  5
5  14
50  16
14  13
33  18
8  10
30  25
39  21
38  34
15  26
37  13
5  17
40  50
37  16
32  39
12  38
21  40
45  8
