8  36
45  45
17  34
35  12
40  32
43  31
15  7
32  49
37  18
20  50
45  24
51  41
37  44
7  30
23  22
32  38
16  42
37  33
23  24
47  39
14  33
10  33
13  32
7  13
47  7
36  13
15  14
22  38
39  39
36  12
38  12
15  6
47  47
21  40
9  50
23  24
7  37
40  37
15  36
23  39
47  10
17  14
18  5
23  36
47  44
5  9
26  26
18  19
13  38
51  19
46  16
51  17
25  20
13  40
51  11
41  19
22  9
30  15
24  35
50  11
40  16
7  29
38  9
36  14
39  27
51  42
38  20
21  51
20  8
20  22
26  38
24  21
18  19
24  51
21  22
40  45
19  6
49  49
6  23
7  33
41  28
28  36
47  42
43  10
37  23
14  35
45  27
15  14
16  7
5  42
19  31
33  17
26  20
10  44
18  16
46  47
40  16
47  43
8  42
21  21
38  5
9  23
36  25
29  16
21  47
6  49
28  9
41  49
51  44
24  35
14  30
47  27
38  34
5  40
49  38
18  14
15  21
16  19
9  8
46  22
44  43
29  38
12  26
47  28
46  42
44  8
35  19
17  22
21  39
26  11
26  29
27  19
10  33
45  37
36  48
27  9
20  11
21  29
42  24
36  28
38  27
42  31
49  32
26  34
17  49
34  28
39  32
36  33
8  40
9  38
7  35
15  41
42  43
21  8
33  45
18  11
34  27
6  6
48  38
22  15
13  27
44  42
23  46
44  48
42  31
48  27
35  36
26  34
44  37
40  26
26  30
12  44
16  46
44  11
11  48
9  12
42  34
6  18
11  28
33  41
28  38
23  32
6  45
19  8
49  7
32  15
47  8
17  9
16  12
43  42
42  28
18  11
6  21
32  12
29  36
29  50
27  15
39  51
18  25
18  40
21  20
29  23
25  8
21  11
14  47
8  47
39  29
22  11
26  16
12  43
5  17
32  40
22  25
20  41
26  48
25  18
16  16
24  9
9  15
42  26
10  45
44  19
33  13
25  19
27  19
31  7
14  7
33  12
44  25
44  23
12  27
49  37
47  15
22  37
26  6
25  50
50  29
7  30
51  21
27  51
17  43
28  28
32  23
37  45
32  39
16  37
48  8
33  36
28  40
29  36
51  13
8  41
48  23
18  44
14  48
18  47
26  22
32  46
42  38
36  47
44  40
9  27
36  13
15  48
7  51
20  37
44  49
29  26
10  18
36  27
10  23
23  27
49  5
25  37
14  30
21  22
40  15
17  11
43  25
23  31
13  12
13  45
51  9
14  51
40  18
17  29
22  17
28  18
36  29
32  12
8  37
16  35
13  48
47  20
16  19
26  13
50  21
7  29
10  50
39  51
36  15
12  42
18  42
42  23
13  49
36  36
15  8
32  25
13  11
37  29
40  35
18  11
34  34
51  5
31  8
36  34
40  50
39  11
8  7
23  33
38  41
28  27
37  6
33  32
11  47
34  6
33  23
47  5
33  40
23  28
18  39
42  25
15  21
13  40
48  22
12  32
28  23
39  22
29  18
11  21
27  28
36  18
32  38
19  18
28  16
44  35
51  51
44  38
28  42
24  40
6  27
30  34
42  11
10  9
11  21
46  25
15  36
9  35
43  45
25  25
17  10
49  10
50  7
27  45
10  45
48  50
31  29
28  7
34  38
8  8
9  25
22  12
15  27
17  45
25  48
35  7
20  17
5  44
15  33
9  12
22  16
48  39
43  11
36  22
32  47
39  40
46  50
14  10
17  16
38  6
34  51
51  25
47  8
36  43
30  7
47  50
28  37
14  6
9  6
29  20
14  29
43  16
23  32
8  21
34  25
23  8
7  27
24  37
39  34
8  18
27  21
51  32
5  30
5  48
29  46
8  47
13  29
40  40
15  29
45  46
12  5
8  9
34  30
37  21
14  36
50  48
24  48
48  35
20  12
31  42
36  17
43  36
19  41
49  37
8  40
39  12
43  17
34  15
43  15
15  49
41  30
45  7
22  10
35  11
32  45
49  42
6  21
22  22
31  38
32  41
13  8
35  44
29  20
6  19
14  22
20  6
35  19
17  19
14  48
30  40
33  25
14  5
29  14
13  12
26  48
42  18
42  17
23  11
8  8
32  30
33  5
11  51
25  35
18  25
18  12
5  32
14  10
37  24
30  14
26  33
5  25
15  48
26  21
51  9
37  46
25  20
36  28
15  51
36  30
17  12
51  18
30  21
16  17
18  28
22  15
45  9
32  13
14  22
34  7
15  14
36  22
46  8
8  8
6  33
31  39
40  49
35  13
19  28
28  35
44  35
31  24
43  35
37  17
35  51
14  12
21  9
17  37
20  29
21  47
46  49
14  15
42  27
46  28
7  9
17  24
18  39
24  25
8  17
40  51
11  30
13  6
31  41
5  42
11  25
39  24
19  18
18  27
49  20
50  21
44  23
48  32
30  17
24  49
32  39
49  20
39  20
10  7
14  32
8  20
7  51
33  40
29  37
43  35
49  9
38  17
33  44
49  50
37  51
37  50
14  50
22  35
49  41
50  5
7  12
38  35
8  22
7  49
10  22
33  7
33  33
34  16
47  50
14  41
46  5
24  11
29  12
21  37
15  51
43  11
33  26
37  11
37  19
14  32
19  15
5  16
25  48
34  26
44  31
15  46
26  48
43  36
21  11
9  28
25  32
19  14
12  32
6  29
33  47
9  13
46  21
27  24
27  24
29  34
28  32
27  23
30  9
40  20
10  6
23  5
51  33
15  39
38  36
51  51
38  40
48  23
43  17
41  20
16  20
35  46
16  9
32  21
49  25
49  38
6  19
40  19
48  15
26  34
10  22
29  41
49  27
13  18
49  19
50  50
22  50
42  31
23  15
28  13
20  35
9  49
5  41
34  29
34  50
44  6
51  36
49  34
34  35
29  18
8  49
44  8
51  50
23  10
25  16
44  43
37  10
15  37
43  25
22  31
37  22
12  45
48  38
18  36
27  41
48  14
43  41
16  14
45  11
34  23
45  50
30  19
5  40
15  36
21  5
7  18
19  48
47  28
26  9
21  10
18  48
20  20
20  5
29  26
32  37
11  16
35  47
41  34
10  9
18  20
20  27
12  17
6  50
39  43
18  8
29  25
9  12
20  32
21  36
13  39
13  39
44  27
27  43
5  33
23  35
14  41
28  40
40  12
19  42
37  24
28  20
11  46
24  15
10  10
39  9
16  9
33  15
10  32
13  14
31  32
23  27
30  6
8  36
16  23
33  42
51  40
48  49
43  6
37  22
20  43
34  37
22  46
36  22
10  21
27  22
34  51
37  19
18  8
20  13
30  30
50  29
38  33
10  50
24  50
16  38
20  51
48  28
17  47
20  8
30  36
47  32
46  30
13  46
20  39
11  17
35  20
27  6
5  27
16  36
47  38
7  38
6  29
29  23
39  21
46  11
27  26
7  40
5  9
26  8
36  22
14  12
16  51
43  27
24  7
24  37
38  26
11  10
46  48
22  15
44  51
42  9
11  30
46  28
11  21
30  31
16  27
11  31
35  32
45  6
40  39
46  45
23  31
47  48
12  29
24  9
35  29
32  29
11  14
30  46
42  31
42  33
5  10
33  25
28  47
13  48
24  8
7  7
16  28
20  32
26  8
41  35
29  12
7  43
30  23
36  41
27  49
11  23
12  21
49  14
48  18
7  14
45  29
18  47
8  42
49  42
11  9
23  5
35  48
38  49
50  33
36  6
14  16
36  32
37  7
33  50
29  20
8  40
22  46
30  35
11  33
36  22
29  32
51  42
7  21
33  39
27  37
49  15
36  11
21  40
30  13
25  45
5  10
36  7
24  34
48  5
50  36
48  12
34  7
25  46
40  39
26  9
43  39
51  33
20  20
10  8
9  35
11  38
47  21
14  15
7  44
15  40
51  15
27  16
12  48
41  46
31  35
11  42
22  23
5  35
24  46
21  19
51  49
10  46
12  42
49  10
8  6
19  41
28  43
47  49
39  47
40  6
9  34
8  36
50  5
42  40
24  33
18  43
34  20
21  14
19  26
42  22
10  32
29  39
9  26
44  11
24  28
7  47
29  25
33  13
16  43
15  21
19  37
5  7
38  41
12  30
25  49
19  21
19  18
9  49
5  16
43  47
13  36
24  48
30  9
37  30
39  38
21  34
42  16
34  5
40  34
23  21
33  22
13  15
34  28
34  31
15  30
21  49
40  39
26  32
17  16
41  7
28  21
47  6
26  41
51  47
8  30
5  16
27  32
43  27
14  8
10  37
51  18
25  33
39  13
46  40
33  6
49  22
43  6
36  17
42  43
35  8
6  19
20  33
49  45
22  5
37  37
48  21
10  8
19  24
15  48
9  36
35  29
42  36
14  11
5  20
15  40
11  40
20  34
43  45
8  10
22  46
29  15
43  29
45  29
18  29
16  27
21  39
38  5
48  10
26  6
46  21
24  6
25  12
22  39
6  32
50  44
51  40
37  51
18  33
19  8
14  42
5  35
42  47
35  18
43  21
11  24
16  31
18  44
24  29
12  51
35  38
49  39
12  10
12  46
24  35
42  51
21  21
28  22
11  12
40  37
33  28
23  33
29  5
22  16
14  25
50  18
41  50
50  32
10  45
26  37
29  22
20  24
21  26
47  50
35  8
44  10
18  36
29  16
25  24
30  24
26  14
12  5
34  29
34  14
14  19
27  35
30  17
34  9
47  36
8  22
45  30
17  18
7  8
6  49
14  17
42  43
30  10
40  9
35  51
42  41
13  17
44  7
17  20
5  44
51  27
45  31
26  34
44  39
20  40
29  32
45  49
8  13
33  17
46  39
41  17
39  16
39  12
8  37
35  23
39  20
22  38
17  40
6  30
24  26
27  48
33  14
6  11
49  9
31  18
10  45
34  44
22  25
41  14
10  12
24  22
27  14
30  26
13  46
31  40
32  40
17  44
5  10
26  34
49  18
22  51
48  10
15  48
7  8
25  45
5  40
20  28
20  13
27  45
29  33
15  32
23  11
6  6
45  24
48  13
32  40
35  43
41  6
8  20
11  39
16  42
22  38
42  30
13  22
9  46
20  36
42  29
32  38
36  32
16  36
20  31
25  11
35  39
42  38
21  35
51  30
28  37
15  38
35  45
12  43
7  25
8  40
21  33
43  8
37  17
48  27
28  23
50  14
36  41
7  34
34  19
19  21
14  12
15  36
41  34
31  32
51  23
40  18
49  36
21  11
5  14
41  25
11  16
42  15
18  46
40  30
27  22
44  29
17  50
27  23
11  33
49  15
16  19
12  13
40  41
5  48
30  47
15  43
15  26
39  34
18  27
35  35
47  36
11  12
19  26
24  37
49  27
16  43
25  33
5  51
11  21
39  20
8  38
39  14
19  29
29  10
30  44
47  49
15  51
22  45
35  17
26  18
9  20
24  35
28  44
5  51
40  11
20  18
8  21
21  29
49  27
9  10
50  16
34  48
18  51
48  28
28  36
34  31
42  36
16  36
18  36
20  39
34  37
28  13
37  19
41  26
9  45
43  27
5  20
51  46
18  42
20  23
18  12
20  45
38  27
38  31
46  11
15  43
33  47
21  49
7  17
32  5
6  30
32  43
33  30
36  38
18  17
37  25
50  32
28  22
22  30
19  19
31  24
51  14
35  6
40  36
44  15
18  37
9  32
31  38
6  10
28  28
48  44
13  44
33  35
38  18
30  46
34  22
26  12
26  14
9  32
24  51
50  16
20  37
11  15
11  19
6  12
16  46
18  33
43  43
51  21
37  40
39  46
40  16
26  12
10  50
45  22
11  36
20  25
48  13
41  12
38  33
21  34
31  46
12  10
40  49
15  24
51  36
46  10
30  42
5  51
14  18
6  25
30  50
18  12
42  13
8  51
9  23
36  39
22  44
34  44
19  36
20  36
44  11
19  48
21  29
33  16
23  31
8  43
49  35
19  24
51  32
6  35
40  39
50  48
38  7
21  10
9  23
28  29
9  37
12  37
23  24
23  46
16  44
28  15
23  24
15  41
11  13
42  17
36  20
21  44
49  32
7  32
28  43
7  26
10  9
7  39
15  38
34  24
51  28
47  22
48  32
26  39
30  45
26  10
14  49
15  30
14  49
14  10
8  48
5  8
36  39
19  25
7  12
26  20
50  31
44  23
38  11
9  50
38  9
42  6
9  16
21  17
48  5
22  34
15  28
8  23
48  13
10  51
27  51
7  31
43  36
50  38
47  45
26  41
46  29
18  15
35  49
11  16
35  19
47  16
10  29
47  49
40  21
43  21
31  13
41  9
12  46
49  25
46  22
32  23
45  35
48  45
18  29
23  28
38  43
6  10
26  37
21  17
8  17
14  44
50  17
49  32
44  11
41  44
17  20
49  6
50  34
33  10
35  26
24  20
42  16
46  15
17  44
32  16
22  24
51  35
9  33
33  46
12  32
44  18
13  24
22  45
10  11
44  13
45  32
11  10
31  30
44  22
49  13
34  48
46  50
32  40
37  47
41  30
14  14
39  41
42  14
17  44
23  49
38  9
11  27
19  43
40  12
28  46
48  31
19  51
7  9
22  21
47  27
33  38
9  20
31  23
18  36
25  48
20  9
19  38
43  13
40  32
23  37
46  35
36  10
9  12
39  44
37  14
12  15
41  23
20  26
30  7
31  31
31  38
5  9
31  11
9  21
37  12
20  35
26  34
21  28
33  15
23  16
24  14
47  37
32  32
16  45
49  18
5  5
35  15
14  51
37  11
35  48
23  6
10  50
39  19
29  39
25  11
11  21
16  17
38  19
17  8
30  30
5  37
35  49
21  20
46  30
51  6
33  6
8  43
33  7
13  26
30  20
21  12
18  26
18  32
34  46
38  42
43  47
22  15
16  49
12  9
5  25
50  46
21  26
9  33
10  13
26  6
17  45
40  11
11  5
51  44
16  5
7  29
6  20
44  42
17  37
17  50
16  6
5  50
37  47
32  15
48  7
46  15
7  46
11  19
25  51
35  49
27  13
8  22
39  12
39  8
47  14
20  29
27  51
10  15
27  14
14  16
28  38
35  5
34  24
47  9
43  20
8  18
21  28
42  11
28  29
36  13
24  40
20  51
10  11
7  26
20  39
35  49
50  17
51  40
44  37
50  11
51  39
49  21
35  28
19  25
22  23
25  44
41  17
25  21
12  14
12  41
45  31
5  12
22  5
38  37
23  42
11  13
37  5
48  21
32  30
51  13
51  35
10  46
6  40
27  20
8  48
23  18
45  17
38  42
46  21
37  12
48  39
5  10
28  48
23  37
47  46
20  38
17  36
13  5
45  23
10  51
48  17
15  44
38  8
23  22
24  51
45  37
11  34
48  47
8  48
9  17
44  11
35  29
22  18
39  11
42  8
51  28
8  23
34  36
31  48
32  5
21  13
36  11
9  20
43  49
44  51
34  48
14  29
42  19
31  48
5  42
24  17
37  9
8  28
6  7
20  40
15  32
33  32
34  14
30  46
19  9
23  5
27  18
29  49
18  32
24  27
18  5
45  24
40  8
11  50
13  30
23  31
27  16
8  20
39  29
40  20
37  40
21  20
38  44
11  49
40  41
18  16
18  23
33  39
26  12
41  30
25  24
36  14
45  39
40  34
42  22
10  12
19  31
25  38
21  33
46  31
19  44
51  10
32  25
42  8
41  20
43  42
35  17
7  8
16  25
35  14
20  33
50  43
37  46
29  15
13  27
12  50
26  30
43  23
38  22
50  46
50  8
50  8
30  44
28  14
33  40
34  49
31  29
13  26
20  48
18  48
21  28
45  22
15  42
13  25
17  24
12  19
41  47
26  43
27  43
13  42
32  18
32  26
10  47
39  41
24  36
24  11
43  11
48  40
28  25
5  36
23  46
23  40
10  22
44  26
12  10
45  12
35  29
9  46
36  25
12  44
34  19
50  23
30  22
23  21
44  42
16  35
5  25
32  5
19  49
39  39
42  20
5  30
35  8
36  8
12  50
8  38
23  41
11  19
49  17
15  14
36  26
12  35
33  35
39  23
48  8
24  50
49  21
27  36
51  17
21  27
7  11
41  15
34  39
48  27
19  15
35  29
25  42
44  38
26  46
12  40
43  19
14  28
9  37
15  44
15  41
35  9
34  15
25  32
8  47
51  27
21  47
12  7
33  7
41  7
32  51
51  44
48  28
11  41
44  40
16  49
49  17
47  40
26  10
18  43
45  25
40  40
8  42
48  46
15  28
31  12
45  47
46  25
6  43
20  37
43  42
21  44
44  24
17  34
38  31
44  43
26  6
21  19
27  17
47  14
21  22
31  20
27  21
25  42
32  28
16  42
34  21
23  23
7  22
23  24
12  44
30  38
36  48
36  8
7  46
39  5
12  13
47  10
27  37
45  44
35  13
24  32
13  48
39  13
6  35
51  24
16  19
39  45
8  43
34  40
16  49
9  41
6  15
15  19
38  6
26  21
50  49
12  51
28  10
41  43
46  35
40  16
36  49
27  20
9  19
41  32
38  22
46  31
39  16
43  45
39  21
45  30
48  43
24  21
6  38
44  49
50  39
19  5
22  46
33  19
6  22
51  21
12  22
50  21
24  46
9  48
27  38
32  17
9  34
21  22
19  36
7  37
5  26
46  15
5  40
32  22
49  5
43  17
26  15
47  36
10  12
32  24
31  46
7  24
41  31
5  43
49  31
23  25
47  47
17  9
47  24
27  36
46  47
48  46
38  27
47  17
38  26
29  26
50  46
34  10
46  29
27  49
6  18
5  22
43  32
12  41
51  15
51  7
8  35
44  25
50  13
10  6
6  39
37  18
27  50
16  34
36  35
47  48
32  17
34  35
26  13
41  38
43  9
21  32
36  34
41  50
17  44
37  28
7  46
37  30
23  5
16  15
24  7
23  16
38  18
15  8
8  29
34  28
19  51
50  5
5  32
18  42
41  34
23  37
30  31
48  25
35  24
50  46
33  33
35  24
11  17
19  43
48  26
10  19
15  31
44  9
22  43
25  35
21  13
42  36
47  43
23  28
9  51
38  33
12  9
14  40
48  44
45  13
33  5
16  50
5  43
14  35
27  34
33  17
45  33
25  51
23  24
44  28
42  21
18  29
14  15
50  31
14  6
34  20
11  45
50  27
7  31
9  11
11  37
47  29
37  12
28  18
45  6
23  27
41  26
15  41
51  11
48  38
25  40
51  27
44  27
28  36
11  39
49  11
21  8
15  23
46  19
5  23
9  13
46  29
11  11
37  14
50  9
28  10
26  42
36  36
35  48
23  46
51  46
43  22
25  9
31  37
42  25
17  27
39  41
5  25
27  15
43  37
6  46
6  44
21  28
31  30
25  30
31  12
30  7
22  14
32  51
9  40
29  7
17  33
48  24
12  22
45  20
19  18
45  43
31  9
25  6
38  38
19  29
13  27
20  30
41  51
42  39
12  50
44  44
42  29
6  21
32  37
48  40
29  30
14  47
30  32
40  45
26  17
20  30
49  51
29  31
11  7
23  21
43  8
45  24
13  35
9  5
32  27
39  26
6  33
35  12
41  7
22  33
45  45
51  42
11  20
49  49
30  37
11  50
48  6
22  15
15  21
12  37
35  41
47  15
11  8
14  49
49  45
27  9
21  50
50  36
42  50
18  27
41  38
9  39
31  39
7  17
29  49
34  5
43  7
36  46
6  42
22  13
29  13
39  27
13  19
28  12
41  25
32  12
39  15
37  16
39  39
13  38
47  47
8  11
11  26
46  17
25  46
39  31
40  13
43  51
46  19
16  43
26  19
47  10
20  23
20  50
45  6
13  30
45  16
42  13
46  6
26  11
21  28
22  48
26  8
21  10
16  21
26  38
38  12
42  47
50  8
32  26
5  6
29  16
24  14
23  35
10  12
36  15
23  27
13  27
34  35
17  39
5  25
34  20
27  16
37  18
42  32
9  27
34  48
47  5
47  42
46  26
20  14
14  7
36  15
51  31
49  7
25  23
40  48
22  39
36  15
5  40
24  39
7  13
47  49
13  43
33  32
5  36
8  46
28  11
23  50
20  31
12  33
15  18
50  26
36  45
46  30
37  25
14  32
17  10
41  45
13  11
22  11
29  13
22  34
30  29
14  38
8  15
19  13
26  15
25  46
41  41
18  13
38  35
6  29
17  38
22  30
24  30
41  31
43  45
19  29
26  10
19  5
47  24
33  16
7  13
47  25
35  11
48  30
29  49
51  31
13  15
6  23
44  26
16  19
49  42
8  26
51  18
21  20
36  45
32  10
48  22
39  48
38  46
38  28
7  13
42  33
40  46
27  7
40  10
26  47
44  32
38  39
46  19
35  5
28  50
27  13
46  35
49  7
7  46
8  24
46  6
47  14
46  38
51  19
15  16
13  7
21  42
22  13
17  23
50  45
14  26
18  23
12  48
14  12
37  49
20  21
35  39
35  14
45  46
22  45
12  42
34  46
14  13
37  11
16  7
13  19
18  19
49  16
18  30
30  32
40  40
20  12
14  24
49  22
47  30
20  40
27  40
27  39
24  27
12  46
18  25
33  38
44  44
51  7
43  20
35  6
12  28
32  17
5  7
6  29
51  26
14  6
29  16
30  9
25  16
16  9
14  21
5  51
19  46
44  17
46  51
47  11
24  50
23  19
13  36
18  31
10  17
10  11
31  28
25  13
22  14
20  27
47  50
26  12
20  20
27  29
17  40
12  51
11  39
14  5
51  15
42  42
16  28
42  49
24  33
12  10
23  25
39  22
5  35
15  46
35  10
28  8
29  15
16  18
34  33
18  10
45  17
25  33
39  25
42  12
5  32
23  20
45  27
5  9
6  21
16  23
17  34
22  32
9  38
38  26
37  44
29  13
21  10
23  31
22  24
38  45
23  16
38  45
9  6
32  46
30  9
51  31
49  36
16  14
14  32
20  49
10  50
43  19
26  46
5  18
33  44
36  48
37  25
27  46
9  29
11  28
25  10
25  37
6  11
22  38
34  27
13  50
41  39
18  47
35  5
25  49
14  21
13  23
24  50
37  40
25  34
18  47
48  18
6  15
44  50
48  48
17  8
9  5
27  6
23  42
19  18
20  12
23  40
21  31
22  10
40  44
5  36
40  21
7  43
10  13
32  34
13  28
23  10
34  50
42  16
18  48
45  48
8  30
18  38
32  44
16  44
25  39
21  49
21  22
33  41
18  11
17  18
35  12
17  37
16  29
17  51
29  32
40  30
25  32
33  32
39  14
36  12
49  11
40  5
50  12
15  47
43  49
9  49
39  23
7  40
40  50
41  37
7  50
50  51
11  24
5  21
35  18
30  30
14  49
46  43
44  39
30  8
13  14
31  49
45  42
37  11
11  36
18  38
48  30
35  20
49  27
39  26
31  27
7  35
42  44
34  13
44  41
12  28
7  46
33  10
49  48
42  29
32  13
45  39
8  32
23  40
42  7
40  7
17  34
12  23
31  37
6  7
32  44
38  20
25  13
18  37
5  5
40  24
28  28
10  45
49  42
46  6
26  38
19  18
17  48
41  50
49  14
40  30
26  29
39  29
15  13
33  33
20  47
11  25
5  7
15  8
20  16
12  20
21  42
43  17
26  18
28  9
50  32
18  41
42  34
27  29
45  31
9  46
36  24
30  44
17  38
41  35
13  46
47  13
5  31
27  48
21  20
27  51
42  30
43  48
23  33
10  43
7  36
44  27
39  19
29  46
22  46
37  23
48  24
48  34
24  24
50  6
17  42
36  9
11  37
29  10
14  21
36  46
9  11
9  14
17  46
29  6
24  20
47  18
33  31
44  49
50  9
31  16
17  21
11  30
38  49
27  32
11  29
27  47
37  25
32  46
31  21
25  36
36  25
22  32
20  35
39  29
10  38
13  27
12  28
44  34
17  10
18  22
41  5
22  22
5  15
42  15
49  45
50  24
47  18
41  20
30  30
34  29
10  31
39  25
20  42
41  12
47  38
26  25
26  36
7  44
31  33
21  38
42  42
20  34
13  26
16  33
16  47
41  6
38  11
26  6
8  35
14  9
21  47
26  37
46  14
27  21
43  46
39  42
7  11
47  5
43  47
44  8
18  34
41  51
22  11
35  38
18  23
47  43
18  46
44  43
17  51
33  32
47  33
49  16
39  12
17  23
31  23
19  21
45  37
26  44
20  20
10  8
34  42
30  48
10  20
6  44
43  43
19  40
39  42
39  46
50  6
49  46
42  15
20  43
26  11
13  43
49  20
20  9
51  5
14  32
15  42
45  17
6  46
42  35
46  44
42  35
13  33
15  34
29  26
19  43
15  27
42  27
35  45
16  42
11  23
51  41
37  35
30  34
20  31
46  36
45  28
44  29
24  7
30  9
46  43
8  36
36  23
38  9
19  10
29  27
32  21
48  47
51  47
46  41
25  45
31  7
17  22
34  13
15  21
47  44
31  49
44  9
44  18
42  28
18  39
50  27
36  24
31  26
8  39
25  23
10  13
40  31
49  27
43  48
44  17
13  45
16  37
30  19
44  41
12  12
9  7
22  36
13  16
42  9
13  33
11  35
32  26
45  26
32  7
36  9
38  15
30  49
17  31
29  18
26  22
24  8
37  32
26  17
21  15
30  38
20  42
33  32
15  30
40  36
5  22
21  11
12  47
23  22
30  17
29  11
24  24
34  28
18  43
50  30
38  11
42  35
21  36
27  8
35  24
21  14
24  20
49  49
6  10
47  45
20  25
49  39
13  30
9  46
19  49
6  34
29  16
46  30
9  40
38  48
23  26
8  7
50  28
39  8
40  40
23  14
49  29
50  14
27  42
34  44
45  38
47  18
12  21
40  26
25  43
28  41
24  14
38  21
45  34
11  7
38  44
49  15
37  37
9  8
29  25
35  8
26  10
25  35
31  28
15  29
13  31
6  14
6  14
12  44
28  21
19  9
26  21
47  37
32  33
42  45
42  47
45  44
22  44
30  31
30  7
41  38
18  39
10  38
12  11
48  49
8  9
49  20
45  47
35  31
7  50
42  7
36  43
38  22
15  37
41  19
37  20
34  5
17  9
10  8
21  45
33  23
37  34
33  18
20  5
31  51
22  42
35  18
28  25
31  46
19  40
14  7
28  45
40  9
46  10
39  29
15  11
46  15
36  49
5  13
19  39
37  36
47  38
31  13
8  10
10  37
24  38
7  31
38  10
44  32
6  35
31  19
21  12
11  25
21  35
42  25
25  9
29  40
13  10
40  35
42  6
37  19
17  27
44  32
39  23
37  34
46  21
36  36
14  46
40  35
13  20
26  27
49  40
20  9
25  17
9  22
30  12
46  33
14  34
43  41
29  43
46  15
18  31
36  6
47  18
11  8
51  13
32  20
30  32
29  14
36  34
34  43
32  39
11  10
47  24
44  48
26  39
37  45
34  9
15  18
33  47
29  26
10  41
6  15
26  18
14  49
23  12
48  46
49  19
11  28
10  18
8  38
33  11
49  6
29  14
49  44
28  47
18  40
44  35
13  41
25  9
38  9
10  48
11  35
43  24
49  33
38  26
8  41
20  24
39  5
32  37
6  48
35  7
31  10
24  11
9  51
39  10
34  36
10  9
9  10
26  15
46  41
7  25
37  28
44  18
39  12
5  26
29  30
23  40
28  19
51  10
9  5
41  34
33  35
33  21
51  25
22  27
48  29
33  42
40  33
45  20
6  26
34  12
16  49
6  15
22  8
11  47
28  13
20  40
9  44
10  27
8  33
5  14
22  6
27  32
15  35
32  36
28  13
20  30
36  13
29  37
20  50
23  49
23  47
34  43
32  33
38  36
29  6
36  35
16  9
34  22
31  45
43  25
40  18
7  6
43  22
26  31
34  22
14  32
50  12
5  24
45  42
34  43
16  14
26  26
40  12
44  37
42  6
21  29
26  17
14  31
17  45
45  47
38  39
14  50
11  50
8  17
20  5
17  24
9  35
47  15
29  47
10  36
14  9
36  21
12  5
13  43
6  12
18  6
29  26
36  43
37  51
15  18
20  26
20  43
9  7
23  47
28  41
20  46
10  15
15  27
26  28
15  31
5  39
39  40
5  31
18  19
39  36
34  21
30  51
12  43
30  5
31  11
24  12
27  35
46  13
28  49
11  40
44  50
42  24
15  39
47  21
34  36
32  23
41  11
44  48
19  31
42  12
49  41
5  50
15  44
32  39
51  21
11  47
36  32
27  37
48  27
27  42
35  11
23  42
33  50
17  37
17  11
39  37
22  19
19  22
27  43
29  32
39  30
39  35
26  10
37  39
46  30
21  32
12  13
13  21
30  45
51  37
35  14
32  5
48  31
18  14
12  25
9  11
35  37
23  6
16  39
39  13
27  17
20  47
38  17
5  43
42  13
37  12
13  11
23  47
22  9
25  44
32  46
9  30
40  14
51  29
14  34
42  23
12  9
18  24
35  34
24  40
7  35
20  18
24  45
39  36
6  42
24  27
46  34
33  17
36  37
6  41
28  8
47  46
14  35
5  5
43  19
38  17
19  16
32  43
16  15
5  10
40  31
40  16
25  38
42  8
29  8
5  6
23  7
18  23
26  32
14  15
18  38
44  15
37  6
13  39
7  41
23  23
35  39
20  27
13  32
48  9
15  41
49  48
9  23
43  25
25  33
32  11
50  27
10  30
34  27
39  44
41  33
10  34
15  16
18  48
13  32
37  25
7  42
45  22
33  9
36  12
18  13
15  9
45  30
34  18
43  31
40  22
36  7
9  48
43  50
5  36
48  17
16  35
40  27
7  13
13  43
19  11
17  44
35  24
33  17
36  40
35  48
10  34
38  19
34  29
35  12
15  11
21  9
36  33
38  23
51  34
11  12
35  8
14  19
19  43
6  15
27  9
30  42
48  23
7  34
34  30
39  21
38  47
32  5
21  12
32  13
46  27
15  23
13  50
43  6
25  43
9  32
49  6
27  9
8  32
16  28
26  11
23  29
36  49
12  13
12  30
41  8
32  31
11  5
28  18
44  18
20  35
21  34
8  48
9  51
16  29
23  15
13  9
45  24
44  38
33  43
26  35
35  40
38  49
45  17
18  23
51  40
17  11
33  38
17  48
17  26
37  26
7  12
47  29
10  6
47  17
29  24
23  26
34  29
31  46
15  47
12  26
51  32
31  28
44  32
22  10
6  24
44  13
23  43
14  29
5  19
35  35
24  50
7  46
27  27
6  11
50  25
37  44
17  39
50  31
25  16
41  32
34  45
33  13
39  28
47  49
25  25
37  12
23  51
22  48
14  10
23  25
34  24
41  37
18  6
8  27
49  48
18  33
33  37
20  18
16  26
11  43
45  8
51  42
29  22
21  28
24  37
32  33
20  5
50  8
20  37
6  20
6  40
15  48
42  5
27  51
5  27
5  50
14  6
11  12
15  33
31  14
39  5
14  42
12  11
30  16
38  38
13  42
46  47
42  39
13  23
21  19
23  19
30  29
20  32
35  11
44  20
19  28
8  43
37  45
47  33
14  47
9  37
12  46
26  50
12  41
21  24
31  9
47  30
39  46
22  39
33  48
10  18
9  31
42  29
12  29
47  43
15  34
8  49
14  12
22  10
14  50
20  12
41  41
37  28
48  12
51  36
33  45
47  47
23  48
39  38
51  5
10  19
29  48
30  42
19  24
51  37
18  18
41  40
41  12
21  21
39  28
6  41
27  30
15  21
18  28
15  27
25  13
37  8
36  5
6  15
21  35
11  51
23  35
14  9
26  29
27  21
26  30
50  19
43  40
22  35
40  12
43  35
6  13
6  35
29  18
49  50
22  39
44  51
34  38
28  34
12  32
42  19
12  31
50  24
13  32
50  17
36  28
41  6
6  24
41  36
24  11
33  6
11  35
44  18
21  46
41  20
26  48
11  46
42  44
23  44
8  8
18  17
34  39
31  10
15  26
19  19
36  41
23  16
22  50
46  41
31  51
5  36
48  43
37  13
18  11
15  33
29  17
7  49
20  24
11  27
37  9
24  26
16  28
26  10
38  44
30  27
15  39
33  19
7  37
41  17
39  44
46  17
33  9
15  41
30  18
23  26
22  47
50  46
30  8
33  51
24  28
25  40
41  36
46  39
34  36
22  39
36  28
13  37
35  13
16  33
38  7
39  32
23  39
39  46
10  28
44  9
25  35
44  11
15  26
38  5
41  18
47  45
43  22
43  29
43  8
36  29
12  10
11  9
31  10
14  43
26  17
10  22
36  11
28  45
46  48
33  24
19  50
51  45
18  34
7  11
7  32
29  41
43  32
14  6
33  33
15  48
39  21
29  8
34  48
34  30
28  22
37  43
16  28
33  32
16  20
12  24
19  41
39  25
22  19
15  7
16  17
25  40
25  46
5  24
29  35
47  45
8  35
17  39
41  6
23  17
46  31
38  46
11  27
44  33
9  45
42  48
51  25
28  46
25  49
48  20
7  13
17  24
22  20
40  13
43  34
47  28
29  7
48  48
31  39
40  37
20  24
35  24
15  50
14  48
36  43
18  33
25  28
23  25
17  51
50  10
19  22
45  48
50  30
41  15
28  37
44  45
40  38
49  26
36  23
38  18
44  24
13  38
40  39
38  37
11  14
37  42
16  6
42  20
9  18
30  43
47  29
8  39
27  44
24  45
45  36
19  24
35  22
41  35
17  27
11  7
26  14
37  48
12  47
14  19
42  46
48  6
35  38
36  39
22  12
8  46
31  38
14  9
22  35
12  30
12  51
25  47
26  48
8  19
40  24
13  32
31  18
44  28
16  7
9  36
49  17
39  45
27  7
8  51
36  19
10  12
8  35
9  45
28  32
48  16
29  24
25  8
38  11
16  49
38  20
14  25
20  11
10  42
7  29
31  5
45  26
30  9
29  32
39  11
43  36
41  36
24  39
26  22
26  17
22  5
47  42
36  32
22  20
44  19
49  43
11  15
26  11
30  18
11  49
32  26
27  37
10  42
32  11
17  23
34  51
36  33
28  20
36  19
7  36
36  50
42  13
9  31
42  44
12  38
51  46
43  47
16  50
32  35
46  44
36  20
37  29
36  6
44  15
21  32
41  27
23  36
40  43
22  46
29  23
5  37
39  27
25  23
22  44
8  18
49  40
38  13
37  34
33  6
51  7
50  10
40  28
32  39
9  12
33  28
22  17
47  32
21  32
22  35
29  28
37  29
34  12
33  7
16  14
32  27
12  48
42  8
49  34
25  23
7  10
39  46
13  40
10  44
51  44
19  20
8  40
10  31
26  23
10  28
33  45
47  6
19  9
20  26
30  24
32  6
46  7
30  25
19  17
26  42
18  12
37  43
51  31
11  37
21  9
46  43
26  35
47  38
38  43
13  41
11  50
10  10
50  39
47  17
29  13
32  41
13  25
51  43
42  45
22  48
43  48
42  5
37  13
17  44
44  27
12  24
25  45
32  32
29  42
38  26
30  17
45  31
38  11
47  32
24  51
10  23
14  10
41  20
19  47
19  25
29  12
43  12
43  15
21  38
46  46
29  43
24  11
14  27
28  32
14  31
24  6
19  49
47  5
6  37
41  39
44  29
50  14
27  31
35  24
40  26
11  37
48  19
37  51
20  46
24  25
10  38
11  25
40  32
23  33
14  30
17  34
30  16
42  20
46  25
27  13
9  36
27  11
10  21
14  35
32  49
20  6
14  12
31  26
38  12
29  41
42  26
50  24
10  46
39  8
5  38
49  11
14  14
38  45
27  7
39  28
26  20
31  43
15  10
42  10
17  24
11  5
36  15
32  28
16  13
41  51
40  31
25  11
12  37
44  13
42  14
10  7
16  22
23  20
22  40
5  5
7  12
47  33
12  17
7  18
14  22
48  23
34  29
48  41
41  28
47  5
9  38
34  37
14  26
42  29
44  37
29  9
28  5
35  39
12  46
19  17
25  20
45  37
5  8
30  14
48  46
48  28
35  7
41  20
6  14
36  19
35  25
35  35
29  49
13  23
45  24
44  39
10  37
27  9
49  12
26  8
30  36
46  34
7  36
15  25
30  6
6  13
28  41
43  23
15  32
10  9
8  23
25  39
32  24
38  39
9  24
28  27
22  9
5  24
44  42
23  33
49  36
33  33
36  34
45  14
36  39
23  30
6  35
49  24
44  36
38  17
34  49
17  7
19  40
14  21
28  40
40  25
29  7
26  11
15  11
46  5
48  8
25  21
29  26
42  51
14  18
21  50
28  30
51  42
10  5
45  24
32  10
14  32
21  37
23  37
18  51
28  50
47  15
49  35
51  15
29  47
26  38
18  49
18  8
42  25
9  42
41  18
35  40
18  5
27  37
27  29
22  21
46  44
39  44
31  23
43  17
9  35
25  19
34  36
28  51
38  25
42  11
35  49
29  24
21  22
32  6
28  25
44  27
11  41
44  36
40  36
41  12
48  41
8  8
22  27
40  7
44  37
7  23
30  14
50  25
33  11
45  17
14  34
32  18
24  16
42  5
39  15
23  12
15  44
39  16
24  23
41  40
15  20
36  22
17  17
40  23
46  44
20  40
12  8
7  45
42  45
50  35
11  21
11  14
22  13
20  36
42  43
17  44
37  38
22  14
39  23
30  17
39  31
51  34
43  36
36  25
17  47
27  7
35  44
51  41
5  26
25  36
17  30
27  12
42  5
14  9
11  33
33  15
49  39
38  46
37  40
35  26
35  41
44  14
10  14
24  29
42  39
30  42
5  9
8  11
32  14
32  24
34  35
29  13
17  26
14  31
34  38
13  17
24  25
14  29
9  29
28  45
48  24
28  15
12  22
13  13
48  16
41  5
21  29
19  28
27  50
23  40
12  31
16  9
39  44
33  19
42  19
40  45
20  19
18  16
41  35
51  29
51  32
20  42
26  33
49  29
44  32
33  39
5  49
20  40
36  21
48  23
49  41
7  9
7  24
46  33
31  25
19  7
43  31
43  16
42  42
24  37
46  12
51  33
48  29
25  19
20  45
26  45
47  42
48  32
15  50
9  20
9  23
20  40
27  12
35  34
15  15
46  17
39  23
23  48
42  46
6  27
36  25
26  51
45  45
18  21
14  32
23  51
30  10
45  27
19  12
47  6
5  14
14  37
14  16
34  12
27  31
28  15
11  33
40  42
31  36
31  9
13  34
51  5
15  49
50  17
9  24
13  15
38  28
38  21
7  20
49  47
33  36
46  42
51  24
45  18
6  51
22  27
22  25
41  9
21  30
30  24
43  50
27  36
50  21
25  5
5  14
47  35
29  43
20  8
42  10
9  34
51  48
47  19
10  9
27  49
34  9
44  25
46  23
32  47
34  16
47  45
23  41
18  49
18  28
5  49
47  37
49  30
30  26
45  22
31  30
7  30
24  48
15  26
24  12
44  11
11  45
17  18
33  27
37  38
40  20
10  21
26  14
35  32
45  14
39  11
10  22
21  40
44  36
39  29
47  32
51  23
15  37
7  32
22  8
22  48
33  27
49  21
45  40
43  30
37  7
18  36
30  34
32  30
13  6
13  22
46  22
11  28
24  39
24  44
31  23
49  43
22  5
50  37
51  15
51  24
33  10
26  23
51  13
33  14
32  42
8  42
7  5
27  29
36  9
23  46
37  18
26  28
39  44
51  12
51  31
17  27
15  11
21  17
34  25
48  27
34  25
24  6
12  21
11  17
46  37
32  11
12  18
27  9
24  34
50  8
34  12
40  47
28  49
7  23
15  45
16  14
18  20
6  31
11  46
38  42
29  48
6  42
29  39
34  50
33  49
29  7
10  15
32  47
24  8
18  15
37  37
43  22
11  48
48  47
13  50
24  43
35  31
10  34
38  7
21  15
48  32
44  41
48  11
5  29
30  6
36  16
50  21
30  34
15  7
24  24
42  38
49  30
40  27
23  36
48  22
12  19
35  48
6  5
40  23
38  50
48  37
29  45
45  38
16  47
18  25
20  17
24  29
51  11
45  12
46  29
17  40
12  45
29  14
34  18
20  19
28  42
43  45
12  13
31  29
46  45
10  41
6  33
9  27
30  51
45  40
38  11
29  28
34  29
7  26
18  11
14  16
15  33
49  34
15  12
37  46
39  31
23  37
15  18
45  49
21  14
37  39
28  44
37  15
40  9
44  49
49  37
17  51
37  44
5  29
46  5
41  29
31  8
50  43
23  22
48  11
22  44
26  10
30  42
10  14
24  40
22  26
19  50
42  37
27  26
5  23
24  44
34  15
33  29
11  5
16  22
33  5
11  51
42  20
