11  38
38  17
5  9
37  45
8  9
9  21
15  24
46  10
20  19
43  48
33  28
51  43
18  11
30  12
38  14
11  12
20  27
28  10
5  15
21  9
40  40
12  47
15  7
21  46
13  12
24  49
33  23
11  9
18  21
26  26
43  18
13  48
12  27
12  14
50  35
42  24
18  49
49  8
15  19
20  25
45  45
41  46
21  33
23  44
46  36
39  23
36  15
39  19
49  6
41  40
11  18
8  28
29  15
31  31
38  48
51  51
48  47
44  32
22  34
21  47
13  29
27  45
27  26
22  20
47  5
33  22
42  9
15  17
40  13
34  45
49  39
21  25
49  19
50  51
32  14
19  48
38  15
43  50
12  45
13  9
25  27
16  19
51  14
33  47
8  27
11  15
33  10
51  11
48  12
16  23
8  18
34  9
33  24
51  48
17  45
36  8
16  14
14  33
47  7
25  9
20  40
19  9
13  18
32  49
21  18
23  29
29  51
15  29
9  50
36  37
44  39
9  34
26  6
25  45
23  9
27  21
43  8
8  38
30  19
28  35
51  5
19  22
14  28
48  35
15  21
9  7
10  42
49  45
37  15
27  27
37  39
42  18
43  7
38  45
23  35
33  27
9  8
40  40
25  22
30  27
14  41
31  43
44  49
44  43
21  50
30  28
39  32
47  46
23  43
46  26
39  21
27  20
15  27
41  38
31  34
7  7
7  5
33  6
32  13
42  13
26  13
5  45
42  51
34  41
31  7
48  39
33  43
17  43
20  6
32  30
18  44
50  35
32  9
41  27
25  46
40  29
33  36
23  50
10  43
28  47
7  31
28  6
50  15
6  46
36  47
27  49
26  37
13  29
37  37
41  24
9  31
31  31
39  23
14  7
36  30
43  38
27  10
24  26
24  9
14  12
32  26
38  34
14  38
45  11
23  50
27  28
26  37
22  32
43  30
38  6
41  9
22  47
14  31
7  10
6  22
30  27
35  47
8  25
11  8
20  47
48  27
33  51
22  47
30  48
50  17
7  42
35  12
33  44
40  49
29  31
35  44
49  34
30  8
13  51
41  8
51  9
23  51
31  21
44  14
8  19
47  20
28  9
13  29
37  6
5  31
31  32
33  38
48  39
50  30
46  38
39  36
43  23
50  43
30  44
12  44
38  15
39  5
16  19
32  47
33  23
10  50
49  51
42  11
33  39
44  36
14  8
41  7
6  12
33  33
49  34
51  37
29  11
16  28
51  14
21  16
45  43
21  11
46  25
27  44
17  49
51  34
36  48
45  42
11  28
36  14
11  44
46  7
38  45
35  10
25  50
44  25
6  10
21  20
5  6
42  50
19  9
8  15
12  18
26  20
46  11
10  36
49  41
46  31
11  15
49  26
17  29
41  45
26  17
15  6
42  34
36  49
50  45
23  47
49  34
33  44
20  17
38  46
19  10
49  12
17  14
47  40
31  38
40  12
16  44
35  23
47  31
37  45
14  29
30  43
35  44
5  18
24  13
44  42
15  47
41  47
42  21
9  29
10  45
33  14
32  15
33  18
15  27
30  10
37  41
19  22
9  8
6  24
32  47
17  20
11  5
14  11
15  25
12  13
18  30
27  42
32  23
49  16
7  29
44  11
50  17
26  20
49  27
16  10
42  37
44  13
21  20
25  21
15  19
19  19
19  36
26  15
5  50
32  7
24  9
15  9
18  17
45  50
11  37
12  44
35  47
18  28
36  51
36  31
27  34
44  17
5  10
14  17
11  25
30  13
13  24
45  19
30  45
21  45
9  51
50  33
50  47
50  33
12  24
33  9
37  20
23  42
50  29
39  46
22  29
19  38
15  21
22  28
18  12
9  27
44  30
36  9
13  15
25  23
29  35
21  48
35  22
15  50
5  25
8  6
50  15
43  22
40  32
31  10
40  22
46  11
26  43
43  25
5  11
18  42
10  5
23  39
48  36
47  16
14  22
18  10
21  33
50  51
38  27
50  11
7  14
44  6
32  30
38  15
47  32
13  46
46  23
42  28
34  10
47  40
11  40
21  32
31  9
49  43
47  12
51  46
51  10
12  22
28  16
20  8
40  47
36  31
14  24
9  42
21  40
11  38
17  34
6  6
29  49
21  46
44  33
35  13
39  24
45  43
36  16
12  37
40  16
38  45
9  34
24  28
22  50
40  48
45  44
36  30
17  39
13  30
48  34
49  23
31  45
30  13
32  46
40  44
48  49
35  44
46  17
9  19
5  15
24  30
6  10
7  36
11  11
34  34
15  31
6  8
44  21
33  5
37  34
13  18
9  6
31  27
30  6
39  17
42  9
43  15
27  28
48  47
31  34
6  33
12  10
35  12
14  50
51  8
23  32
22  36
7  31
40  15
5  15
48  29
51  34
21  48
37  48
15  12
31  15
31  36
6  20
6  5
39  20
34  31
24  9
46  6
7  7
44  15
9  14
47  18
46  30
47  20
27  38
40  6
50  16
30  20
30  15
17  37
38  15
31  46
5  8
51  22
18  41
26  38
40  29
10  37
50  24
11  27
38  48
29  15
26  32
22  21
27  49
44  47
51  33
51  50
6  43
24  48
30  48
51  34
42  8
19  6
30  19
21  40
43  51
16  35
51  38
8  51
20  15
47  42
40  17
28  43
26  37
19  5
23  50
9  35
33  24
46  14
32  31
45  27
45  26
32  51
17  47
25  46
27  9
35  12
47  38
43  18
38  16
15  46
18  44
49  47
13  12
50  26
40  7
44  17
29  23
41  50
28  48
33  28
26  37
25  42
29  35
30  49
38  27
21  34
27  31
29  47
40  51
40  21
21  15
27  21
35  10
36  13
20  43
26  27
26  51
35  25
6  11
8  6
51  12
11  30
32  50
9  40
48  13
18  21
12  44
44  40
47  18
39  21
28  27
34  40
40  27
23  45
31  31
17  47
18  44
32  47
18  45
26  50
7  44
13  7
8  19
8  9
20  23
30  36
29  31
40  47
30  35
40  13
14  39
22  40
13  33
50  5
51  48
9  30
50  25
43  11
8  31
38  47
9  29
19  40
12  21
13  31
9  22
47  18
45  18
5  21
38  38
26  21
19  46
16  48
40  43
50  36
46  45
14  18
48  14
16  30
35  16
38  49
5  18
5  23
18  11
10  19
37  40
29  32
30  36
26  50
45  20
48  5
46  31
11  50
19  6
9  39
40  36
38  12
46  34
29  20
9  37
19  40
45  41
21  16
38  45
48  23
28  29
13  11
14  5
26  49
46  33
49  46
49  30
36  39
36  30
26  36
42  25
7  30
32  42
44  13
29  27
22  11
15  37
28  47
39  29
8  18
22  48
44  7
23  37
24  28
36  16
12  24
26  8
33  13
46  37
43  41
35  19
16  51
51  22
