15  34
37  15
34  17
41  11
40  44
39  33
22  34
14  9
14  35
12  43
36  16
21  41
14  7
46  25
32  48
24  20
5  13
20  45
37  48
24  29
48  5
48  45
15  19
10  29
44  50
7  38
21  30
45  21
42  49
17  47
11  31
11  35
6  34
20  24
45  51
40  35
30  45
29  17
25  35
34  41
18  44
43  25
39  27
24  43
22  24
27  7
47  10
44  14
8  7
30  34
46  42
34  13
12  8
15  5
37  49
12  49
26  18
44  12
46  17
26  5
27  22
10  26
26  39
37  16
19  16
22  34
8  6
37  49
5  7
33  12
29  50
26  14
28  26
43  34
17  30
47  41
40  17
32  42
20  11
29  18
36  37
51  24
6  5
33  31
45  32
8  36
42  9
9  39
16  50
11  49
26  14
33  48
49  47
6  50
5  7
42  12
42  24
41  21
17  51
42  24
18  13
15  10
10  50
35  36
11  39
36  19
35  30
51  46
30  11
17  14
45  30
11  36
29  33
25  48
17  10
39  14
33  30
12  17
30  10
15  17
32  13
8  9
10  41
28  9
45  14
46  11
39  39
16  49
37  37
50  31
5  30
22  17
32  48
6  21
47  34
21  48
14  25
18  22
37  34
19  27
20  46
22  38
10  12
12  46
8  13
20  18
36  32
50  46
43  19
45  33
29  28
12  50
42  35
5  32
10  37
49  14
42  34
17  33
5  32
12  38
19  24
18  42
44  9
36  44
6  16
10  29
45  42
17  26
18  23
40  17
14  35
37  5
47  40
7  21
44  15
13  34
15  17
7  41
35  25
31  43
29  17
29  25
27  44
31  43
44  19
15  47
31  13
9  16
16  48
31  28
13  12
39  42
11  44
38  6
30  16
25  15
48  19
30  32
41  36
24  35
39  10
30  23
32  34
7  26
32  23
9  38
50  14
5  19
37  18
13  29
22  22
35  49
21  18
41  6
17  50
48  48
8  44
20  44
25  44
8  36
22  25
19  36
32  24
34  27
18  29
40  38
15  41
31  42
39  29
34  47
29  10
34  21
25  22
25  16
19  18
12  43
22  30
11  31
20  18
35  33
45  5
37  35
50  33
32  7
34  34
15  44
43  30
28  33
10  38
39  5
8  5
8  9
33  15
48  31
35  20
32  31
8  30
30  16
44  25
49  35
25  16
28  40
31  18
38  51
15  14
33  18
47  38
16  44
50  28
12  34
12  30
33  36
48  39
48  34
14  29
31  19
47  21
39  43
51  11
15  13
22  5
17  7
28  44
32  41
12  14
17  37
8  31
41  50
9  18
33  42
49  18
51  37
45  7
43  31
19  10
30  36
6  5
17  25
41  12
15  19
13  7
28  49
24  11
21  24
28  32
11  18
16  47
11  44
26  44
18  9
41  30
31  50
50  16
16  11
28  44
26  25
35  5
19  5
19  15
32  48
35  49
25  7
25  22
36  31
20  51
10  46
15  51
47  24
25  11
48  45
16  21
48  39
14  8
25  48
12  32
29  23
22  5
33  22
42  42
30  49
24  11
38  21
41  41
37  9
37  36
50  48
32  44
24  18
30  7
29  13
10  49
41  26
44  32
45  9
51  51
20  32
7  20
33  17
11  19
45  29
11  12
37  22
41  16
34  41
18  6
49  37
46  18
24  9
15  50
20  13
13  7
36  50
36  12
49  26
29  32
35  49
17  37
42  41
12  47
50  41
50  22
17  31
23  5
10  35
34  33
36  48
12  41
46  47
11  34
22  25
50  48
51  33
28  30
40  31
12  49
11  18
8  33
23  13
7  18
43  27
25  30
12  49
32  35
19  48
35  5
39  40
22  32
31  34
15  47
27  26
44  11
44  7
35  36
49  24
8  37
8  34
15  8
25  6
20  20
18  22
39  10
34  13
38  41
41  44
13  36
40  30
46  30
28  34
11  51
36  32
23  14
39  31
33  45
34  8
8  35
28  38
44  7
41  47
30  30
46  14
15  11
22  6
38  35
42  50
26  38
51  40
15  46
17  24
45  26
33  13
10  5
26  31
16  26
19  49
43  11
31  5
20  19
21  5
8  23
17  16
29  51
28  8
45  50
28  17
22  19
14  48
28  42
13  51
11  30
26  25
46  51
20  10
29  48
21  25
14  11
24  6
36  25
40  36
22  35
51  28
44  15
14  33
24  35
31  23
45  49
5  20
8  34
10  50
41  39
38  24
16  23
16  21
19  32
38  35
35  19
25  31
36  10
24  17
40  12
48  35
38  29
6  13
46  50
31  31
13  38
30  18
45  38
24  26
41  41
40  6
34  36
33  8
35  10
23  7
32  47
48  49
5  41
45  27
34  26
51  48
8  35
18  34
27  37
27  17
45  14
48  40
9  33
41  32
21  48
18  8
17  48
33  40
12  39
18  39
13  21
34  18
33  8
21  11
33  37
24  46
34  25
10  20
22  6
43  34
47  45
43  24
38  38
45  10
32  40
47  12
26  8
10  6
20  41
47  37
41  48
21  22
51  50
49  25
45  41
32  49
5  5
36  46
27  26
8  5
44  19
46  6
18  35
7  39
42  44
29  10
9  18
21  12
48  8
8  32
20  32
18  18
14  37
39  18
32  46
22  51
41  13
45  32
12  36
12  47
16  28
46  25
42  25
17  22
21  27
9  28
46  22
31  19
27  21
5  36
40  21
31  33
23  20
17  51
35  40
9  49
50  21
37  18
23  46
46  11
8  27
29  37
7  20
9  11
22  12
51  33
5  12
28  18
32  25
44  28
24  24
19  8
38  19
45  11
41  49
45  19
33  44
11  17
16  7
49  22
30  44
27  51
22  9
10  23
20  43
24  26
5  41
17  30
26  6
42  51
47  7
23  23
19  13
42  28
38  42
28  17
36  21
44  36
49  6
35  43
51  45
14  40
6  48
17  16
30  12
48  13
25  6
34  34
43  46
8  28
13  45
46  33
13  24
19  12
49  40
21  5
42  36
29  22
14  10
29  26
42  15
22  40
6  23
11  16
49  20
31  37
23  5
38  35
21  10
35  8
39  23
6  13
20  27
14  5
30  20
33  7
21  33
38  39
48  13
46  41
9  31
34  33
42  42
35  13
5  30
44  28
17  11
41  29
50  32
15  40
39  47
42  32
27  39
48  18
31  25
5  22
50  8
10  41
30  19
8  8
8  50
34  32
14  7
47  20
18  8
24  30
11  21
14  41
43  30
21  25
49  9
15  47
28  40
17  44
46  14
11  10
19  12
33  18
27  32
51  46
35  16
15  26
11  48
24  44
20  26
44  25
32  14
16  12
44  25
34  11
49  25
43  29
35  40
7  30
28  13
28  7
26  40
5  10
21  7
48  31
27  29
15  27
31  5
7  32
33  49
42  16
14  48
44  33
23  42
22  39
24  31
10  42
38  41
23  48
51  43
13  8
43  22
24  29
11  47
38  30
51  19
28  51
15  14
47  31
48  35
27  28
34  49
43  49
47  32
11  27
7  40
24  18
5  37
41  18
7  26
43  29
45  35
37  44
7  9
25  31
28  49
19  40
6  39
8  24
47  28
28  19
30  22
9  17
33  12
28  23
26  11
29  20
15  32
39  50
51  50
26  18
15  18
37  44
25  8
42  16
48  7
46  10
29  15
40  40
42  47
18  35
10  8
18  42
42  48
30  21
37  38
32  48
28  39
29  18
15  50
16  9
24  51
10  27
16  13
37  41
39  50
40  21
15  15
18  27
5  45
21  46
45  35
20  5
40  19
51  44
44  32
21  7
49  45
23  50
9  33
20  41
48  28
24  40
12  9
16  33
14  12
24  27
15  37
19  6
16  22
13  16
27  28
18  19
31  8
26  50
50  20
20  21
44  41
15  23
15  50
6  38
20  19
28  41
6  46
26  38
49  18
38  31
11  40
14  15
8  5
20  48
25  21
8  27
21  35
30  5
49  35
42  24
48  44
20  39
18  24
18  22
14  48
15  39
43  9
40  14
15  20
9  17
17  33
9  17
24  34
27  24
21  14
46  10
7  24
50  16
30  39
11  21
15  8
34  20
19  48
27  41
17  27
39  39
48  18
8  51
17  44
41  41
25  44
6  33
22  12
21  24
20  20
11  45
25  15
28  27
27  29
6  34
9  15
41  36
17  29
47  34
27  14
49  27
14  18
11  23
18  18
43  49
42  46
6  32
27  42
45  16
38  36
20  33
13  22
47  43
44  16
49  17
10  11
18  13
33  48
48  33
15  49
35  23
34  20
8  39
42  28
22  43
24  16
33  14
42  41
13  34
25  12
46  7
47  45
20  25
23  10
9  7
7  43
8  21
19  24
48  16
27  36
29  44
16  7
28  10
32  21
22  32
11  42
16  50
24  46
47  10
12  10
23  19
37  14
28  30
13  15
25  48
34  21
13  32
28  29
43  13
47  41
5  17
41  30
33  51
30  28
37  9
20  6
45  41
39  17
10  12
31  9
16  37
38  27
51  34
25  24
7  37
22  39
28  19
32  20
40  36
14  7
32  45
43  38
38  19
43  11
41  10
11  27
36  46
16  31
35  23
19  36
20  23
48  24
14  31
13  19
42  47
23  20
21  14
25  37
31  7
30  51
11  49
36  34
11  19
39  26
39  17
36  51
38  13
28  13
9  49
25  48
34  16
38  41
48  8
31  35
23  7
17  9
8  8
30  13
28  35
9  30
10  14
25  10
8  13
31  29
47  47
28  13
15  20
25  47
5  9
22  39
17  40
24  24
24  37
40  39
13  49
34  43
8  9
41  9
15  26
7  29
48  36
24  26
10  9
18  5
10  41
39  21
42  46
36  49
43  16
32  44
47  20
26  36
42  25
25  42
38  33
36  20
29  32
16  14
46  39
30  50
39  43
28  16
49  31
27  39
13  33
45  41
32  22
23  46
32  6
15  48
49  28
50  14
46  33
32  18
5  33
18  44
47  32
22  34
30  27
23  32
44  18
11  46
27  30
36  34
42  39
27  12
44  37
36  29
26  24
47  40
47  17
29  47
29  32
30  10
50  39
19  23
19  43
23  6
27  12
8  26
10  32
7  43
19  13
35  26
15  31
7  49
44  19
7  40
8  19
15  47
31  49
13  39
51  31
46  40
18  6
38  40
43  48
17  34
16  44
47  40
32  26
23  36
39  44
34  10
50  10
21  14
37  22
12  28
25  41
29  42
47  29
28  45
28  48
17  11
39  28
45  46
18  38
51  37
19  11
37  41
33  25
49  10
20  22
41  47
8  25
50  12
39  38
29  10
31  41
30  51
10  39
17  51
23  10
42  11
43  29
11  22
24  51
41  28
30  40
41  31
35  36
43  42
49  41
30  20
49  16
24  16
19  39
48  25
13  14
30  41
11  45
40  12
16  33
46  31
43  22
36  27
32  36
31  29
35  20
36  49
12  10
19  12
51  18
35  16
20  35
47  10
32  43
51  13
26  37
42  44
8  15
15  20
6  34
27  8
11  11
28  40
37  47
35  24
5  7
36  36
32  44
28  26
13  49
12  19
28  5
44  33
47  6
27  20
17  32
34  44
29  37
45  29
46  14
35  23
26  40
9  15
42  44
19  18
48  30
44  17
22  31
29  28
19  27
50  28
34  43
5  38
36  22
29  5
37  22
26  15
37  41
8  10
36  15
33  12
48  13
26  14
11  17
18  10
37  13
49  50
29  26
44  23
9  31
46  13
36  43
43  21
24  13
7  48
16  9
43  17
35  11
35  43
35  46
13  28
42  24
12  29
14  34
40  37
18  43
7  28
34  15
49  38
20  40
31  32
40  37
31  8
38  31
39  25
51  51
41  44
44  45
17  27
44  38
10  36
47  40
19  9
49  22
26  39
8  20
47  25
7  34
24  12
12  14
15  34
35  16
31  47
15  34
50  10
27  10
51  36
16  12
29  33
7  30
32  30
11  26
11  51
27  26
51  50
40  27
14  35
33  42
44  48
51  29
32  6
40  5
6  9
27  40
41  28
31  7
49  26
37  48
9  15
33  17
27  40
30  34
43  39
39  8
49  47
16  49
30  45
48  37
49  19
44  48
10  46
19  20
7  47
15  40
22  42
51  12
47  22
33  49
40  49
14  8
39  45
25  8
25  50
16  26
7  41
22  41
33  25
44  9
44  18
38  6
48  48
11  7
38  39
12  22
8  50
39  44
13  12
38  24
10  39
9  36
33  50
8  45
36  40
51  5
7  18
36  23
10  7
24  17
11  11
43  50
40  30
51  47
15  17
18  5
51  36
6  44
15  21
45  6
26  30
20  22
21  35
43  45
45  22
45  8
50  28
21  23
25  23
22  16
34  39
33  18
40  20
27  21
37  21
14  24
12  45
31  32
30  17
19  41
13  10
23  5
27  28
40  8
32  46
34  7
37  36
22  23
6  40
13  19
26  40
34  31
35  35
39  35
46  39
18  31
24  50
17  35
51  44
49  13
8  29
51  6
41  24
13  34
27  26
16  46
45  49
46  46
50  5
41  46
51  15
42  33
12  49
49  40
45  8
22  33
26  48
38  47
46  28
7  32
8  44
26  28
7  25
8  50
8  51
43  15
28  46
5  49
36  49
29  12
36  14
7  37
41  34
14  41
38  35
15  22
33  22
8  9
45  13
31  46
46  14
24  28
43  51
17  37
41  36
21  49
23  50
42  18
6  25
19  19
29  35
30  42
26  45
5  26
31  37
22  16
27  14
35  13
10  18
19  31
10  42
41  39
14  14
40  31
31  48
45  38
24  11
32  38
16  8
49  32
29  18
40  13
27  15
19  46
11  28
43  26
49  14
28  50
18  7
46  30
12  33
27  15
35  16
5  42
30  30
37  11
46  7
25  33
14  15
8  15
47  27
27  11
37  26
8  24
21  49
40  25
25  6
39  41
28  29
6  5
30  14
43  19
12  42
12  31
24  9
14  37
23  29
51  31
28  9
15  46
34  50
16  16
37  9
6  10
31  27
11  47
47  47
41  14
15  22
25  43
49  11
32  43
15  50
37  24
45  38
35  48
15  29
9  17
16  30
24  18
14  8
49  8
46  49
5  28
18  28
16  47
49  48
37  12
42  17
27  42
22  18
24  42
43  27
8  36
21  14
13  32
19  44
46  13
40  45
47  45
25  39
29  22
21  14
27  15
22  26
44  11
7  9
10  50
36  51
45  13
10  41
13  48
19  39
35  26
37  8
42  7
36  14
48  27
33  26
42  33
30  20
28  42
25  7
20  19
27  37
7  21
40  29
9  35
10  15
36  13
40  39
8  34
43  27
16  45
37  16
35  12
42  40
27  42
45  50
29  27
39  24
13  28
9  34
11  23
7  50
23  10
31  26
40  35
12  44
34  27
7  11
14  18
18  8
8  14
14  15
39  15
22  16
23  12
23  42
9  27
30  30
40  6
7  6
49  38
37  14
44  41
39  39
18  23
21  14
31  13
44  25
51  24
29  24
26  45
15  10
40  8
5  36
26  14
8  42
40  27
20  38
27  19
32  23
14  46
33  29
45  47
30  11
27  44
8  15
46  31
14  38
19  39
19  10
24  25
43  40
10  17
19  50
25  8
20  23
36  10
9  10
6  29
15  37
20  7
45  41
42  11
37  46
31  37
42  20
47  33
41  9
7  10
33  7
36  50
5  50
31  45
51  29
26  32
8  25
48  12
44  45
19  46
39  26
18  50
33  5
13  27
11  25
8  13
20  12
19  50
26  10
37  41
13  51
42  35
45  8
21  5
48  48
13  15
37  19
21  47
45  15
45  8
35  47
17  42
32  28
38  48
32  11
43  28
27  23
24  33
34  18
34  22
31  6
44  30
6  48
38  15
5  48
11  25
24  32
16  25
38  46
33  11
8  15
15  17
46  50
11  9
44  13
41  44
25  37
7  6
38  51
42  18
36  15
9  24
34  20
25  51
36  30
20  15
46  29
16  33
25  20
41  41
35  41
27  22
36  21
24  46
21  7
40  18
11  9
19  41
17  22
9  45
36  27
40  50
47  40
27  15
39  22
36  33
17  39
29  35
18  47
7  12
39  14
31  18
9  9
34  42
18  15
31  44
47  10
34  28
18  43
40  37
46  44
46  39
14  16
12  29
47  31
47  41
24  48
36  44
24  20
6  9
22  35
26  32
21  13
23  25
23  6
31  24
8  19
39  25
34  49
22  12
19  8
43  46
39  49
44  46
36  21
13  28
34  48
41  29
42  44
22  9
17  12
8  33
40  51
48  31
32  29
25  39
35  51
17  50
46  50
8  11
17  46
29  38
8  29
5  30
9  22
35  45
17  28
37  16
27  31
34  51
35  9
33  11
44  23
42  24
43  14
33  42
36  33
15  9
35  41
47  5
20  23
12  21
30  39
44  11
29  23
30  43
17  24
30  15
36  26
29  27
8  32
22  48
35  10
44  48
10  35
40  21
45  41
22  21
36  23
37  40
37  35
22  35
26  43
51  41
19  19
31  9
44  41
11  45
41  44
46  34
14  10
48  44
48  33
7  32
37  37
45  9
22  43
28  29
32  43
7  8
23  29
24  43
5  49
20  31
23  13
34  43
22  23
41  8
11  30
21  26
30  16
21  24
19  10
10  5
18  11
38  28
40  15
38  50
37  16
35  41
19  6
29  31
25  21
49  39
20  8
12  37
20  10
22  9
38  38
5  30
26  9
37  26
24  47
20  30
44  49
11  18
14  46
48  27
27  46
5  34
49  22
46  18
34  26
5  6
10  6
15  6
9  16
47  51
43  8
7  32
10  12
42  11
40  15
26  50
20  26
6  45
19  34
38  32
11  24
19  31
31  8
27  38
17  29
11  41
44  48
5  25
8  7
32  46
6  14
18  8
28  14
39  41
44  18
12  18
27  45
36  18
50  41
16  29
41  44
40  26
17  31
7  39
41  44
33  31
50  6
22  51
19  30
8  31
16  50
32  51
34  37
31  16
12  39
5  39
33  39
49  46
25  17
41  46
33  42
43  28
46  34
7  15
51  5
47  25
34  16
8  23
16  47
15  41
5  19
49  44
18  28
12  28
50  44
23  15
9  46
36  33
35  23
13  24
51  14
41  6
23  21
47  48
36  34
16  27
45  26
23  17
8  41
30  14
30  43
47  50
33  18
33  36
14  30
32  34
13  33
41  29
19  25
43  22
11  35
48  29
28  47
11  17
37  47
44  23
18  34
45  27
48  5
32  32
41  24
23  14
26  24
45  51
35  30
19  38
8  15
22  11
49  14
32  36
37  31
30  42
39  15
25  23
18  30
42  7
18  24
51  37
14  26
15  8
40  40
6  45
31  38
48  42
21  45
23  26
11  5
26  43
8  9
50  46
21  47
13  28
37  34
6  25
33  30
42  31
44  32
19  8
37  31
40  20
36  49
21  13
41  49
39  22
41  37
16  24
47  10
6  30
14  26
5  49
43  23
8  37
40  37
28  47
32  17
45  33
29  23
13  36
34  38
51  25
8  10
12  38
20  13
15  12
35  39
26  7
35  45
15  33
34  50
17  30
23  28
29  42
33  19
34  28
38  39
46  9
8  23
34  5
20  5
7  22
48  50
28  18
47  22
39  42
48  51
35  12
18  49
27  44
14  33
19  25
44  34
23  6
24  21
41  13
8  24
50  16
36  49
30  11
21  20
43  12
13  41
36  19
26  31
34  32
14  31
44  20
24  48
27  8
7  14
12  31
9  33
49  28
15  51
46  40
13  23
10  9
45  49
43  34
46  46
33  28
15  13
9  37
41  11
5  25
11  49
12  44
43  9
13  42
19  48
20  44
19  23
20  50
33  37
35  20
51  35
46  43
45  12
26  16
16  27
31  18
46  41
25  49
24  6
27  24
24  33
47  15
27  22
23  11
16  27
11  15
12  40
28  48
9  46
35  24
45  14
8  11
30  40
30  25
49  9
32  41
32  37
28  24
28  13
50  48
12  37
29  19
10  11
24  47
7  22
42  19
14  47
32  7
50  41
18  7
35  5
9  36
44  20
10  23
39  30
13  37
25  25
45  49
9  34
17  42
45  30
35  29
48  51
46  44
48  6
39  33
37  32
18  40
11  51
5  33
14  49
12  30
39  17
22  22
34  8
19  11
37  41
45  5
12  9
43  42
43  34
5  42
40  48
20  11
43  44
43  23
50  17
46  5
16  26
11  13
19  46
22  36
15  29
20  37
48  33
30  16
14  12
39  50
21  20
31  18
37  33
28  20
9  45
10  39
17  25
31  50
42  18
6  11
41  6
47  37
36  26
45  18
15  27
29  24
10  50
15  24
26  9
21  28
46  40
37  49
49  35
11  39
33  39
16  34
26  23
5  35
50  34
30  10
34  26
13  21
48  17
9  45
22  17
20  25
35  37
22  13
5  18
19  33
22  5
50  42
23  12
28  50
21  15
26  18
19  22
10  33
9  10
12  42
18  9
50  39
31  7
44  43
37  25
31  47
30  32
26  21
31  26
48  39
9  19
7  20
10  39
40  39
35  24
25  17
13  32
20  51
8  39
31  15
39  49
26  11
40  27
42  48
42  15
35  21
16  6
27  23
16  16
16  27
48  5
23  43
15  10
22  43
29  51
34  39
40  28
15  15
26  29
32  30
20  43
5  25
29  50
20  30
44  50
12  19
43  11
43  9
40  9
43  7
23  35
48  46
29  42
20  26
51  35
42  39
41  39
34  47
40  49
8  7
50  9
30  12
49  7
50  21
47  28
33  6
7  36
7  35
27  23
40  12
15  33
45  43
22  18
18  50
12  20
8  39
45  20
32  9
22  11
45  45
40  7
40  10
13  30
16  48
41  11
19  35
9  34
33  49
45  50
35  9
19  9
24  26
39  40
19  16
39  41
30  35
21  28
30  33
24  45
32  23
27  31
44  48
51  31
49  35
11  25
44  22
31  16
22  23
34  49
39  46
8  45
32  35
29  16
17  24
30  14
18  23
15  37
31  5
24  14
8  27
8  38
47  37
51  36
14  24
38  8
26  29
45  39
25  21
12  26
23  39
34  5
33  25
43  30
18  29
17  12
40  14
47  48
30  23
8  7
15  38
6  50
5  38
31  43
9  20
39  49
16  50
5  6
33  29
19  11
42  42
7  12
20  35
27  5
18  36
38  47
5  9
35  27
35  15
44  47
23  14
25  38
29  42
50  11
47  20
18  5
28  45
8  42
43  34
21  19
47  24
24  10
17  10
42  8
25  34
5  50
13  21
29  44
30  19
13  33
34  38
32  50
43  38
50  41
26  38
30  28
50  40
9  13
9  33
9  7
40  25
19  23
43  46
10  17
6  47
49  51
34  25
34  37
29  34
32  16
27  37
14  32
32  51
12  12
15  18
39  25
22  28
19  6
11  37
16  19
41  26
20  31
17  14
35  23
22  33
10  10
31  31
44  32
11  18
42  51
33  44
25  26
23  49
17  14
46  33
25  18
43  46
11  16
23  43
10  48
49  43
49  25
49  16
24  9
11  47
8  5
43  44
38  51
19  28
17  39
49  36
50  16
14  41
46  34
51  9
17  17
48  24
11  21
36  39
43  40
19  39
28  48
8  26
38  48
40  43
6  33
22  18
13  33
9  15
26  46
12  15
48  49
30  18
51  5
31  26
31  6
5  50
42  37
45  8
21  14
26  43
50  29
22  46
36  19
12  50
13  15
5  42
28  36
26  7
20  11
42  49
25  20
23  43
33  30
34  38
37  12
44  10
10  22
16  16
37  31
9  18
27  28
22  43
25  40
40  46
8  38
10  17
16  45
32  9
15  5
10  24
40  49
8  47
50  11
32  30
51  9
38  21
16  27
22  9
23  33
30  40
30  49
22  23
19  36
45  15
35  45
30  20
14  32
50  14
35  7
37  13
18  40
13  46
36  21
28  18
36  16
24  31
16  49
45  13
5  10
18  28
42  47
43  5
30  47
31  42
37  19
35  20
8  46
33  48
21  40
7  6
8  45
14  10
25  34
18  44
6  40
38  36
19  31
17  49
18  15
24  11
15  15
6  51
8  27
16  49
31  50
7  29
23  40
18  31
36  18
5  43
5  26
16  6
16  21
30  45
6  10
6  35
47  44
33  21
8  28
46  24
7  17
26  40
48  51
44  16
6  31
32  51
11  50
23  31
7  50
21  22
34  11
48  51
32  42
38  46
5  40
30  22
49  13
51  45
50  42
51  7
14  29
11  25
41  22
25  5
27  21
6  25
49  35
44  22
23  28
46  13
26  36
26  17
27  42
12  28
51  27
47  41
46  30
14  30
29  10
14  51
8  20
38  10
42  42
12  46
14  42
11  37
42  36
30  18
18  9
45  5
25  42
14  31
11  22
16  11
49  19
10  27
32  39
50  38
6  27
28  7
38  34
51  21
32  19
39  16
34  49
20  38
7  38
41  44
24  48
42  7
49  16
15  22
23  5
50  7
41  8
48  29
5  9
9  16
20  28
28  14
44  10
32  14
17  7
50  33
28  35
45  39
37  27
45  14
32  18
13  12
24  51
12  17
15  8
19  48
38  15
19  41
31  7
43  34
18  9
42  32
37  23
37  29
24  49
30  38
8  35
18  24
42  38
25  29
48  22
45  12
49  37
35  43
46  27
17  36
47  42
43  49
18  28
18  17
25  16
32  30
8  31
45  6
43  8
17  5
15  49
7  49
27  25
8  51
17  9
11  11
49  31
9  6
45  25
21  45
26  48
46  35
22  10
25  45
50  22
25  46
51  8
30  7
26  12
51  6
7  40
43  5
22  42
6  45
46  25
9  40
13  47
36  48
51  44
13  6
32  28
46  12
6  23
14  42
35  44
31  49
29  25
36  5
27  28
33  5
25  21
26  13
34  27
23  38
51  33
19  28
24  22
29  23
20  39
32  20
49  26
46  17
51  17
18  42
9  16
44  27
47  18
42  17
7  29
7  36
42  41
43  12
37  35
47  42
6  44
33  46
18  39
30  23
11  48
7  42
32  12
48  43
9  39
33  45
34  36
18  7
49  34
27  18
15  31
19  24
21  15
20  35
5  42
7  47
39  26
16  18
14  43
30  6
9  29
16  14
15  41
26  45
7  12
15  14
50  5
15  29
29  23
37  16
11  8
47  9
27  8
32  22
12  44
39  10
51  48
17  35
11  30
22  25
23  27
6  22
17  43
26  21
9  47
40  7
50  43
22  47
45  44
5  18
48  17
42  36
18  29
11  43
39  48
8  31
30  34
47  45
44  30
50  37
14  26
20  8
5  15
42  14
38  33
32  20
6  44
49  17
36  35
46  11
16  34
15  25
36  7
20  5
36  29
10  6
13  20
14  22
19  43
14  31
6  19
36  21
29  14
48  38
41  38
39  26
42  7
36  36
18  5
21  36
7  33
51  13
33  33
26  16
5  46
39  16
36  18
43  34
5  12
19  22
36  37
36  25
25  45
38  10
35  14
31  31
14  19
27  51
29  34
33  28
36  42
48  47
25  12
47  28
16  14
13  50
49  18
12  9
35  25
7  51
37  45
43  5
29  47
36  26
