13  14
9  51
33  15
23  30
32  45
27  49
5  13
34  10
5  44
23  17
49  6
38  46
17  40
24  43
44  29
50  37
39  47
6  25
5  9
44  40
24  47
11  5
30  7
30  33
31  11
28  48
30  28
13  14
49  45
42  34
8  34
33  45
25  32
11  27
17  20
6  24
43  13
41  34
36  45
38  47
33  37
40  11
11  23
43  34
25  19
8  15
36  24
31  16
45  22
22  48
5  41
27  49
25  22
11  14
10  32
12  19
49  41
44  10
35  33
44  42
42  50
8  43
16  12
11  38
48  21
23  27
9  11
46  18
30  37
27  26
41  17
17  28
17  24
35  22
34  51
46  16
28  17
49  5
25  38
12  26
11  32
13  48
16  15
11  17
7  44
17  19
20  47
24  36
31  15
36  28
22  30
30  34
10  6
39  31
25  9
27  47
23  46
37  41
36  16
15  50
15  34
29  17
11  8
50  42
31  34
31  46
50  37
19  22
17  33
29  51
24  39
43  45
31  38
15  26
22  9
19  41
40  17
46  17
15  47
20  41
31  17
18  5
30  41
23  45
41  20
37  21
20  48
18  37
8  21
48  25
30  15
15  17
49  17
46  11
9  16
22  49
24  50
20  10
14  17
29  23
45  18
25  26
15  26
31  41
50  33
7  32
31  49
39  49
11  47
39  26
36  46
18  23
23  35
11  35
47  37
28  24
18  22
37  20
6  12
18  51
50  46
12  34
42  21
27  34
35  23
36  33
42  43
23  22
44  5
5  21
26  5
20  23
11  5
38  44
46  14
23  38
25  29
16  7
5  12
24  50
29  20
28  23
13  21
46  22
7  9
45  6
51  20
39  36
22  39
41  14
31  20
6  17
36  18
30  10
13  50
43  15
6  32
43  38
46  11
46  51
42  14
16  23
17  20
51  43
26  13
13  5
23  14
6  33
12  50
49  27
34  38
20  7
50  22
36  18
34  45
22  8
5  51
47  36
25  39
47  35
16  31
26  17
6  18
37  36
10  27
5  21
40  50
49  34
19  44
50  11
25  8
25  27
15  38
21  25
20  28
15  51
26  37
41  34
51  6
34  27
29  31
49  39
43  23
21  10
9  48
47  32
12  47
40  18
51  46
13  45
40  40
40  8
16  48
32  46
11  26
31  28
12  29
5  10
14  44
50  13
30  15
50  51
7  33
38  31
26  23
27  16
6  24
30  23
8  44
15  40
29  17
7  8
16  48
46  12
25  8
8  29
28  17
12  5
42  12
39  37
14  27
6  17
49  7
35  17
11  50
8  7
6  10
32  22
35  26
23  13
41  29
34  42
21  17
37  43
24  17
32  17
37  33
15  18
17  20
32  28
33  12
37  44
45  21
5  37
13  46
43  46
41  7
43  5
51  28
15  13
41  23
22  28
19  18
46  10
9  22
17  12
13  15
26  21
36  14
30  32
50  34
44  40
36  45
32  50
28  6
10  48
44  6
18  50
37  26
28  27
46  9
39  16
42  38
40  47
36  24
5  35
13  7
17  14
17  19
37  15
36  22
6  14
28  14
41  22
32  22
5  32
43  33
15  40
34  50
27  51
45  11
29  23
10  38
26  24
8  28
38  39
36  5
18  31
19  40
6  50
27  32
46  21
17  36
16  31
39  30
19  32
5  15
37  34
8  36
11  8
51  10
28  20
20  34
6  18
37  16
20  30
10  20
20  12
42  42
11  25
17  18
30  17
46  40
17  40
22  20
44  21
47  21
19  12
40  32
14  34
39  37
43  40
37  45
25  34
11  14
37  14
35  9
44  37
21  18
36  26
10  8
18  10
50  30
39  35
8  15
41  8
32  19
32  43
31  6
49  24
25  40
25  29
40  18
40  17
23  27
10  8
10  23
36  51
32  46
5  49
45  24
13  38
13  36
10  11
46  13
5  18
8  25
15  29
41  34
50  42
10  24
37  45
23  6
23  50
12  13
29  28
6  23
23  26
18  9
16  33
25  13
6  11
25  33
8  36
14  6
5  10
47  30
5  42
48  38
8  31
49  34
11  17
19  28
16  10
50  15
21  33
51  46
13  31
34  41
46  22
17  51
21  12
41  28
31  22
34  29
45  20
26  46
17  27
14  43
16  14
37  44
48  15
32  9
34  21
17  44
21  7
6  28
20  38
28  24
37  32
15  38
42  34
41  14
13  35
14  51
25  9
34  21
7  14
8  33
41  49
50  29
8  36
21  26
28  24
50  48
45  34
6  10
46  7
36  12
43  15
7  14
35  50
13  13
9  33
12  13
51  30
10  35
30  37
39  10
15  26
11  41
45  14
43  26
33  9
32  5
17  16
25  29
38  41
5  18
19  17
40  13
35  13
43  6
8  44
50  9
21  24
9  46
12  44
17  5
26  14
14  13
37  22
28  17
20  28
46  11
32  9
8  46
28  49
14  35
12  19
26  38
38  24
27  37
42  23
15  28
20  36
49  15
21  40
23  49
8  24
18  48
15  12
45  32
21  25
31  27
34  7
51  31
41  46
13  32
29  23
5  42
21  46
11  14
51  31
14  10
38  9
18  32
36  18
16  23
31  22
12  25
36  8
45  5
28  34
31  47
25  50
16  6
13  24
20  27
15  26
40  21
10  48
8  38
36  36
43  6
14  8
20  31
22  50
9  14
10  47
33  33
18  30
30  26
37  28
6  39
37  28
28  10
30  48
28  48
12  36
11  5
14  7
31  6
49  19
45  50
21  32
43  30
38  5
6  24
10  35
17  50
49  9
42  18
13  5
23  16
19  35
44  47
21  49
8  32
7  19
24  15
35  43
39  19
25  22
27  32
41  21
41  26
38  47
20  14
43  33
37  25
22  46
38  11
14  34
8  45
33  41
27  5
33  35
40  10
37  36
33  15
23  17
10  48
19  10
34  48
44  30
51  14
30  39
48  17
35  41
12  26
7  17
10  50
44  29
29  32
35  7
20  47
38  47
13  6
14  48
7  34
9  42
36  50
18  34
16  24
15  32
47  43
49  21
34  39
31  49
49  49
11  22
35  31
51  12
22  13
19  45
24  32
43  36
27  29
13  16
22  22
37  41
18  19
49  46
44  25
31  40
46  46
33  25
20  42
29  15
14  26
29  36
8  17
48  32
32  45
14  32
23  48
10  5
45  15
32  23
43  31
51  29
13  16
43  17
24  43
39  28
10  37
8  36
29  49
47  32
15  21
11  47
17  36
17  35
23  9
33  12
19  6
18  30
46  31
31  19
33  8
49  25
16  49
27  50
30  38
36  49
33  21
16  8
29  48
49  49
40  21
24  6
50  13
31  49
5  51
35  34
50  37
36  41
9  10
19  47
24  11
29  40
50  47
9  43
44  29
22  11
48  26
16  18
25  41
9  49
31  5
10  11
27  14
8  18
21  49
22  25
38  18
18  8
28  27
23  34
32  8
33  38
23  37
26  40
46  37
32  6
16  40
17  26
5  40
19  13
33  31
24  49
12  43
5  39
34  8
21  31
48  17
40  42
38  7
16  23
19  48
20  24
38  46
12  26
8  9
31  41
26  47
18  29
30  19
23  40
29  45
50  33
46  47
6  39
47  17
17  10
17  21
41  50
30  36
47  33
47  24
47  16
14  42
11  26
22  25
44  19
46  6
38  28
15  7
7  28
23  13
23  33
39  31
43  5
5  50
51  6
21  32
10  28
24  39
42  7
34  38
26  19
40  34
41  47
28  35
23  37
48  30
8  13
42  14
20  17
28  41
24  36
32  5
17  44
10  35
49  48
39  22
12  31
41  20
7  34
25  31
19  16
45  27
49  44
13  16
30  35
41  39
5  20
25  29
33  37
41  36
44  48
46  13
48  44
42  9
47  5
49  40
25  38
7  31
10  44
42  37
11  26
43  39
45  47
25  48
36  12
31  11
12  21
23  35
49  51
41  46
31  9
10  35
28  21
42  10
41  9
48  27
29  16
11  44
22  9
38  40
14  12
7  27
40  7
41  29
36  39
38  49
31  23
51  29
19  38
23  24
6  12
51  49
23  30
14  44
35  20
48  31
51  47
5  13
9  13
21  21
22  37
17  18
44  49
41  41
38  25
13  34
11  10
19  15
31  15
38  33
39  40
17  46
8  34
12  30
28  46
23  44
27  31
19  17
21  39
43  17
21  34
6  24
13  40
36  24
51  38
48  47
38  20
45  19
22  51
37  18
41  23
10  32
28  17
14  31
44  39
39  39
47  37
21  28
29  19
18  12
51  5
38  44
18  18
42  50
17  37
50  30
19  47
7  31
23  32
12  9
47  48
28  43
42  16
37  23
8  35
26  5
49  10
12  30
13  20
32  30
13  24
49  43
27  31
19  28
36  48
5  8
31  12
37  49
25  31
51  31
26  43
21  46
22  40
12  13
48  30
30  15
23  32
42  18
32  5
33  10
45  9
45  22
6  21
39  40
28  25
42  32
40  23
5  32
46  49
9  12
46  29
41  46
51  24
10  25
44  21
6  15
34  22
42  17
42  28
10  35
14  18
42  45
26  19
51  33
11  29
50  30
41  24
15  10
11  21
41  6
41  49
26  25
17  7
22  29
37  13
19  47
15  41
34  15
33  20
20  22
39  34
16  35
46  46
42  20
50  47
18  36
7  17
51  26
34  32
33  11
51  24
37  15
26  17
31  24
45  28
49  25
30  13
15  49
41  30
31  42
11  51
28  49
12  6
38  13
13  21
33  35
44  19
41  19
45  25
38  6
17  43
10  16
22  31
36  43
32  41
14  12
10  11
25  7
44  33
12  36
12  28
39  49
22  5
48  17
19  39
19  11
48  16
33  22
16  14
5  27
15  20
7  38
29  29
20  43
20  43
19  25
29  32
40  5
38  9
5  40
51  21
16  47
44  34
24  47
42  30
19  36
20  44
40  49
23  40
37  7
6  29
12  5
40  5
48  36
28  39
19  36
28  28
9  38
15  18
10  45
27  26
51  45
25  29
21  30
41  47
31  28
36  40
14  13
45  31
49  26
36  32
10  20
11  11
18  12
24  48
30  31
38  35
44  40
49  27
15  36
28  40
34  40
9  27
21  35
23  18
21  16
40  15
21  12
35  34
51  26
40  23
29  13
26  30
21  6
36  15
40  11
18  48
15  43
19  9
17  36
50  8
6  26
30  48
10  43
28  43
41  25
47  10
47  44
46  41
37  46
17  26
24  49
21  6
38  17
14  28
20  43
11  29
38  11
39  12
20  29
33  28
43  49
11  30
45  23
8  43
31  36
41  28
36  51
18  13
6  40
20  17
44  9
30  10
21  17
5  34
44  21
15  26
51  42
10  22
9  40
11  22
15  22
41  11
30  28
32  34
49  10
27  36
12  36
44  37
7  17
14  39
41  15
8  23
19  46
27  42
10  15
48  49
6  22
43  10
17  14
44  29
27  11
39  47
19  8
47  8
48  30
24  44
6  33
8  13
11  35
21  49
37  32
16  10
40  33
27  23
29  43
10  37
44  26
27  28
5  36
26  40
7  5
24  8
8  6
14  17
17  9
32  48
17  35
49  22
12  23
34  37
6  48
9  38
39  36
13  40
18  47
44  14
20  15
11  33
33  40
12  43
42  42
48  24
12  34
46  18
32  21
36  26
44  35
46  6
19  25
51  44
40  9
24  50
16  51
33  11
40  16
13  42
17  42
46  8
29  27
45  25
41  20
17  9
5  30
6  11
30  22
33  7
15  43
49  44
29  47
17  6
12  20
49  8
13  29
38  9
39  18
38  9
11  49
45  35
8  5
24  12
13  24
41  26
26  42
26  42
32  14
48  45
35  38
33  30
10  37
43  8
48  13
20  18
40  18
5  39
24  5
45  49
35  47
6  26
20  14
5  26
22  49
51  11
19  46
37  51
46  35
20  21
35  7
10  40
21  10
46  9
14  22
19  24
48  10
38  21
26  35
39  14
25  49
26  6
48  16
7  29
48  38
33  42
39  19
5  9
14  29
7  5
25  12
24  42
6  34
28  30
47  41
8  27
50  50
28  12
50  25
43  23
14  39
27  10
25  17
16  15
7  16
16  37
43  33
31  24
7  37
48  30
42  34
29  13
47  36
47  26
8  7
19  37
15  10
46  11
15  42
37  21
43  8
48  37
42  47
8  18
48  33
37  15
12  14
51  49
14  46
15  5
36  27
28  22
30  21
6  15
46  38
26  49
32  37
18  21
24  27
23  32
37  6
28  19
46  7
23  17
37  24
11  26
9  23
8  18
9  17
29  24
16  8
23  26
43  25
35  5
23  16
21  16
25  34
9  26
39  36
25  8
17  27
30  34
17  11
48  12
25  27
39  14
49  39
37  45
21  46
17  25
37  13
18  17
30  25
10  45
28  25
38  19
33  30
26  33
22  23
47  11
38  49
31  47
8  16
46  48
37  50
33  32
26  40
16  24
9  41
19  37
37  40
21  20
20  38
47  28
12  51
47  5
36  23
35  26
8  43
25  17
5  49
47  25
42  48
45  45
45  20
12  19
19  21
11  38
51  29
21  19
27  40
14  17
32  23
45  11
50  28
20  10
26  32
12  6
31  37
9  8
46  21
21  49
13  27
18  45
20  13
21  11
6  5
10  41
23  21
23  16
35  50
32  39
23  16
26  6
10  29
21  10
6  47
35  17
46  47
49  27
43  36
5  37
13  14
24  16
35  31
24  28
48  29
46  10
27  33
45  24
51  24
50  31
49  17
7  15
50  38
36  17
9  16
13  8
15  41
40  12
45  20
42  30
45  46
24  51
23  47
46  20
12  33
50  10
49  17
22  17
16  22
36  14
9  29
32  7
15  38
37  14
39  12
45  44
16  14
22  17
12  17
12  15
7  16
15  9
37  48
40  42
41  15
20  31
34  47
25  36
9  44
35  7
48  17
38  14
6  25
22  13
17  51
44  9
26  30
29  46
43  17
35  39
20  30
34  8
45  17
38  14
41  48
17  32
18  23
24  18
50  17
39  23
11  47
20  6
31  23
21  43
5  25
35  23
48  32
48  42
11  34
51  23
37  25
38  11
24  11
12  32
40  21
6  30
45  38
36  23
7  49
25  51
8  46
14  11
49  13
29  24
34  31
45  6
24  14
21  13
8  36
25  35
20  49
27  11
46  32
44  10
5  41
47  49
48  37
19  39
13  10
31  38
40  46
6  38
8  9
48  33
19  29
9  21
7  40
37  18
23  24
9  22
11  42
18  15
13  34
43  14
12  7
49  43
28  40
47  38
5  33
16  47
16  21
18  47
15  8
22  11
33  38
12  7
38  18
7  22
8  26
41  44
15  46
47  46
49  24
38  18
8  24
35  41
22  24
20  37
35  25
39  27
29  39
19  35
40  14
35  41
22  12
21  6
19  16
43  36
32  10
9  21
28  7
34  12
9  37
24  14
34  50
9  22
22  37
14  51
46  27
39  36
20  41
27  23
30  39
10  40
50  20
15  45
31  47
10  30
30  41
20  39
30  15
19  22
20  10
9  12
46  21
21  29
25  28
9  26
20  6
34  35
31  35
49  47
11  29
22  13
39  8
35  25
49  23
38  49
26  8
22  15
29  6
13  16
8  29
45  24
37  25
22  31
38  34
44  13
44  40
49  21
18  24
8  32
34  51
46  25
38  37
46  43
46  44
47  34
35  10
40  43
13  33
42  20
49  20
17  37
22  35
5  9
7  35
43  35
49  26
40  40
31  34
49  9
11  44
17  11
22  37
51  27
8  48
39  7
37  24
48  14
9  26
32  45
39  13
17  28
29  19
27  51
26  29
37  9
32  19
18  22
18  5
29  21
10  48
38  37
29  11
36  35
38  8
48  15
10  32
5  16
11  40
38  5
20  42
13  14
14  23
43  40
41  13
38  14
25  10
35  49
38  18
14  15
51  9
16  11
17  10
5  39
48  30
40  16
6  30
49  15
44  16
31  8
33  27
40  5
22  37
31  39
23  32
40  13
38  51
25  47
10  44
24  38
25  39
22  19
45  26
27  5
49  12
43  43
40  50
26  34
7  17
11  14
5  16
35  43
46  25
30  30
35  27
44  28
50  34
11  33
42  12
15  46
27  16
25  51
17  13
28  30
35  34
41  19
25  9
30  9
7  32
10  13
9  13
5  21
35  8
38  32
51  46
30  5
27  8
21  6
6  17
36  17
35  32
42  31
8  46
14  19
7  21
36  8
10  40
30  31
32  15
5  15
9  49
31  31
7  49
16  33
26  43
47  23
18  23
50  25
12  8
30  44
51  18
25  23
21  40
23  27
34  45
8  21
7  21
29  47
47  23
30  51
26  30
8  33
26  47
27  32
10  34
33  47
32  20
33  42
36  11
50  38
38  50
14  34
38  41
47  25
20  28
25  13
7  33
48  50
21  37
27  23
26  13
21  41
27  30
24  7
27  40
13  14
39  39
14  28
19  51
25  48
34  5
33  13
29  48
35  43
17  39
7  22
11  21
50  30
37  11
12  27
30  11
45  14
29  41
14  14
10  23
45  22
21  22
21  36
47  16
8  36
38  42
32  24
24  34
27  20
18  5
36  50
33  43
5  15
29  34
24  19
32  26
33  26
41  48
36  23
22  41
19  29
30  37
41  5
15  18
25  9
8  21
44  49
20  39
25  9
37  22
37  17
18  33
18  26
14  12
8  14
32  12
16  15
41  32
49  48
10  9
36  25
38  12
14  36
12  34
41  6
45  47
44  25
28  39
32  48
6  22
31  33
7  27
50  15
5  12
16  36
44  48
17  25
21  39
28  23
13  25
30  24
45  50
50  33
28  8
17  39
35  28
22  43
18  22
50  27
29  48
12  26
44  18
21  38
6  47
15  24
10  38
9  38
10  16
23  39
32  21
31  27
7  5
28  16
42  49
6  49
19  7
39  48
14  19
28  48
14  49
6  9
6  35
31  41
49  40
49  32
9  25
27  51
27  22
21  14
30  40
16  51
37  9
11  13
6  34
7  45
24  30
20  35
51  42
29  17
49  20
28  42
36  21
7  25
