21  45
16  26
33  19
42  13
10  29
19  33
26  19
39  29
24  37
48  35
33  44
25  39
6  19
17  29
37  37
10  18
44  29
42  50
40  28
41  45
33  39
35  6
25  39
42  42
17  33
48  47
11  45
6  34
37  43
34  48
20  42
17  43
50  25
51  50
48  34
36  11
49  39
32  35
18  33
21  46
21  20
41  28
28  15
33  6
26  44
11  38
24  49
6  16
31  49
22  28
9  43
25  49
24  50
24  40
33  38
14  27
21  34
33  33
41  11
39  32
16  44
21  17
9  15
19  42
35  44
13  44
38  21
10  43
31  31
6  29
8  10
31  13
24  27
32  16
40  12
19  45
48  9
23  50
44  27
14  20
29  7
8  27
22  20
49  30
44  7
48  36
34  17
39  32
11  5
34  7
33  30
33  48
16  14
29  35
33  25
32  49
11  16
34  46
23  25
7  25
27  43
32  16
28  15
13  29
26  51
27  28
8  22
24  36
5  19
48  31
19  14
27  39
50  37
10  22
16  51
32  21
39  47
27  41
6  39
13  9
32  45
27  12
39  40
22  6
8  28
45  18
9  19
13  15
35  33
41  33
10  46
41  27
47  40
30  31
20  36
21  43
21  12
49  16
5  47
19  45
30  17
45  5
14  8
33  22
14  30
9  13
42  40
20  23
30  32
30  42
30  41
50  8
13  32
16  8
28  31
46  35
10  44
22  39
11  26
27  6
7  13
21  24
51  29
21  23
25  10
48  36
37  39
43  29
41  39
38  12
49  42
36  33
6  36
6  12
46  21
13  26
42  26
28  7
45  25
28  50
43  47
32  40
9  16
37  33
13  37
11  44
41  31
45  9
50  28
46  38
25  6
12  47
51  34
12  42
9  40
47  7
16  8
47  50
33  48
33  40
21  17
36  43
40  10
43  15
31  24
40  42
36  46
51  48
31  49
9  34
35  14
23  39
24  11
14  20
25  51
23  40
51  9
9  28
9  35
35  13
20  9
31  37
30  39
41  7
47  13
7  14
9  20
7  51
49  10
27  16
12  28
11  9
24  36
49  19
17  7
9  5
49  39
26  42
51  9
41  38
40  49
46  12
11  8
23  46
13  44
30  25
31  19
9  45
45  41
47  9
47  48
50  51
16  18
49  44
48  37
31  30
25  13
17  23
10  12
46  22
31  18
22  13
48  46
27  17
21  15
28  39
19  48
37  31
29  49
37  44
33  12
42  20
50  40
14  6
12  18
34  42
17  20
37  38
32  14
20  39
38  22
25  7
6  5
20  38
30  41
45  42
31  35
47  12
25  20
19  47
51  19
16  18
10  48
37  16
20  50
25  42
37  34
20  14
37  8
33  42
21  44
25  48
8  28
9  41
5  45
44  24
20  19
39  39
43  8
7  35
17  8
21  27
11  11
12  40
8  29
25  41
8  28
37  28
24  14
48  26
35  27
21  27
22  25
32  5
21  5
44  12
20  48
44  38
5  5
24  25
37  6
38  46
26  42
34  22
36  32
18  27
26  43
28  22
22  48
12  38
30  42
44  33
14  26
7  26
41  45
47  38
15  10
26  24
5  44
10  18
49  26
37  43
30  31
37  21
42  18
29  6
5  48
34  20
13  15
7  48
32  11
38  18
22  18
47  17
30  32
36  9
40  25
30  16
26  5
6  49
39  25
19  26
12  34
13  38
12  30
37  17
51  34
25  15
18  20
35  16
29  16
9  11
10  13
23  49
30  37
25  13
14  45
7  10
36  18
32  12
48  6
41  47
20  41
37  32
42  30
22  50
11  9
5  50
27  40
32  50
11  31
35  17
15  38
17  24
14  36
12  13
30  7
43  9
46  49
9  15
15  43
21  33
33  31
41  51
38  36
43  29
19  27
29  38
46  37
48  38
33  38
38  17
51  37
12  48
37  29
22  27
45  38
26  46
8  7
42  43
26  11
35  23
50  29
7  41
17  45
43  29
51  45
51  19
12  33
14  38
40  6
22  51
9  36
13  9
8  34
20  34
30  47
13  16
31  20
44  22
8  7
30  18
33  36
34  51
12  45
28  46
35  14
36  15
8  6
41  44
33  43
21  8
46  22
37  50
8  18
18  48
47  43
41  38
24  45
12  22
8  16
11  15
45  15
16  29
5  12
15  41
40  42
17  43
18  30
49  44
20  11
29  47
7  50
32  10
49  34
22  18
23  21
16  24
33  17
31  18
15  45
48  13
20  10
15  33
27  5
43  39
8  43
41  22
38  29
36  47
32  24
39  44
25  30
16  51
51  25
45  42
23  25
12  35
38  15
29  18
30  17
27  17
11  27
32  42
14  15
34  44
33  49
48  19
44  21
6  27
48  16
8  39
13  27
46  23
47  15
14  20
16  15
9  9
23  12
44  41
22  14
15  20
51  47
13  15
29  34
36  25
18  15
40  21
8  33
14  37
46  5
20  32
48  25
45  10
25  39
21  16
34  32
21  36
21  51
5  26
31  44
44  44
30  19
10  13
19  31
43  19
31  45
42  22
28  30
6  14
50  43
42  13
30  19
27  6
32  10
34  44
18  18
40  11
47  43
14  16
42  15
11  50
26  31
18  25
48  20
51  43
35  11
31  15
34  17
49  18
42  29
35  50
42  26
23  26
29  48
30  19
34  16
14  9
7  39
25  35
19  28
48  33
49  8
15  46
44  9
25  32
44  21
8  23
29  8
33  27
17  38
30  19
40  42
40  42
6  14
15  18
12  37
5  8
26  44
44  19
6  38
13  24
35  35
14  33
25  42
45  24
7  43
18  10
42  13
39  37
14  16
41  42
45  44
20  7
7  35
37  28
51  21
21  18
45  7
31  30
12  42
47  33
11  10
20  6
40  17
19  42
19  37
40  40
35  5
30  25
49  11
11  30
11  31
18  40
15  20
17  24
14  21
51  23
16  23
44  43
28  5
48  30
10  19
23  28
5  28
23  29
15  38
37  36
47  33
34  7
13  49
8  50
15  31
6  20
41  8
38  28
16  35
44  12
49  16
7  42
29  21
47  30
16  38
41  47
25  33
18  10
35  16
6  6
7  9
43  49
43  17
10  51
15  39
50  27
19  31
28  25
51  10
38  34
33  45
29  15
25  21
50  49
13  32
24  5
25  32
43  20
11  7
21  11
47  15
47  19
17  21
39  47
6  37
41  28
7  6
13  34
6  9
29  10
39  18
30  11
7  50
31  25
30  16
43  41
24  45
6  26
48  29
34  13
28  16
46  31
18  51
14  47
24  22
20  12
15  41
21  51
38  14
8  6
11  35
51  25
8  19
20  39
22  5
15  41
9  10
10  5
8  21
37  27
26  33
35  8
46  39
31  36
22  51
25  37
23  36
25  15
12  18
48  50
22  29
41  27
28  49
43  45
41  50
49  27
38  10
15  23
45  9
33  12
16  20
33  26
51  6
10  18
18  43
49  32
28  6
7  37
22  9
37  10
30  27
14  8
23  45
39  20
49  23
15  29
39  39
12  23
11  13
48  11
25  15
14  38
50  37
34  26
18  30
45  18
31  42
6  37
5  37
12  31
11  28
22  14
27  45
41  36
18  13
34  40
46  21
37  47
46  5
50  29
25  22
8  15
38  42
41  12
38  30
13  38
50  44
19  34
15  46
5  30
38  41
34  41
13  35
17  10
45  50
46  39
51  33
37  31
45  7
43  7
15  6
16  23
6  11
21  18
44  17
34  17
51  8
45  43
49  22
21  22
49  18
31  6
46  33
18  50
48  23
19  10
42  27
5  29
9  29
45  35
15  19
38  46
31  7
40  35
33  46
24  34
25  31
49  5
46  44
27  49
10  13
49  17
30  11
39  11
8  49
24  29
47  6
47  29
9  39
36  46
13  19
16  20
44  20
20  41
8  42
27  20
13  44
27  11
13  38
41  7
35  35
13  30
46  22
8  6
25  22
19  39
50  6
42  24
39  42
11  12
49  12
12  22
21  7
36  21
18  31
7  41
14  10
33  19
15  19
18  5
13  8
21  51
33  8
13  9
37  43
50  29
14  34
9  21
40  10
41  45
37  43
34  24
50  46
11  8
40  33
38  26
16  30
17  14
15  17
44  49
17  39
17  34
19  8
48  35
9  21
42  13
7  48
35  31
49  49
13  28
17  30
12  7
29  13
38  10
31  26
14  41
29  28
32  18
20  19
18  36
5  32
9  16
18  17
28  47
36  39
40  29
22  25
38  21
51  43
6  26
35  13
32  27
40  44
49  21
45  45
22  51
5  49
14  12
38  34
13  17
34  17
45  11
48  5
41  44
15  36
6  5
37  14
31  27
7  24
36  31
42  19
11  11
16  6
16  45
37  17
47  29
27  10
15  32
50  30
24  5
39  44
34  22
44  10
43  50
41  20
8  19
46  22
50  50
12  46
47  35
34  33
22  46
43  44
13  32
7  8
11  15
11  29
13  39
33  33
46  41
14  40
26  23
29  29
9  12
30  27
44  19
13  46
24  15
11  31
20  30
45  5
34  16
9  32
33  50
7  34
25  25
33  47
46  46
19  7
32  43
16  13
44  7
12  8
18  22
38  34
43  25
26  30
30  33
43  5
31  11
51  13
47  44
30  43
46  50
21  47
22  25
35  37
47  27
20  40
7  49
33  47
38  46
45  20
34  29
7  17
34  34
28  33
50  34
14  21
33  35
45  38
51  21
20  42
7  16
20  37
19  38
40  51
10  46
50  8
37  38
45  28
12  33
36  50
18  19
38  10
6  24
40  10
36  38
28  17
19  36
46  45
38  34
27  9
27  7
42  8
16  26
27  30
38  10
15  35
45  48
45  22
16  37
17  51
18  23
30  31
22  8
16  24
16  21
40  11
28  34
10  13
38  17
38  40
24  14
23  28
39  30
48  47
34  21
13  16
34  25
23  16
33  20
22  22
31  13
17  45
9  19
10  34
38  25
13  27
5  24
24  32
35  12
19  22
33  45
28  30
8  35
44  48
17  23
20  14
14  44
27  50
43  42
48  10
28  17
23  7
29  6
10  39
47  6
51  18
27  15
7  34
41  37
7  10
21  44
23  6
43  19
6  10
14  44
47  12
40  26
40  19
48  31
37  21
15  11
34  47
7  11
38  42
9  32
15  13
30  25
17  31
32  13
34  8
5  21
20  15
32  11
31  42
37  23
30  48
15  45
19  33
21  11
36  8
20  42
25  12
48  46
36  8
37  31
23  8
5  19
32  23
5  36
35  15
31  13
50  8
29  38
40  39
7  16
36  28
46  11
38  26
37  36
40  15
16  39
16  34
41  23
24  14
41  31
6  17
48  28
50  40
41  11
11  6
16  18
50  25
42  47
26  44
6  48
8  45
26  41
42  8
27  34
31  45
30  15
19  14
51  37
25  10
15  38
45  8
17  46
47  25
26  7
24  33
8  40
51  38
22  27
33  44
32  5
27  24
41  15
12  51
12  14
7  42
45  30
17  13
22  32
38  36
40  47
43  16
7  34
25  7
20  9
22  6
19  15
44  22
30  49
45  28
31  18
35  16
46  8
45  42
39  13
31  51
44  50
30  21
34  28
32  44
22  35
18  10
5  45
30  26
11  10
25  21
45  31
38  8
46  9
33  37
37  16
43  26
11  38
17  48
17  20
44  15
42  42
37  30
42  15
12  47
38  42
6  45
8  21
11  9
18  34
27  31
15  20
12  15
11  18
27  49
18  15
5  11
5  10
10  49
31  34
46  9
33  48
8  38
6  33
26  29
17  22
13  41
11  20
16  8
23  14
14  15
33  29
28  17
42  40
39  43
7  14
22  45
31  39
27  6
40  10
8  17
8  16
11  38
41  28
20  23
37  51
44  32
48  44
41  28
7  50
45  19
49  18
16  40
5  48
16  18
5  25
50  46
46  31
28  47
28  32
22  24
40  33
17  30
6  20
29  21
20  12
15  43
31  46
50  7
40  11
16  41
15  20
32  46
35  17
10  50
17  27
43  32
10  14
24  12
34  32
36  49
46  7
31  45
31  25
28  38
31  40
30  23
39  46
39  45
16  22
15  11
26  28
22  51
13  50
35  12
48  46
11  45
41  12
21  48
29  48
12  47
32  10
32  47
15  25
31  17
41  39
5  43
34  23
19  19
34  22
15  6
49  12
45  43
28  43
23  47
18  23
17  14
30  7
6  15
35  45
35  5
39  42
32  27
19  25
13  9
50  45
29  23
37  30
45  11
23  13
5  24
26  8
13  5
10  37
34  44
13  22
50  18
24  33
36  18
17  13
35  27
30  13
39  39
49  29
18  45
38  9
43  5
33  27
43  33
13  7
31  34
24  36
44  22
25  17
42  7
12  23
41  32
38  24
12  9
38  32
42  33
8  50
33  43
22  45
22  9
11  37
45  21
36  7
33  42
38  32
5  18
41  14
51  38
15  11
5  16
7  46
50  27
40  24
20  42
23  10
42  47
9  36
51  43
38  17
13  26
30  43
31  15
7  42
24  9
14  6
44  42
5  25
43  31
27  49
46  25
29  50
11  13
33  44
46  23
32  32
27  36
39  44
29  23
27  50
9  5
24  38
14  17
18  51
11  11
36  43
51  5
50  19
46  46
7  51
25  30
31  22
11  9
46  25
10  50
33  13
39  10
34  16
38  20
11  31
7  43
25  44
49  16
36  36
22  33
7  40
20  15
16  9
26  23
12  38
7  28
47  6
22  36
50  20
25  32
36  24
30  39
25  7
12  31
11  21
30  9
6  44
9  20
30  46
40  34
30  14
14  18
40  48
32  17
28  28
26  28
45  12
19  8
42  47
20  18
6  15
20  26
50  12
23  46
35  46
29  12
27  10
21  37
38  48
35  8
17  13
37  24
41  32
19  31
15  15
45  32
20  8
7  48
32  44
43  16
9  14
5  36
24  21
10  51
12  50
29  49
47  17
18  7
29  11
10  36
47  28
34  47
41  20
28  8
20  36
5  9
6  34
50  13
46  5
36  9
10  49
41  21
6  8
50  24
22  29
45  8
5  38
45  41
10  20
36  41
16  28
29  38
8  41
34  42
39  17
33  25
32  5
16  30
25  32
15  34
11  42
19  31
23  45
6  9
8  18
8  13
41  17
21  26
47  26
32  23
34  49
46  38
39  12
14  15
7  30
41  16
17  19
5  50
31  7
7  7
49  5
51  43
24  49
37  10
35  26
18  32
49  20
12  6
51  39
8  34
18  48
13  22
48  16
30  30
32  51
8  11
24  36
40  22
19  6
12  12
13  43
8  6
49  5
15  23
24  35
11  7
30  11
13  37
33  49
7  44
44  35
20  50
42  30
25  19
34  50
27  29
39  40
45  35
28  20
45  8
37  18
24  25
51  11
9  31
8  43
40  34
29  51
19  17
28  30
22  21
31  47
12  26
47  17
45  47
35  46
10  18
21  47
26  6
41  33
25  45
30  46
12  47
36  38
28  35
33  13
38  21
23  50
22  45
15  39
25  10
16  29
20  34
48  34
41  19
12  17
5  7
34  12
34  36
16  46
27  45
35  29
40  40
29  15
39  22
43  38
36  23
18  50
26  46
30  32
36  35
33  18
40  19
22  45
37  16
34  27
13  28
18  42
51  43
45  23
33  46
48  44
46  50
50  25
40  8
23  46
34  46
46  47
13  40
33  32
16  51
7  20
14  6
34  29
15  10
35  49
33  25
11  36
19  47
8  50
8  41
42  25
30  44
16  34
6  47
16  28
40  36
27  42
10  7
12  33
37  13
48  17
29  32
47  48
15  28
49  25
34  40
35  46
40  25
10  11
26  13
11  26
28  36
7  7
49  21
16  20
42  43
34  33
38  35
7  40
18  43
9  25
50  46
43  9
22  20
45  6
34  50
32  10
24  34
5  13
28  16
14  26
18  20
39  46
16  18
30  24
16  13
51  10
36  24
14  18
25  33
8  32
47  11
23  9
46  23
20  13
24  7
27  30
21  47
43  31
15  20
35  42
9  11
49  16
35  16
17  31
34  29
27  25
43  28
32  48
7  24
48  34
5  10
46  38
44  14
25  6
49  31
17  18
26  30
42  48
16  51
34  14
37  13
14  48
33  27
44  9
48  38
13  31
51  44
16  9
38  35
10  11
40  35
31  16
48  7
47  51
36  24
24  14
28  29
24  51
10  43
51  46
23  29
22  14
36  28
42  5
24  21
33  6
7  19
45  24
42  50
22  46
28  42
16  27
16  14
32  33
7  11
33  15
47  47
7  36
40  37
8  13
8  12
47  47
51  34
25  44
17  43
12  34
29  32
23  42
40  31
16  7
46  19
37  5
24  17
7  14
20  35
36  36
39  27
22  26
48  46
22  30
45  46
27  7
20  23
27  13
31  32
41  12
31  46
8  36
46  24
27  21
15  11
36  34
49  19
6  15
24  17
8  47
27  17
18  30
32  9
44  33
38  14
50  31
45  50
30  29
21  24
23  12
51  11
12  34
44  45
45  46
22  25
33  48
25  42
41  47
34  42
40  29
42  31
5  44
31  47
21  26
30  18
25  45
31  29
27  41
22  51
40  14
8  38
38  8
13  45
14  49
45  39
43  51
51  31
34  27
12  41
28  45
49  6
7  20
25  35
27  28
43  48
20  7
13  15
39  5
29  44
34  14
18  7
28  16
26  33
32  33
11  33
31  22
14  35
10  49
22  36
42  26
43  50
26  34
19  25
43  44
6  27
46  36
31  40
36  5
43  24
40  44
51  16
19  21
25  49
23  35
32  28
14  10
30  37
18  15
42  43
35  44
17  12
8  48
20  15
21  10
43  39
32  24
32  5
43  38
5  6
36  16
25  22
42  38
46  10
21  13
51  13
30  27
20  38
22  20
26  25
29  15
32  28
13  33
42  30
39  31
19  23
50  8
18  44
6  20
23  13
20  45
32  30
9  45
30  50
18  19
18  27
39  23
12  25
28  23
11  12
21  31
25  24
33  31
17  12
44  9
27  51
8  45
49  11
42  24
27  28
5  10
38  37
38  34
24  7
27  20
45  24
48  48
14  23
38  51
43  25
41  27
32  26
36  28
5  39
46  37
30  36
11  5
13  13
35  49
48  33
31  17
36  34
8  50
29  33
27  38
10  35
32  10
28  49
5  28
20  9
14  28
18  51
8  24
32  49
33  24
36  46
29  36
47  35
33  44
28  39
26  34
48  9
46  5
20  5
15  38
8  23
31  6
50  16
41  14
22  6
11  44
39  45
37  20
20  42
10  47
6  27
26  31
14  31
21  48
9  30
18  41
17  19
5  36
35  20
45  39
37  30
18  33
24  10
20  32
16  14
20  43
46  43
40  26
23  35
46  20
17  50
48  40
10  40
17  15
30  50
50  19
15  36
25  17
45  17
25  16
12  12
8  48
34  40
35  40
31  19
39  51
6  17
15  8
49  38
44  24
46  22
12  37
5  20
20  17
41  21
26  46
48  24
7  21
22  40
11  51
19  21
47  18
38  49
31  50
51  27
24  17
13  13
46  5
44  43
31  12
42  39
34  35
48  49
51  48
14  39
15  16
21  41
15  29
12  40
29  17
5  45
11  44
10  48
38  47
48  19
11  39
9  36
48  18
18  33
27  33
51  14
41  21
26  32
42  25
8  28
27  23
31  17
6  19
45  43
10  6
48  43
11  10
25  9
31  49
37  51
14  44
47  41
7  17
30  26
5  21
6  23
5  50
40  24
14  12
8  31
43  28
12  38
40  44
31  46
20  41
26  27
41  47
17  31
37  10
5  28
45  25
7  10
47  37
25  37
43  33
7  10
9  15
21  48
9  32
43  43
23  51
35  23
10  29
48  35
51  38
13  17
44  39
33  9
11  43
31  14
21  10
17  48
46  34
49  43
26  23
7  9
41  33
40  17
40  51
43  40
43  48
32  9
48  12
50  7
22  9
46  18
49  49
15  23
10  33
22  46
31  45
28  27
30  38
36  19
32  36
35  26
51  35
7  8
35  41
33  12
49  35
39  35
7  8
35  21
43  49
44  47
23  34
39  28
28  42
30  51
36  16
20  42
41  32
50  6
35  28
42  10
29  30
18  32
33  47
48  39
37  14
26  14
5  23
13  14
26  50
43  31
17  25
5  22
17  38
13  8
20  24
28  21
24  5
38  29
17  45
36  12
8  31
12  21
40  47
31  49
37  49
25  44
27  21
51  18
23  15
33  15
44  45
15  14
42  45
17  33
25  30
25  30
12  12
50  19
21  46
13  34
39  10
19  27
14  17
43  25
42  32
7  30
8  27
11  21
5  45
45  35
45  51
34  46
6  11
31  31
44  24
9  34
17  15
9  25
9  26
31  39
14  17
29  5
35  32
51  16
41  19
42  44
32  48
51  44
10  45
21  38
36  11
8  18
14  27
44  44
45  8
25  11
50  20
29  39
47  11
30  43
17  9
10  28
46  21
43  9
25  34
30  51
32  45
14  13
6  17
10  51
7  24
27  7
39  19
43  50
40  22
29  13
11  38
31  28
41  31
41  9
32  33
5  42
10  30
29  12
31  18
23  32
24  21
6  31
16  36
18  15
9  26
49  51
19  26
21  38
46  36
28  45
14  6
34  30
18  6
28  6
20  9
51  19
44  10
22  34
23  33
12  5
8  41
27  42
39  29
7  29
46  23
40  37
25  10
38  33
29  35
18  33
48  7
44  17
11  21
5  12
48  11
50  31
17  8
49  37
18  45
51  44
21  43
29  37
24  36
26  50
10  50
19  39
39  50
25  10
43  18
46  13
35  22
50  20
11  14
47  8
34  29
22  9
43  19
20  27
7  16
32  29
50  36
42  39
45  19
8  14
29  51
21  51
17  41
47  31
29  16
51  45
44  36
24  48
27  9
18  43
23  44
11  17
12  43
32  26
7  46
23  46
39  12
13  21
13  22
38  9
24  21
33  25
35  12
22  27
27  29
36  50
47  25
11  10
18  22
15  43
6  32
48  17
34  44
8  16
51  31
43  47
28  40
25  18
5  48
16  27
35  19
48  35
47  19
34  20
5  26
19  20
18  42
50  42
21  46
35  26
20  44
8  25
44  46
51  50
35  29
9  7
6  39
17  16
26  39
23  18
31  50
15  5
49  39
29  28
34  10
35  35
28  21
5  21
15  38
9  27
49  9
29  36
45  6
12  17
26  14
21  18
46  39
7  30
12  8
21  23
27  41
27  21
26  38
36  11
41  14
46  41
40  15
23  7
51  17
16  27
21  45
13  10
5  44
24  13
24  31
49  36
19  34
31  22
46  34
7  35
37  32
10  51
30  8
16  27
32  24
17  35
10  48
19  24
36  25
40  13
47  19
26  46
45  13
14  9
21  20
22  10
42  44
13  42
23  30
24  28
16  31
15  43
14  35
27  36
27  18
49  21
17  33
17  31
41  29
24  23
8  26
6  48
12  38
14  40
37  25
47  31
44  36
34  16
22  49
24  30
22  17
13  31
30  13
18  18
15  38
30  39
46  22
47  23
13  48
6  24
46  9
42  14
27  7
20  23
36  44
15  16
50  43
20  13
18  11
38  8
36  46
41  21
9  41
6  45
44  34
34  44
45  20
10  37
40  27
5  45
29  34
42  34
25  38
15  15
26  32
19  37
8  31
32  10
26  17
12  46
8  36
26  47
41  10
28  21
22  42
47  7
33  45
47  45
49  46
24  27
22  17
48  19
49  51
9  11
40  24
5  6
17  6
27  32
42  33
5  6
6  24
50  7
14  48
50  15
35  20
20  10
44  24
24  39
5  38
45  13
33  17
12  41
43  20
38  7
49  19
16  9
12  7
46  42
21  9
20  38
40  38
39  41
22  38
44  39
37  47
27  12
5  40
40  41
24  31
32  49
7  12
32  35
9  16
6  25
5  40
21  45
30  51
47  5
36  46
28  29
19  28
38  6
45  27
40  37
23  29
48  16
28  5
16  23
20  20
17  35
43  36
25  11
49  14
13  50
22  22
22  5
29  21
39  30
43  30
48  23
5  30
7  39
26  14
21  43
31  29
42  21
24  35
37  50
42  27
20  47
5  16
41  8
31  48
43  39
49  49
29  6
22  47
38  36
29  10
27  44
29  32
49  9
28  48
16  19
36  35
15  12
10  51
47  50
16  50
23  6
20  35
36  21
45  12
34  14
5  22
37  24
12  23
50  31
24  21
49  46
37  11
42  34
6  9
18  5
43  10
18  50
23  30
9  41
25  31
14  36
19  13
48  22
14  45
6  35
32  43
27  44
29  9
6  14
45  9
45  45
51  41
9  51
21  6
15  30
10  40
41  33
20  23
14  14
34  10
9  35
42  34
25  42
16  10
38  30
40  20
47  28
43  38
36  30
27  25
8  43
29  37
42  13
20  38
38  5
17  49
51  37
28  36
21  15
50  31
34  45
20  20
45  9
48  24
10  10
7  35
42  6
14  51
34  30
20  43
24  27
21  23
33  5
23  17
5  18
40  40
21  8
27  29
15  18
29  38
17  26
5  12
5  16
38  21
22  11
30  26
16  9
41  35
39  30
46  15
39  51
49  15
7  31
6  8
42  12
17  22
10  9
28  11
41  33
30  24
36  46
10  48
47  42
47  49
37  42
48  11
40  50
36  19
16  47
31  8
39  23
43  46
46  31
34  21
21  22
11  37
32  8
16  36
17  38
37  9
47  36
47  17
36  47
36  47
8  43
47  17
36  19
20  45
22  24
41  45
30  30
41  32
10  13
12  22
50  9
10  44
23  19
49  20
39  49
33  47
8  13
13  16
45  7
15  9
41  12
20  36
38  12
49  31
11  21
51  7
5  48
23  41
12  51
50  13
13  28
41  50
25  22
46  42
45  47
38  6
25  40
35  29
5  12
36  48
29  6
8  49
6  46
9  20
47  43
7  19
23  25
38  34
42  11
17  18
5  30
19  17
44  29
37  10
30  17
9  34
21  15
22  30
34  25
45  25
46  48
43  37
12  50
50  6
35  28
42  30
10  20
6  5
14  37
48  35
50  37
31  50
40  40
28  30
29  49
8  32
45  6
24  40
13  13
41  9
15  28
27  46
5  24
51  42
25  8
37  51
13  39
26  15
23  31
43  41
46  40
29  6
38  12
47  14
21  23
33  46
27  5
27  49
44  11
34  38
24  20
29  50
27  49
36  50
50  22
27  32
37  22
17  8
44  16
5  36
35  36
15  19
28  30
14  6
18  7
18  17
16  34
48  7
27  39
44  38
5  47
44  39
28  14
30  33
13  49
14  20
18  39
47  27
29  7
17  13
8  49
9  51
28  42
40  44
13  30
15  44
40  18
15  19
47  34
34  12
14  23
18  29
17  24
15  43
23  10
12  35
40  39
22  30
30  40
45  51
15  41
15  38
49  46
8  13
50  30
28  41
43  46
10  31
28  14
35  23
9  13
34  15
42  50
44  14
24  7
30  36
16  28
30  46
41  34
8  26
5  14
38  24
19  9
15  35
35  14
46  41
18  42
50  6
21  44
51  9
41  39
12  40
48  12
30  15
17  49
14  20
16  36
47  15
18  5
32  17
39  47
31  9
47  14
39  46
47  5
26  45
49  12
10  27
51  21
26  37
34  39
25  24
22  20
51  10
19  41
33  6
23  21
21  32
37  14
33  49
35  14
20  39
18  39
13  26
46  25
20  51
22  38
7  47
10  39
31  34
34  42
30  25
47  34
45  19
45  26
45  26
37  21
6  21
45  29
27  24
12  40
18  30
20  17
12  34
42  33
30  17
46  18
29  8
9  49
29  49
42  10
45  8
37  33
27  34
50  14
49  37
19  35
30  33
7  29
20  51
26  41
38  10
35  46
34  23
26  22
50  7
46  19
24  35
12  18
37  49
47  6
8  25
44  26
48  9
21  6
17  46
18  10
21  28
26  7
39  13
24  44
5  30
42  8
27  39
18  44
24  24
21  42
12  47
38  48
6  42
37  19
27  12
32  51
33  44
44  34
38  10
18  26
8  49
23  35
37  48
25  9
26  50
49  35
19  36
21  7
22  15
51  35
20  14
50  12
41  18
16  17
39  14
35  41
6  45
30  18
34  50
10  10
51  47
48  34
8  15
9  24
15  29
47  19
16  38
47  49
49  32
7  15
33  10
24  8
23  43
48  33
14  27
20  33
28  35
30  20
25  47
27  39
35  25
18  36
8  47
44  26
37  48
19  25
33  30
14  29
22  13
33  31
9  19
49  33
26  30
47  13
17  11
29  42
9  10
15  16
37  21
15  6
30  29
37  6
9  27
51  37
39  29
9  33
17  35
22  24
40  42
9  16
30  29
35  45
22  44
25  6
28  5
14  48
19  40
30  6
51  27
33  30
6  15
12  20
13  13
37  9
47  48
35  26
6  33
51  50
40  16
9  37
28  5
5  43
31  13
40  8
26  45
44  18
23  7
45  50
15  5
24  33
38  47
37  29
34  30
10  48
28  38
50  23
33  12
31  35
12  46
18  41
23  18
6  41
26  12
23  45
36  43
26  32
35  29
33  10
11  25
29  26
20  28
20  45
36  51
39  40
38  50
44  44
17  48
39  35
29  47
16  21
42  40
35  21
39  8
13  6
9  31
23  43
27  22
17  45
13  29
5  27
49  18
51  22
5  6
10  47
28  18
18  24
36  27
36  32
49  15
17  5
46  6
9  6
45  8
15  26
14  50
30  25
14  14
9  18
47  40
34  8
28  22
16  22
29  47
39  43
41  29
17  36
32  50
30  29
14  27
24  32
34  5
27  18
12  17
44  15
15  48
11  44
37  7
24  6
27  35
33  20
9  15
32  6
38  22
40  27
31  16
30  10
36  36
7  9
25  44
23  34
44  16
25  21
47  11
19  50
21  24
51  10
18  24
39  37
45  49
15  37
49  35
40  20
44  21
15  14
10  11
25  40
18  12
42  22
16  17
28  17
38  30
29  25
20  6
34  14
16  37
34  46
38  37
42  23
27  24
47  51
41  33
35  42
29  51
29  16
16  5
40  12
50  12
5  43
17  14
18  43
35  14
9  25
23  25
8  48
30  9
38  10
7  20
42  44
35  11
35  39
14  24
25  33
11  16
10  22
5  8
8  24
8  46
14  15
25  6
24  35
48  42
6  10
25  37
38  31
31  32
44  17
34  5
41  17
8  5
16  36
5  30
34  11
45  32
19  28
30  6
26  21
17  19
23  24
16  51
26  37
32  44
25  12
7  17
27  50
8  14
19  5
47  18
38  32
9  9
10  37
45  43
48  22
20  14
15  18
34  26
37  9
29  17
28  48
10  35
44  26
45  6
26  11
31  38
15  35
30  38
35  49
14  49
22  19
35  37
48  29
24  7
27  6
17  5
44  16
30  19
47  21
17  7
27  38
29  24
44  18
20  23
36  36
41  12
38  45
28  38
32  37
28  45
22  40
37  11
45  6
35  26
44  49
42  23
18  48
12  22
10  49
47  13
46  24
20  33
17  41
39  30
42  28
36  41
33  20
48  35
16  31
8  21
49  50
26  36
11  31
16  34
22  34
48  43
22  36
36  14
17  33
22  20
44  16
45  32
32  12
37  17
28  25
42  38
44  50
40  17
15  9
34  19
51  25
14  48
44  13
43  35
47  21
20  47
18  41
24  45
24  44
51  51
35  51
48  29
6  37
41  27
29  23
14  23
49  21
27  24
7  10
51  46
43  27
48  32
19  26
47  47
8  25
7  36
41  5
24  14
37  44
22  16
42  36
9  38
49  41
21  12
20  33
9  6
34  45
28  12
51  47
10  47
31  34
30  40
36  18
42  14
30  17
20  26
32  18
47  43
45  51
42  32
33  50
27  27
41  14
33  26
31  49
20  41
29  11
11  42
45  33
18  29
5  48
42  22
33  34
20  18
27  7
7  33
28  35
26  10
45  46
47  9
24  14
46  19
30  11
38  23
29  5
29  18
12  44
19  9
46  23
41  22
34  27
15  31
31  20
38  37
7  39
20  18
51  44
27  6
17  11
38  35
28  6
25  42
13  12
47  37
6  48
29  5
35  7
31  51
40  34
15  45
43  13
22  6
20  51
27  39
22  13
44  25
35  31
13  37
10  26
19  6
15  11
13  42
22  28
24  19
36  47
22  29
21  40
40  48
32  25
9  21
18  29
43  47
46  44
30  43
26  33
41  31
15  43
43  9
27  30
39  44
14  23
36  22
21  26
9  48
28  9
41  40
46  47
21  17
13  39
24  17
31  30
48  31
49  47
37  14
17  32
37  10
16  28
37  8
18  15
20  13
31  37
41  12
9  14
39  40
45  42
50  9
16  20
41  44
39  19
16  6
48  35
8  11
6  33
35  19
35  23
13  51
9  14
10  46
46  49
19  44
25  37
18  46
46  15
36  16
38  44
44  34
7  7
22  34
21  37
12  27
29  34
20  25
15  21
36  47
9  32
45  40
25  32
31  40
31  13
15  39
16  42
32  11
36  50
8  26
38  10
25  50
41  33
44  42
37  45
43  24
50  17
48  24
16  16
20  20
43  51
16  48
30  8
25  8
22  15
34  9
38  17
25  44
28  51
34  5
50  35
32  51
36  47
38  36
6  46
39  28
13  49
35  22
45  6
17  41
20  28
37  17
5  14
24  41
42  49
43  48
17  46
7  47
8  17
25  50
12  30
26  34
27  28
16  32
10  32
37  43
5  11
41  9
5  41
7  37
6  10
44  22
8  16
16  35
20  43
5  21
25  10
50  40
33  43
7  25
7  22
29  40
51  35
49  22
42  33
16  40
37  29
39  22
31  14
14  21
7  5
26  50
10  30
44  35
30  45
30  16
30  44
25  16
23  17
45  22
37  48
39  15
39  42
48  15
24  38
29  44
50  12
17  6
17  12
20  31
22  9
16  31
46  25
48  29
16  38
40  49
8  26
29  50
28  16
30  39
8  30
6  25
37  13
50  46
14  44
31  32
39  5
22  10
48  37
37  8
30  34
33  11
16  11
44  41
34  34
47  19
30  24
19  47
38  26
21  5
37  47
31  41
26  22
44  42
37  10
7  27
23  18
15  40
9  35
20  46
6  47
10  21
38  17
14  29
42  24
11  51
47  33
49  36
11  48
12  30
48  46
45  20
26  9
33  49
39  41
16  39
33  47
38  46
16  41
23  42
39  48
39  27
6  24
50  14
21  37
22  21
18  38
50  49
35  49
33  17
47  48
6  24
17  25
49  50
9  12
33  41
6  34
28  38
7  7
46  14
32  7
43  31
21  39
36  48
24  40
28  47
40  22
13  23
31  9
10  17
20  32
14  33
45  23
28  12
33  15
22  34
40  46
48  18
7  49
42  9
48  40
32  30
25  8
36  41
37  10
37  29
51  27
41  34
24  25
37  32
49  47
18  17
10  38
27  32
17  41
7  37
33  25
9  32
16  40
47  48
31  15
6  30
24  50
33  13
18  24
11  27
29  36
37  46
51  13
18  38
20  49
40  34
13  16
22  24
28  21
47  19
14  27
39  7
43  11
6  21
29  36
14  51
13  33
9  20
23  43
30  47
31  37
25  41
32  51
13  17
24  34
20  6
6  8
37  41
43  9
27  42
26  31
38  47
39  18
29  12
25  26
18  11
50  34
14  21
41  8
11  30
27  37
36  8
50  21
20  7
12  32
44  20
8  49
7  7
10  38
21  28
50  30
20  51
49  22
31  40
36  40
6  38
9  27
24  26
45  28
30  49
10  49
26  26
31  21
42  5
33  34
41  33
38  41
31  8
19  32
15  36
13  30
26  42
31  33
47  12
13  28
16  33
30  25
8  16
12  22
25  26
11  39
39  38
49  35
25  34
17  28
48  45
28  34
29  40
10  30
31  44
17  8
49  24
49  12
33  36
51  26
21  9
29  27
16  15
36  34
34  21
51  35
9  10
23  22
25  6
27  44
7  19
48  26
34  42
10  38
19  29
13  47
34  27
26  7
16  13
41  38
18  28
48  19
28  14
14  38
50  12
17  6
46  5
47  15
47  10
20  12
16  49
8  17
7  5
38  7
12  20
17  43
8  50
38  17
35  27
22  41
38  24
33  8
40  22
46  8
36  15
37  38
38  30
12  22
42  47
45  39
21  5
9  42
13  20
31  18
16  22
5  8
6  25
44  41
26  41
10  37
7  34
19  35
21  24
17  7
30  47
49  39
6  41
40  51
28  24
6  36
11  29
44  15
14  18
10  30
22  16
12  12
33  41
5  37
49  9
13  49
14  5
48  26
21  26
5  12
24  19
24  28
7  51
43  32
27  46
6  28
13  28
25  13
51  24
41  28
42  24
45  11
18  6
49  42
12  5
26  38
50  49
12  29
19  47
12  48
12  47
30  5
44  50
21  43
16  32
23  17
31  36
6  26
30  12
22  34
14  41
13  8
37  33
8  38
23  12
49  15
27  8
47  22
45  51
49  13
39  15
11  9
24  12
29  29
25  51
49  45
10  29
11  43
49  12
17  30
45  36
7  6
27  35
38  10
16  10
7  47
27  21
42  26
38  12
44  42
16  48
42  9
22  22
21  19
31  40
40  11
39  8
6  12
38  35
49  16
38  29
7  27
44  13
29  44
24  42
50  15
34  30
15  23
14  8
18  17
44  18
40  43
41  45
28  15
12  28
20  34
31  30
45  30
26  51
14  27
42  46
18  25
6  46
43  11
15  12
11  45
36  13
16  8
47  46
38  38
31  33
51  14
13  49
43  13
11  48
48  20
49  7
34  17
20  11
5  44
40  30
45  46
27  25
38  25
24  36
27  41
44  46
41  35
48  36
41  15
18  51
25  30
28  45
50  33
21  15
29  9
41  39
18  26
51  5
41  32
48  22
35  26
17  41
22  38
28  8
17  10
8  33
7  19
28  43
47  24
51  45
45  17
20  48
43  31
7  20
27  40
47  20
31  40
50  46
33  35
51  25
8  51
6  41
50  20
24  11
47  13
38  35
25  19
21  30
38  32
41  35
29  16
30  7
46  16
10  30
51  42
30  27
15  11
28  30
15  35
36  44
29  16
42  34
31  39
13  42
51  11
30  22
28  29
35  42
21  51
34  19
15  32
32  29
17  32
42  21
22  45
9  11
45  47
48  37
39  31
25  12
23  49
38  19
47  35
36  27
35  7
38  13
45  46
18  42
12  10
48  49
5  23
34  43
50  23
35  39
22  8
15  19
41  6
47  21
26  9
29  22
34  13
11  28
39  31
35  43
44  30
16  9
18  21
31  43
19  6
49  12
22  28
42  16
8  14
41  27
40  39
35  49
42  49
9  19
29  40
32  41
23  24
6  15
9  16
15  24
45  8
11  40
25  45
35  37
26  7
15  50
17  46
26  6
15  33
27  43
43  40
27  7
48  29
38  40
19  8
32  41
27  42
38  47
11  28
45  47
36  25
38  28
26  45
50  21
22  29
33  45
11  7
36  11
34  50
16  25
43  7
46  5
21  29
15  49
24  49
6  28
43  43
17  15
17  39
6  44
30  17
51  28
21  6
12  23
23  19
20  13
9  32
45  21
11  29
20  30
12  41
25  46
5  45
35  14
18  13
48  23
45  25
33  43
26  38
33  50
7  42
27  14
7  14
16  22
7  44
31  16
26  27
40  9
12  29
33  16
38  49
45  50
6  18
27  34
48  12
18  11
22  34
43  21
22  51
51  15
34  5
7  21
46  26
34  25
48  30
29  30
20  51
38  30
32  9
21  38
19  46
23  8
50  22
42  31
17  14
14  15
18  50
31  16
42  5
45  42
7  10
51  18
22  20
37  12
20  20
9  38
6  11
51  28
35  14
40  23
22  11
51  45
48  42
45  50
19  44
8  35
5  12
43  33
49  48
32  14
20  51
11  42
48  47
26  51
6  13
47  14
28  31
46  47
27  12
45  46
27  14
35  17
29  19
51  43
19  9
31  15
12  47
38  21
30  37
20  42
51  12
13  18
50  37
8  36
51  7
10  13
24  33
16  41
19  45
17  21
30  27
9  34
12  26
17  40
50  17
19  36
32  42
46  35
22  19
9  8
18  24
48  9
42  42
33  17
42  5
49  33
27  5
42  32
30  39
45  31
48  20
23  32
34  16
38  23
25  7
16  11
42  10
11  14
40  31
6  17
47  50
51  7
31  11
49  24
47  45
26  10
17  23
25  34
26  12
12  27
40  49
51  21
13  15
5  24
10  27
24  20
8  33
26  15
25  34
14  10
46  25
40  23
11  49
42  23
10  42
13  49
16  48
32  40
41  24
17  21
21  6
49  40
35  45
16  35
38  23
47  35
17  39
45  32
35  50
51  33
28  6
29  11
51  6
29  39
32  50
12  20
17  18
5  51
48  49
44  19
49  27
32  20
10  11
16  7
33  10
41  14
7  35
29  27
13  46
25  13
27  9
48  14
10  5
10  33
46  42
24  50
19  5
46  34
37  12
32  8
50  6
45  46
21  10
14  7
30  49
44  39
15  51
25  48
45  36
18  19
15  35
11  44
36  20
45  32
15  36
32  11
32  8
30  30
6  42
31  11
15  41
31  37
12  32
46  40
17  48
15  26
24  35
24  28
31  19
27  35
5  10
20  37
21  48
33  49
7  41
29  45
11  46
34  22
27  29
50  28
31  50
23  49
16  20
20  17
31  50
30  6
46  44
40  39
37  16
17  42
28  43
12  8
35  33
13  51
16  21
40  5
34  12
30  28
43  29
17  32
45  10
16  44
37  32
25  6
39  44
46  12
36  42
48  17
34  46
34  19
29  21
25  25
8  14
28  6
8  49
10  13
37  50
29  19
25  45
36  34
23  16
45  26
17  26
27  31
8  10
26  47
16  46
6  51
13  31
29  15
24  50
43  32
8  11
30  46
26  34
34  17
16  14
20  49
38  32
19  26
35  9
45  46
49  29
6  31
21  20
18  32
7  39
26  36
20  26
49  16
5  29
47  36
12  12
10  19
32  12
38  28
12  19
8  17
14  30
20  16
37  16
27  27
15  35
17  37
43  12
23  41
36  24
33  30
17  14
48  42
26  17
41  43
9  20
22  28
31  15
25  9
26  47
48  49
23  12
13  17
5  5
32  36
40  39
40  11
38  47
21  12
34  10
28  23
29  41
34  27
43  50
44  10
36  50
38  22
31  29
41  12
43  46
39  18
23  41
35  8
41  18
15  50
33  46
20  34
35  35
6  15
13  9
14  31
25  23
17  14
33  7
41  45
32  32
48  13
5  19
12  36
10  29
17  44
10  24
35  30
20  45
22  30
40  25
40  17
35  44
19  23
29  50
25  8
8  21
51  17
11  13
6  22
11  41
20  11
10  43
26  37
23  29
26  45
25  37
11  29
50  12
44  26
22  48
8  47
17  17
36  7
40  27
48  28
31  46
35  15
18  25
50  36
19  23
31  30
34  29
16  25
29  34
22  42
8  17
47  15
46  8
6  51
7  32
20  5
33  46
41  45
36  44
19  35
6  32
22  16
40  18
14  42
29  7
16  11
36  5
24  24
23  29
30  46
25  45
18  7
23  39
43  13
51  35
17  48
47  38
25  17
22  35
51  34
17  19
14  17
33  20
6  47
36  49
39  48
22  21
48  12
15  5
27  8
42  43
13  41
19  38
16  20
7  23
43  43
27  51
20  26
42  7
36  18
26  16
12  18
8  40
10  49
32  35
7  38
46  48
26  40
6  29
35  27
45  50
47  42
14  44
26  12
8  34
33  41
19  10
14  48
49  36
48  48
47  16
45  24
26  14
39  13
9  33
40  32
15  16
27  35
13  11
34  35
34  49
50  29
46  5
14  26
31  12
30  23
36  39
14  12
35  10
12  19
36  11
32  42
32  12
29  43
41  23
25  43
37  9
48  15
48  38
12  43
23  41
28  18
9  18
44  33
33  38
13  20
27  45
5  26
8  47
29  8
40  20
22  44
44  20
50  13
20  47
41  51
11  17
30  36
19  16
10  44
18  20
12  6
25  11
7  36
31  29
27  7
23  18
31  49
33  43
14  47
32  45
43  10
25  44
15  47
24  33
50  17
36  13
21  27
42  21
36  25
24  5
32  16
44  16
15  15
41  32
10  39
34  11
10  49
33  8
38  36
36  6
17  40
19  37
14  42
38  13
35  51
16  26
43  12
27  8
44  32
38  41
20  22
12  40
21  39
15  44
11  16
27  6
17  24
31  17
46  12
41  26
48  7
28  34
5  43
14  43
36  36
30  27
14  21
45  51
22  21
16  46
19  17
25  15
11  5
24  14
12  49
36  15
39  7
39  48
44  22
38  11
44  30
48  22
19  46
27  41
33  31
49  12
35  21
11  16
20  44
19  6
38  28
44  20
50  24
17  47
19  9
48  25
11  31
31  40
12  37
38  8
19  42
22  21
13  21
40  51
25  10
45  20
10  50
23  14
51  29
25  38
36  32
38  36
31  33
10  35
21  34
27  50
27  23
39  46
18  5
20  20
41  20
45  38
32  40
23  22
13  20
38  47
32  25
49  10
18  45
32  32
43  25
51  24
8  49
45  50
51  51
23  31
26  11
50  23
6  11
