32  23
42  14
30  42
46  26
51  47
23  49
27  14
28  11
19  13
14  34
9  12
26  44
46  21
27  28
34  28
32  34
32  48
30  8
29  47
16  5
17  18
37  10
25  36
32  49
42  28
42  26
18  31
44  23
11  22
49  19
5  14
44  31
23  9
30  34
38  19
12  42
42  7
7  32
39  48
7  34
44  7
20  38
13  48
26  6
41  41
37  20
26  9
27  14
47  20
29  11
14  17
13  49
12  27
26  44
49  26
21  8
43  14
45  40
30  34
34  8
21  19
46  6
39  6
26  11
31  10
36  22
40  32
36  8
17  19
36  24
40  13
35  8
23  31
12  43
30  19
20  43
25  29
43  22
13  9
10  13
15  8
15  51
45  33
50  27
40  29
33  39
40  12
18  27
48  5
11  9
16  45
49  28
51  49
7  40
39  17
39  13
37  48
22  23
26  38
11  47
9  49
7  6
12  16
51  9
49  46
18  38
11  20
16  37
20  42
13  37
33  41
25  19
15  5
51  23
37  8
43  13
15  33
18  6
41  24
9  30
21  39
18  17
34  8
38  8
36  48
26  40
34  9
46  24
25  43
47  49
26  31
48  11
27  14
49  20
5  21
24  27
42  46
9  39
37  21
13  16
19  27
10  43
15  7
32  44
5  29
9  47
42  10
44  6
18  16
51  45
30  22
14  20
42  10
14  10
42  47
50  38
7  48
13  5
40  42
11  29
46  18
45  20
41  32
30  30
37  22
24  35
35  43
31  22
35  31
5  50
24  17
18  5
39  8
38  30
16  44
9  46
44  37
9  50
16  47
28  37
47  10
38  8
22  38
22  26
32  24
12  35
18  15
40  36
36  49
36  16
45  13
35  10
49  50
24  18
41  6
32  15
6  9
20  37
22  32
6  28
41  39
35  50
27  31
8  47
47  39
13  10
41  40
12  16
23  37
17  34
21  14
40  42
11  30
45  8
49  38
31  16
50  23
17  22
36  45
27  21
42  48
36  31
9  37
48  18
8  17
23  24
17  42
46  8
7  11
23  31
46  30
9  37
46  29
5  46
30  31
6  28
49  22
51  13
20  22
44  8
38  9
18  38
37  22
18  46
24  30
21  20
25  37
9  7
9  8
37  8
41  32
16  45
40  15
42  31
24  48
35  11
6  19
17  21
17  26
33  27
48  45
49  8
17  24
51  32
50  51
16  30
30  24
23  27
27  35
9  26
15  23
30  47
44  24
34  14
12  33
33  39
16  38
45  9
8  36
26  39
50  12
9  12
47  43
11  17
8  51
37  23
13  12
18  50
12  41
44  31
22  46
27  46
7  7
37  31
43  36
44  14
37  50
35  14
23  7
48  48
36  26
12  10
17  24
24  12
34  22
17  21
44  27
28  15
13  26
27  29
24  46
13  46
31  41
22  34
25  49
47  15
7  31
33  23
35  38
18  32
41  11
9  8
29  36
15  42
29  38
36  50
30  31
9  32
51  26
39  44
28  38
32  20
44  27
23  40
8  23
6  48
49  50
50  14
32  51
6  13
32  7
40  19
33  51
12  45
12  50
25  34
38  11
36  16
33  27
13  20
17  40
45  28
9  31
47  51
17  22
30  11
50  51
48  44
31  12
31  42
30  40
50  39
50  23
27  51
10  26
38  47
47  32
31  32
18  48
5  27
15  7
13  42
18  25
42  25
5  36
8  15
46  13
48  33
19  22
23  7
24  29
17  27
43  27
22  9
19  41
33  13
43  7
48  8
48  5
23  31
8  27
35  46
9  28
38  12
35  23
20  5
45  47
7  20
44  15
8  5
16  15
16  41
37  50
20  38
27  39
39  11
27  19
20  17
40  39
35  39
30  11
22  34
13  20
43  48
9  19
26  37
27  41
10  37
47  32
16  19
43  34
7  36
15  28
40  7
19  25
26  24
29  42
46  9
42  37
7  35
20  39
38  39
42  9
30  5
48  16
43  45
12  38
21  27
40  45
43  7
34  48
40  15
30  35
41  47
15  39
26  10
8  5
20  38
48  28
51  28
27  50
43  27
42  36
37  17
8  41
23  28
44  9
22  27
17  48
37  7
44  30
11  25
6  9
40  41
23  49
39  9
13  35
26  22
20  31
22  29
32  39
40  49
12  27
39  42
49  44
39  7
29  46
28  48
12  37
39  16
48  38
17  35
15  16
49  50
23  42
45  18
17  17
28  15
32  26
11  23
35  29
25  47
27  31
25  6
49  5
37  13
35  50
18  12
11  11
12  17
41  44
48  46
51  33
18  5
34  19
20  27
37  8
19  6
22  30
35  28
43  50
19  30
5  5
29  14
15  47
13  20
28  24
21  36
28  36
31  18
33  41
27  42
6  22
49  15
30  48
45  19
18  14
9  46
28  10
29  17
11  6
23  34
13  17
14  34
28  42
38  6
43  29
9  42
47  21
46  36
6  27
33  16
42  38
47  25
16  25
50  40
44  24
45  48
40  50
17  47
48  37
13  15
7  51
14  19
51  24
5  36
47  22
13  20
5  51
22  29
50  12
47  27
42  9
40  12
13  40
34  44
48  18
15  22
40  25
25  16
47  45
42  47
18  35
34  24
36  13
45  21
11  50
30  50
7  51
21  42
51  36
35  44
13  50
32  24
37  42
13  20
40  49
50  37
41  12
37  25
21  26
11  49
22  35
11  22
35  10
44  51
11  20
43  26
21  31
44  5
34  8
50  45
10  36
46  26
30  24
12  5
51  37
32  30
32  31
10  39
49  35
12  32
28  42
44  26
19  29
21  11
20  45
18  25
8  9
11  22
42  9
9  7
12  32
12  46
22  42
25  48
31  50
49  24
10  37
14  10
44  38
22  45
17  44
21  18
27  12
26  49
48  34
19  51
42  46
45  27
19  45
8  49
14  25
19  17
27  38
25  20
41  30
13  28
24  6
11  34
32  31
8  46
35  37
51  34
8  27
36  20
7  28
39  48
6  24
33  44
12  27
5  25
44  47
25  9
35  43
15  37
20  17
18  50
45  22
36  42
7  35
11  26
44  27
15  30
32  40
46  20
39  20
25  7
24  42
16  42
17  15
5  31
25  24
14  15
19  37
38  35
33  7
39  12
5  20
33  8
40  22
17  7
35  16
35  19
5  15
40  8
26  28
22  15
29  14
11  20
39  20
41  25
19  24
30  33
23  13
50  43
34  39
14  22
44  8
21  48
30  5
45  43
13  32
50  28
49  37
42  7
46  13
21  5
44  20
23  21
45  8
47  18
45  37
6  38
21  34
9  10
34  15
49  35
14  6
32  7
33  48
8  16
50  33
28  11
18  37
44  21
41  28
17  8
23  50
10  11
36  48
15  27
39  36
17  15
26  31
40  50
28  38
24  51
13  37
38  29
22  29
23  33
47  16
10  29
30  19
25  13
41  27
19  14
49  39
26  42
44  6
51  51
39  28
46  23
34  18
16  26
32  31
15  20
13  38
36  30
17  5
45  15
27  8
36  28
6  15
25  6
39  45
45  38
19  5
28  15
39  40
32  24
14  21
15  7
23  22
13  20
8  6
27  5
27  41
19  26
26  36
26  14
8  15
11  37
13  19
38  21
8  35
51  39
19  40
50  25
40  35
28  45
51  42
37  35
19  21
27  31
32  24
19  50
51  43
33  49
41  39
26  30
13  26
19  38
20  6
50  30
49  51
19  10
36  36
38  23
31  48
12  32
36  18
34  43
7  29
10  17
9  11
37  43
38  45
16  27
30  16
7  45
33  40
51  38
8  34
5  29
7  22
26  9
29  29
30  47
6  5
34  18
48  10
42  40
25  15
27  41
23  18
28  42
48  36
5  34
16  46
49  42
19  49
47  49
13  5
40  38
25  28
14  15
24  41
44  29
15  6
38  8
29  50
13  7
50  46
42  37
22  29
46  19
30  51
37  17
5  16
44  38
28  49
49  25
38  39
46  22
21  33
12  37
44  33
31  29
39  26
40  7
50  34
45  42
13  24
32  19
5  39
50  5
39  24
21  9
23  11
35  24
13  11
40  35
7  24
16  9
31  7
19  40
36  15
29  33
9  12
17  46
49  49
41  7
12  5
8  21
29  16
23  42
24  31
13  20
8  18
13  44
45  18
32  23
9  7
48  22
37  31
16  16
14  46
46  13
20  51
9  21
29  6
34  23
11  19
35  27
42  44
47  7
34  13
19  31
47  50
20  28
5  44
44  29
35  23
16  24
44  12
18  14
39  17
44  6
19  45
12  25
46  24
47  25
20  7
7  28
9  26
29  21
15  13
38  23
38  21
31  48
23  42
20  49
17  6
9  45
9  35
32  8
9  37
10  36
36  6
20  48
25  9
33  38
11  30
11  37
21  8
23  40
17  40
50  47
35  25
15  46
5  25
17  5
24  44
27  34
11  45
43  32
21  37
33  35
32  37
34  42
43  42
9  32
23  40
9  17
34  42
6  48
38  17
45  45
43  50
43  21
34  47
19  17
15  33
42  49
42  31
42  12
14  36
32  26
14  21
5  8
7  36
20  21
49  9
44  36
13  27
39  28
27  50
25  26
34  38
20  9
25  29
39  49
19  26
44  47
31  22
38  45
17  18
20  22
22  26
46  35
10  44
7  42
9  45
43  40
42  51
17  26
22  8
26  48
27  22
31  34
45  38
42  45
40  17
27  48
50  28
29  37
12  25
45  13
33  32
39  31
30  34
19  10
11  14
15  10
6  49
43  51
16  43
37  10
18  21
31  48
9  18
28  48
8  23
41  16
15  22
49  40
32  27
6  43
20  39
49  8
14  41
15  37
17  50
47  50
27  14
6  11
35  31
37  44
38  31
15  10
7  28
9  45
26  23
31  17
27  31
18  51
16  8
36  11
36  27
35  12
38  12
33  23
47  46
30  37
21  47
40  39
37  11
11  29
14  5
39  31
36  24
8  37
28  27
35  15
29  14
17  24
17  33
5  26
48  44
44  27
33  15
12  35
35  5
23  43
12  30
13  20
17  21
48  6
49  20
14  8
35  10
28  25
30  9
27  37
8  5
29  48
22  5
20  7
45  31
33  30
48  36
34  19
23  46
39  50
39  32
22  7
25  42
49  24
47  10
26  32
21  22
31  33
5  50
19  31
32  10
11  49
51  30
18  40
39  47
48  5
37  47
49  44
47  28
29  31
12  30
15  18
33  24
39  17
47  35
10  51
13  7
43  29
40  46
14  43
18  9
15  16
44  7
16  40
27  24
9  32
7  6
42  34
26  10
23  36
18  23
38  18
27  39
11  27
12  5
47  15
6  35
33  20
6  11
14  23
6  39
44  36
50  51
7  15
23  10
51  24
17  6
18  32
7  43
38  42
25  37
45  32
44  36
5  47
36  40
10  30
33  28
30  14
8  6
47  39
33  32
15  16
29  45
22  20
28  30
21  33
29  15
25  28
41  18
36  22
5  7
42  33
36  51
13  27
10  19
38  31
24  6
6  35
27  14
23  33
15  24
36  25
20  47
21  32
26  48
26  7
28  8
40  9
46  15
50  12
9  18
45  45
47  40
31  5
41  13
12  35
22  49
27  11
33  23
45  48
6  5
27  48
11  29
20  10
24  45
32  40
30  46
33  42
13  9
35  51
7  20
13  46
43  29
30  25
8  50
17  19
38  46
40  42
21  31
37  38
10  17
38  30
9  35
49  18
39  39
31  31
16  46
42  40
48  49
48  6
20  51
46  22
13  26
9  38
37  40
41  23
30  8
43  31
19  20
23  47
46  7
22  8
36  29
50  37
7  40
45  5
47  8
28  11
7  48
37  47
16  43
23  18
46  8
18  21
38  34
26  26
8  30
24  24
17  45
20  47
6  27
40  29
32  39
25  15
41  40
11  37
30  37
22  11
15  7
13  16
24  43
39  42
19  34
44  25
48  19
36  12
17  46
37  10
10  32
17  24
12  16
40  8
50  42
31  27
7  10
37  49
19  22
17  28
43  10
15  17
8  19
14  15
25  23
11  26
35  45
16  38
13  12
39  31
25  33
5  11
8  45
7  5
41  41
10  32
40  18
51  35
23  6
31  17
30  5
47  34
20  50
5  13
16  24
30  8
44  7
27  29
25  50
7  34
16  26
23  15
13  7
26  36
44  18
42  40
39  35
46  40
46  17
12  37
40  23
30  48
16  34
9  49
31  6
16  36
24  21
36  29
18  17
10  49
30  50
26  18
34  9
45  50
8  32
7  36
39  11
5  20
23  5
45  31
30  15
43  5
22  46
28  34
7  34
51  51
23  6
35  49
7  38
30  10
46  51
41  7
20  9
17  48
42  8
46  15
31  17
36  19
39  45
39  27
5  35
16  36
12  6
51  40
28  34
49  9
30  5
18  28
43  40
18  44
49  24
20  13
18  7
48  21
46  18
26  33
45  13
48  50
24  37
23  43
12  7
10  8
27  48
13  50
34  13
36  21
32  46
39  18
35  17
29  16
15  5
41  47
28  44
24  36
27  16
21  51
10  6
42  33
28  7
10  21
25  24
49  30
49  43
31  32
14  51
34  48
33  14
24  33
22  23
21  26
22  14
35  18
51  14
32  24
44  24
35  28
20  24
21  42
41  8
12  46
5  48
46  45
48  32
31  44
42  5
41  11
46  31
17  28
5  30
40  9
19  18
20  46
37  17
5  49
41  50
15  22
50  13
44  27
15  17
47  7
39  17
43  45
12  17
45  42
33  24
6  25
31  47
32  21
43  36
44  50
44  44
30  50
48  10
14  29
27  40
38  45
13  18
34  8
35  42
21  39
46  43
29  7
46  27
24  12
6  32
33  35
16  42
14  8
51  34
42  21
37  6
23  24
23  18
32  41
26  48
35  8
48  36
21  17
26  41
17  27
17  43
38  37
26  23
43  35
13  40
24  22
13  23
16  14
40  12
22  7
45  38
39  7
44  30
17  23
49  7
48  45
47  45
20  41
40  48
29  28
32  10
19  37
18  27
36  17
5  29
20  6
46  40
22  25
14  31
30  31
46  30
34  28
26  7
9  47
24  42
50  51
14  9
34  26
47  27
41  29
35  5
43  50
22  33
29  10
21  31
48  6
44  38
24  24
5  8
27  5
11  45
37  30
46  20
31  13
34  32
27  50
15  38
15  43
27  15
18  48
9  44
25  10
18  6
32  31
51  46
27  36
29  38
18  17
19  11
9  32
36  25
51  18
24  39
41  24
25  31
20  6
10  19
36  22
37  5
13  49
19  12
38  33
5  15
21  15
44  18
11  8
48  20
22  20
48  11
5  51
30  34
10  6
48  33
48  49
42  44
38  46
23  32
43  25
38  36
8  43
21  27
17  39
21  11
35  16
13  22
15  12
17  15
35  31
8  6
14  27
14  51
34  13
41  18
33  18
49  29
10  37
26  49
47  35
20  14
17  27
43  38
24  20
15  11
41  6
27  6
38  48
35  39
43  16
23  44
51  15
11  38
32  26
31  38
24  27
14  39
30  5
26  7
36  14
13  11
35  11
29  49
24  12
23  40
23  34
26  9
11  45
33  11
35  50
40  48
26  41
42  26
47  5
27  43
36  44
8  20
39  11
32  41
24  14
10  36
30  17
6  34
14  34
36  34
28  19
40  14
20  36
46  16
27  15
12  50
8  36
30  16
14  5
7  16
44  34
21  37
29  48
19  45
49  7
6  34
20  6
32  19
15  20
21  42
44  29
31  30
39  41
39  30
45  23
29  41
27  20
29  33
7  31
35  12
38  17
44  42
36  45
5  26
22  42
35  51
49  14
20  18
46  28
51  19
32  25
30  41
9  11
10  35
29  46
41  29
32  43
44  15
15  34
40  43
32  31
19  42
42  9
6  28
31  16
38  50
11  46
38  39
51  34
34  49
39  38
15  31
46  37
12  27
14  25
22  43
16  30
11  46
43  24
43  49
32  21
40  51
20  18
6  7
44  32
36  9
19  44
39  20
27  42
29  33
26  6
7  25
40  36
37  46
34  11
49  25
20  38
8  27
24  8
41  34
45  19
11  23
25  18
18  43
47  45
34  47
48  26
11  39
37  37
51  28
12  51
40  46
43  36
10  14
31  16
21  8
7  32
28  25
34  42
46  41
13  7
28  25
34  27
27  12
36  6
18  51
45  8
21  27
12  26
42  21
12  23
21  38
49  27
33  9
27  25
49  34
39  34
50  44
20  31
51  16
19  49
31  23
33  7
33  38
6  10
31  6
36  46
39  16
14  47
13  18
46  12
25  40
24  7
40  7
11  26
33  37
29  34
21  41
22  48
25  49
34  39
42  47
25  8
21  12
42  43
25  39
22  42
24  39
46  12
40  14
45  21
51  13
11  7
15  37
22  50
22  17
6  38
41  42
30  45
47  5
28  32
38  43
17  50
43  16
13  6
49  34
40  40
23  35
42  31
26  21
19  11
41  25
16  31
5  51
48  33
45  39
43  30
51  48
28  11
39  18
41  36
31  51
20  11
40  50
36  46
48  48
26  14
26  11
24  12
5  32
39  26
42  30
44  23
31  17
10  34
50  24
10  51
22  31
24  15
7  36
41  10
22  43
33  30
46  49
5  49
14  47
5  21
5  37
29  9
15  43
19  41
27  21
42  22
22  35
21  32
43  16
22  42
10  28
17  31
22  21
21  49
38  25
13  9
43  12
19  44
43  37
33  22
24  17
45  14
5  13
7  29
6  20
20  17
43  11
31  19
47  45
37  15
40  28
31  28
20  37
32  20
37  26
44  42
39  44
51  42
31  26
32  13
5  25
24  23
39  22
28  20
10  51
5  38
19  18
30  10
39  24
25  50
23  43
5  51
14  50
20  16
16  8
29  13
16  5
10  9
44  51
51  39
32  20
30  16
5  36
27  39
32  41
22  37
37  16
41  30
22  41
47  36
39  29
49  38
33  9
49  8
36  33
14  31
41  50
15  17
37  48
16  19
29  51
28  32
43  24
18  41
11  37
21  27
9  18
50  33
36  43
7  37
40  34
44  39
38  42
39  32
28  47
33  32
48  27
23  8
41  22
46  49
30  39
48  9
17  37
51  28
42  43
8  19
24  8
30  13
16  44
12  29
7  11
25  25
12  16
30  38
37  24
21  51
31  17
32  46
23  11
11  43
5  48
48  40
34  13
50  50
38  40
43  9
23  8
32  6
35  36
50  28
33  6
51  8
23  46
47  27
30  40
36  14
15  33
42  40
21  22
6  5
6  15
5  16
9  12
16  6
26  29
12  11
30  51
29  11
36  12
8  8
19  46
41  8
18  6
47  18
30  6
32  21
36  13
27  31
30  51
36  28
24  35
50  22
37  22
16  47
17  16
20  37
9  46
48  29
6  19
37  14
28  16
17  43
5  7
39  13
18  49
42  15
26  31
35  23
34  38
15  45
31  37
46  16
47  12
25  49
12  47
24  12
31  6
37  32
8  20
5  16
17  30
20  29
48  49
25  51
37  27
7  49
25  40
15  51
14  36
13  9
20  8
12  41
25  6
17  50
9  9
14  49
6  36
26  26
29  29
46  50
32  12
30  17
6  47
9  28
32  23
36  47
34  33
37  44
23  15
48  50
7  45
41  46
37  39
28  19
12  43
46  6
9  22
33  18
7  5
26  25
29  38
17  39
10  46
16  32
36  23
48  47
43  37
8  46
32  35
44  28
20  34
29  24
35  37
27  37
25  23
21  27
19  43
12  30
13  22
38  34
34  7
38  45
17  41
31  35
47  18
28  14
12  10
13  11
50  50
39  32
34  49
41  13
26  11
43  21
48  29
9  6
13  34
39  43
46  45
44  49
48  32
25  24
36  26
43  44
14  10
17  23
24  30
33  46
10  31
16  36
51  7
41  28
14  12
49  48
50  12
41  13
32  11
15  22
28  10
37  24
49  27
47  45
27  48
49  6
39  9
9  43
46  35
35  37
27  42
28  19
34  22
5  12
45  30
31  11
30  11
50  6
31  41
24  39
7  37
20  21
24  21
7  27
5  31
14  19
24  15
51  27
23  10
17  11
29  29
51  10
34  20
30  33
24  20
32  5
12  14
33  14
28  22
38  32
14  22
14  26
17  38
46  32
28  44
29  50
41  35
24  20
32  14
13  21
9  26
29  17
46  23
51  9
32  19
43  19
44  7
30  16
47  47
46  38
45  47
26  44
27  21
51  51
37  7
40  47
50  11
34  14
16  21
24  6
32  21
13  42
37  47
18  17
39  25
35  20
23  25
29  14
31  49
24  27
47  28
31  13
36  30
49  14
25  48
44  32
13  21
10  24
41  5
44  26
18  23
23  19
14  32
17  42
30  14
24  9
48  48
20  20
42  7
10  49
17  12
46  25
7  42
32  10
27  19
34  29
11  31
12  23
44  45
22  43
50  11
41  48
28  46
6  33
35  39
30  17
48  39
33  16
23  28
31  20
9  20
50  20
47  49
10  27
10  35
34  28
43  25
39  35
48  6
25  30
40  48
13  12
14  14
11  30
38  48
23  51
30  38
51  37
16  43
20  46
23  18
12  40
28  15
51  39
15  9
16  17
23  40
18  24
11  50
6  22
30  9
26  14
40  24
11  30
45  32
9  46
45  23
10  47
47  45
21  47
45  11
5  32
18  6
45  7
42  37
13  12
14  25
5  7
42  45
51  32
14  6
29  47
7  14
50  43
10  24
18  32
5  6
22  44
41  36
20  23
29  12
32  44
46  43
33  25
13  8
34  44
44  28
29  49
8  33
12  20
12  48
51  36
46  30
9  8
47  49
25  18
16  25
17  18
45  10
44  17
47  43
48  44
43  24
41  21
44  32
34  31
7  38
25  51
14  48
9  11
38  38
34  17
41  19
36  19
50  26
8  33
8  26
37  15
22  20
25  45
11  31
46  14
34  29
24  19
39  29
24  7
13  27
38  8
42  9
21  18
46  14
28  35
12  7
7  22
48  22
31  10
16  44
43  26
6  24
17  51
32  18
26  20
14  49
45  40
46  7
50  6
29  18
9  5
13  19
16  29
18  26
33  23
37  24
16  38
27  29
43  8
28  8
46  22
11  14
33  47
50  32
37  20
6  43
43  44
27  8
41  21
12  32
15  34
35  15
42  44
35  39
18  48
44  49
5  15
19  23
50  38
50  44
21  38
50  25
16  35
50  17
38  41
10  31
9  8
43  43
19  21
48  6
34  29
15  18
51  10
43  20
26  26
24  30
8  27
31  8
49  25
18  38
8  39
37  19
11  24
32  6
26  13
46  46
40  14
51  12
46  16
41  31
9  42
26  7
23  7
31  9
48  7
37  13
10  44
34  50
45  50
5  16
13  20
29  14
46  28
30  16
25  16
41  29
8  30
19  49
22  35
13  20
27  50
17  19
18  20
17  39
8  51
39  13
14  34
38  19
28  51
17  29
31  14
21  5
33  20
45  31
10  34
28  33
18  11
19  31
49  41
35  6
11  38
7  29
11  32
28  46
45  28
26  21
50  37
39  19
24  42
51  28
6  38
46  43
34  6
39  27
33  12
48  8
18  7
10  31
13  24
32  50
13  7
39  17
47  16
46  34
8  29
5  22
34  36
17  28
30  19
32  51
29  10
8  18
5  8
39  32
16  46
50  15
16  16
38  14
24  40
48  19
19  17
46  50
32  33
11  28
49  50
32  23
6  25
9  18
35  50
19  13
51  11
20  24
39  25
37  38
24  24
29  24
50  33
26  20
7  11
29  28
15  5
21  27
20  25
41  21
20  5
44  25
31  13
42  30
35  29
43  15
21  16
12  40
21  25
8  47
15  31
47  40
24  21
35  20
49  48
27  38
23  51
10  38
5  14
13  11
43  46
35  32
10  13
7  10
33  36
31  41
33  10
37  45
16  42
11  41
13  26
34  16
33  43
10  26
28  36
43  22
23  37
39  28
18  7
35  28
51  7
6  36
43  11
36  31
8  16
8  41
45  48
8  9
29  45
10  34
41  36
28  11
34  44
25  35
10  40
31  28
40  45
16  34
32  40
21  40
19  37
5  47
29  26
12  8
26  19
38  22
22  47
5  48
15  26
42  6
34  9
19  38
46  24
33  11
20  9
46  34
44  10
11  42
40  39
34  42
14  7
34  23
39  39
6  50
25  39
20  25
19  18
31  30
30  27
14  34
19  22
26  10
16  42
18  17
50  26
26  47
9  37
40  47
44  11
51  8
6  23
38  31
18  9
43  27
39  37
23  13
22  43
46  47
26  16
12  31
43  12
38  47
27  24
31  7
37  49
35  41
22  42
17  45
13  13
25  32
22  48
18  23
42  8
21  13
20  35
24  40
51  40
12  37
41  9
23  29
8  13
19  43
16  19
9  19
14  10
50  29
44  22
35  21
39  23
43  39
9  25
45  30
15  48
51  49
32  44
7  7
25  6
16  11
42  46
28  21
47  30
48  19
18  14
32  28
50  20
35  45
36  34
25  39
31  34
12  49
36  36
32  31
31  31
32  23
8  50
14  7
20  16
49  34
29  24
20  9
26  29
15  33
10  24
5  40
44  35
25  10
30  41
37  43
43  36
29  47
34  30
39  50
20  22
16  35
23  24
22  34
15  43
5  11
5  19
34  17
36  43
31  21
17  47
40  21
46  33
5  5
20  34
41  7
38  23
44  24
10  12
50  51
39  14
20  40
11  44
31  13
21  48
30  36
19  35
49  9
46  34
15  41
9  50
22  12
25  42
50  46
37  37
25  48
30  12
38  47
23  22
49  13
42  35
47  24
8  29
31  45
41  42
19  37
36  24
23  7
24  15
6  30
21  13
48  27
13  32
11  15
43  19
10  33
34  35
5  20
19  25
8  14
39  24
41  43
16  51
40  46
51  43
23  20
47  50
38  11
22  35
48  49
35  46
34  46
41  23
32  20
39  24
36  48
5  11
44  49
42  7
42  39
44  32
46  31
14  48
32  36
33  14
29  16
46  11
12  50
24  51
41  25
28  44
15  30
13  50
48  32
24  21
49  25
51  34
34  30
43  37
34  51
13  42
36  34
33  8
20  29
6  19
43  21
50  20
50  16
37  7
15  42
31  29
50  37
46  22
21  39
38  21
6  22
32  48
9  33
7  45
24  50
28  45
11  11
38  49
15  15
50  10
16  43
13  32
24  26
14  50
11  11
28  9
41  15
37  5
8  26
49  43
12  40
15  50
45  49
21  45
31  17
44  19
13  44
48  41
41  16
35  43
35  17
22  47
12  41
15  35
28  51
15  22
21  36
37  12
6  15
47  9
42  15
11  15
18  50
51  35
6  5
27  31
39  42
40  14
41  37
7  19
32  20
30  16
26  17
32  45
6  37
30  18
25  30
43  42
17  17
25  8
11  11
17  39
40  19
7  45
49  29
46  6
5  22
8  42
29  48
25  15
38  30
30  39
32  12
13  31
29  45
15  45
39  41
23  13
43  34
9  21
28  11
38  51
14  11
14  12
38  18
22  18
37  38
6  16
8  25
8  5
12  25
51  31
31  8
42  21
39  18
42  50
14  49
9  12
39  47
46  5
25  44
9  11
11  13
35  25
25  51
7  7
49  37
44  49
17  47
42  35
7  42
44  32
26  37
47  21
43  30
6  50
37  51
31  45
31  46
10  11
37  7
48  21
44  30
40  11
19  48
28  36
36  46
6  5
51  12
45  43
22  51
18  12
50  21
19  48
12  14
20  48
20  37
36  21
30  34
28  36
49  40
48  43
11  45
10  22
49  27
41  16
41  12
39  31
16  22
50  12
22  25
15  39
16  10
25  30
42  22
34  19
29  49
11  23
46  17
44  10
6  50
36  48
8  31
15  21
47  21
19  7
6  7
49  34
30  35
50  38
50  33
11  12
47  44
44  44
13  9
10  36
22  18
39  15
41  31
33  35
51  21
38  16
45  10
6  5
48  15
44  9
39  30
5  15
41  18
34  49
10  20
11  9
7  27
19  28
32  42
18  9
51  34
22  35
6  46
31  13
35  23
39  45
19  41
43  18
12  50
8  30
17  44
18  20
11  48
17  14
38  25
10  41
11  25
9  8
44  36
38  48
40  32
39  37
36  36
49  43
35  50
5  46
13  38
20  40
15  5
24  14
39  29
49  31
31  16
13  42
8  34
5  45
6  12
24  21
46  15
41  40
40  15
19  35
30  41
19  29
22  36
40  28
8  51
17  47
48  10
11  36
20  45
32  6
14  36
5  19
50  21
37  41
12  20
39  6
7  28
34  5
26  31
25  33
33  15
41  25
39  42
50  5
24  48
13  51
39  29
29  39
22  29
12  11
13  41
38  7
32  24
43  33
38  23
39  28
41  26
29  24
32  6
35  40
38  45
47  10
31  15
22  51
21  43
15  42
5  40
15  46
28  26
5  36
12  48
39  9
16  33
13  28
13  41
7  41
8  31
11  11
22  26
45  11
6  9
7  29
28  31
43  28
22  49
35  43
32  31
18  34
42  36
43  38
14  12
42  35
31  47
40  49
36  9
47  30
27  11
33  17
21  51
14  10
9  30
30  27
28  14
19  19
19  14
8  11
12  51
15  20
19  50
32  50
21  39
12  48
9  20
37  34
20  23
33  12
42  8
43  41
40  37
24  7
17  19
15  28
10  48
5  13
45  10
8  36
50  31
45  50
16  43
37  29
17  16
44  12
49  23
29  42
16  8
39  23
31  24
28  43
24  10
14  23
5  31
8  51
6  41
28  33
23  26
13  16
36  40
48  24
42  35
20  33
16  38
43  7
11  8
18  20
45  47
17  49
9  17
50  29
14  21
37  21
18  32
41  24
46  28
27  13
46  40
17  21
31  41
38  17
9  41
14  11
11  27
21  36
10  41
40  12
8  46
50  5
27  23
14  25
18  35
29  38
47  36
17  25
29  15
38  33
29  47
7  34
15  8
13  6
16  31
49  47
41  5
20  34
48  8
24  11
10  8
38  47
16  39
13  47
18  46
27  24
43  35
50  41
43  41
43  48
18  7
49  32
37  51
13  45
6  6
18  7
32  40
50  46
11  15
32  48
18  31
16  21
38  33
34  9
44  29
22  51
41  8
48  5
16  7
29  23
27  18
49  25
29  43
35  35
6  16
45  19
14  35
17  15
26  31
45  32
27  42
28  25
8  40
34  29
35  38
31  32
6  16
51  8
29  27
5  20
12  6
8  21
11  50
17  36
43  45
23  48
5  47
30  38
37  14
26  6
46  40
9  29
20  5
17  11
22  45
42  30
33  16
28  27
42  9
46  17
27  49
15  39
27  5
44  48
34  32
50  25
43  17
20  35
42  48
40  43
16  42
36  14
35  33
28  20
26  17
32  51
15  20
18  48
39  37
51  12
19  30
22  30
47  10
9  41
32  16
46  27
49  38
6  19
23  43
9  28
9  29
28  40
48  21
13  17
42  35
18  43
12  27
47  13
11  9
6  16
28  5
37  5
44  51
31  13
25  34
16  48
44  25
21  24
30  15
10  37
38  21
49  51
30  11
47  9
10  11
49  28
23  7
42  16
17  28
49  12
6  19
31  12
44  49
50  19
42  20
40  15
26  48
11  45
20  38
46  33
26  45
47  41
31  13
27  16
47  23
39  35
37  10
46  45
29  14
36  30
7  12
43  31
17  11
19  16
46  16
11  13
45  49
51  15
29  50
22  5
42  42
46  50
46  27
41  17
45  25
43  50
16  50
26  22
23  51
26  22
40  42
26  41
39  6
41  47
13  25
38  23
29  18
42  17
37  17
20  31
33  36
27  35
31  24
11  31
14  30
47  35
37  33
14  43
22  20
7  44
12  48
26  46
11  48
47  8
31  6
12  48
31  33
29  14
36  12
45  36
47  45
49  8
21  31
49  24
26  36
19  49
6  23
25  28
31  19
10  13
50  37
45  28
41  21
11  48
32  51
34  30
40  18
6  13
17  12
5  42
24  43
34  51
17  29
29  28
8  22
23  10
8  13
50  45
13  36
19  22
19  41
23  24
24  10
29  47
8  13
49  15
39  28
35  23
39  16
45  25
43  15
25  22
38  48
42  37
39  15
50  5
20  26
30  29
5  14
27  38
24  23
49  5
41  40
25  31
21  25
13  44
16  42
23  18
11  50
38  33
40  9
31  24
50  18
36  28
45  34
42  23
28  24
24  8
31  13
22  51
18  10
34  34
28  37
46  20
43  47
30  23
48  45
8  17
32  7
29  41
21  33
32  9
20  42
35  20
23  35
26  23
9  27
49  9
19  14
6  43
13  44
41  38
13  11
30  12
30  6
32  17
7  13
36  13
35  32
33  27
21  26
51  44
40  47
24  41
10  19
44  43
34  40
27  16
24  10
16  19
10  14
14  28
19  39
10  37
46  14
5  10
5  33
35  49
13  32
51  33
30  23
32  10
40  10
47  7
30  45
44  25
46  17
25  17
20  42
13  13
15  10
10  29
50  11
41  30
50  12
18  44
38  30
23  15
49  18
33  47
18  47
48  14
8  48
34  44
17  47
47  13
25  42
26  40
34  17
45  37
12  41
29  30
32  8
17  31
32  48
11  32
15  18
25  24
32  34
8  26
39  16
14  16
25  37
45  6
22  20
26  11
24  37
36  19
51  18
27  7
41  45
43  7
49  9
34  17
21  11
19  20
32  45
12  12
45  45
9  32
34  50
6  20
30  27
22  41
46  24
43  15
5  48
10  16
49  5
28  50
38  37
6  9
9  13
25  15
15  18
27  23
15  32
33  41
51  40
39  35
49  18
5  13
26  42
46  48
11  38
15  15
17  6
7  33
17  36
31  32
30  26
9  35
5  45
24  30
40  49
13  7
30  38
25  19
47  5
45  43
41  9
34  9
47  24
16  30
12  47
50  13
35  5
12  31
36  26
45  24
15  42
23  25
10  31
49  34
25  7
33  42
13  15
49  24
17  13
22  35
14  29
10  49
27  7
33  48
38  9
12  35
28  24
50  35
19  50
7  15
16  15
37  12
13  25
51  45
10  42
40  18
25  21
50  49
47  15
26  9
30  24
48  32
44  5
11  10
21  10
28  8
50  22
16  49
6  30
35  18
22  25
11  8
47  42
31  38
31  16
49  44
33  47
47  33
18  19
46  21
38  43
25  32
20  14
42  28
18  6
16  47
45  17
37  26
27  11
7  46
24  36
26  43
46  48
44  30
48  44
13  29
17  25
47  50
31  34
37  9
29  10
29  38
50  19
7  43
39  38
45  33
14  24
39  18
11  10
18  17
11  10
7  27
12  8
8  5
45  31
40  33
29  32
35  45
41  42
31  23
20  44
15  39
7  10
9  21
14  9
26  46
16  27
5  38
48  46
32  14
23  28
34  23
19  32
5  33
51  10
44  8
38  7
50  9
6  31
46  18
34  29
26  23
9  13
22  11
40  44
8  34
26  18
6  5
37  6
31  43
11  27
23  34
48  49
36  44
9  13
21  36
37  16
37  41
22  29
13  38
18  33
25  42
33  36
38  49
42  46
11  49
25  32
48  16
24  50
23  14
11  49
48  12
30  13
9  6
39  38
51  30
6  51
47  16
22  8
27  29
48  38
28  5
37  15
30  44
5  18
37  39
18  21
27  20
22  28
30  26
42  13
45  5
30  45
39  31
36  28
17  22
37  51
17  21
38  34
8  47
38  23
27  29
16  16
32  29
26  27
36  21
46  32
8  18
45  27
37  23
22  47
22  49
16  40
38  38
29  6
13  43
19  20
38  19
50  45
5  40
39  41
34  34
37  30
40  15
29  15
25  13
47  43
48  34
40  35
36  46
28  22
33  30
13  32
41  8
36  15
34  23
13  50
45  18
49  49
31  16
44  40
41  47
47  14
31  36
27  8
46  11
40  13
48  19
41  21
48  34
28  7
5  44
32  23
49  11
25  27
46  9
12  45
19  29
6  18
35  45
51  22
30  13
47  23
15  50
8  17
30  30
35  50
40  5
43  19
39  40
20  48
51  23
16  7
13  27
22  33
12  47
34  21
13  19
42  20
46  38
26  16
48  41
36  27
12  44
19  8
42  38
27  11
30  11
