8  10
28  20
46  22
13  11
19  28
13  11
21  43
34  20
50  29
29  51
7  51
5  40
26  6
49  46
51  9
41  14
29  51
8  47
40  34
33  17
25  9
16  48
6  39
25  43
30  43
45  12
25  39
10  44
16  12
40  28
32  50
39  37
26  5
27  32
23  36
49  8
13  38
43  38
13  13
40  8
37  48
31  17
22  14
18  36
42  28
41  24
39  28
37  48
51  42
18  28
14  10
48  51
32  10
47  36
40  28
9  48
43  43
13  42
37  45
37  34
14  7
20  16
14  41
25  29
5  26
48  17
46  50
28  18
11  37
45  17
9  22
34  50
18  21
42  47
27  10
12  36
20  22
17  28
16  23
28  28
35  48
22  8
28  15
25  46
34  25
25  19
42  11
45  49
19  49
20  5
31  35
22  42
13  33
40  14
39  38
17  38
19  11
38  16
19  39
48  35
5  7
7  21
18  34
46  8
24  35
41  51
50  36
7  40
7  17
40  43
44  19
11  42
36  16
50  8
16  31
18  44
37  24
6  14
16  30
11  40
32  38
43  50
35  10
39  17
20  51
13  41
39  14
20  45
22  26
34  15
10  44
41  39
46  13
24  11
28  47
44  39
11  38
39  31
13  12
6  15
19  44
31  5
38  22
34  28
22  34
43  29
38  33
16  39
21  32
8  28
15  32
20  44
24  8
34  24
35  26
12  46
17  32
33  44
37  21
45  6
45  24
12  44
45  34
5  50
9  30
32  21
39  20
15  29
26  13
6  6
45  49
7  45
13  10
47  46
25  8
51  26
22  34
47  17
31  46
15  9
32  25
35  29
27  43
22  16
24  43
44  11
15  11
20  15
20  6
32  42
39  7
19  20
10  36
26  47
49  11
35  20
5  48
7  9
8  28
13  23
17  24
20  8
38  19
49  12
44  26
46  45
22  48
32  43
45  10
18  22
14  26
7  32
42  47
10  18
38  27
48  19
7  37
12  16
43  14
5  24
17  34
26  16
28  49
51  46
7  13
39  5
34  11
45  30
31  36
33  5
9  8
28  8
39  13
21  13
50  27
44  32
36  19
20  30
25  26
5  27
14  45
11  39
45  43
42  40
18  20
17  36
30  38
6  7
27  12
6  29
29  44
11  22
39  30
38  28
5  21
36  41
39  25
11  22
30  13
46  17
13  13
46  33
51  17
46  47
31  16
35  24
19  21
19  39
17  35
6  7
38  33
18  35
27  29
11  29
13  37
27  23
27  13
25  6
42  15
29  38
43  24
11  31
11  43
16  23
6  18
39  5
36  44
34  13
49  22
33  15
8  35
36  49
16  10
5  27
21  6
45  19
30  41
26  17
28  29
19  16
31  28
36  20
47  45
14  11
27  51
18  13
38  50
22  24
40  49
32  16
16  20
37  49
25  10
21  19
18  31
8  13
14  15
37  25
8  26
50  39
25  51
38  41
29  44
12  25
17  33
10  38
43  36
44  16
7  31
11  27
22  18
38  27
9  28
40  29
49  33
31  43
24  8
35  36
13  22
19  46
39  10
16  19
23  29
50  46
6  5
6  8
50  41
42  29
8  43
17  35
35  44
48  33
10  19
14  46
39  12
41  6
33  11
49  28
39  14
15  14
49  33
40  32
15  6
38  37
42  10
42  46
47  27
27  40
46  34
33  40
15  25
13  10
11  14
48  22
37  44
25  49
22  15
38  24
33  18
29  35
38  24
47  33
49  47
9  30
34  16
10  14
14  26
8  51
31  43
17  5
40  18
13  29
25  35
35  48
45  7
5  33
6  48
17  5
17  17
33  14
43  7
29  25
10  14
21  33
13  11
38  8
14  49
14  24
15  22
31  50
21  23
35  23
51  28
5  45
48  39
5  29
43  38
41  9
43  22
50  37
31  10
44  46
13  23
39  28
27  30
39  16
49  15
6  28
44  45
15  24
26  22
37  31
37  24
51  43
39  36
25  46
14  28
33  19
36  29
13  21
38  45
6  12
26  13
9  43
39  29
29  17
35  38
20  38
26  23
44  18
24  31
43  39
34  25
6  28
25  50
9  9
12  30
42  30
32  10
9  11
10  46
20  33
12  8
28  50
23  19
38  10
11  33
7  12
24  39
10  12
35  44
28  45
12  5
14  34
47  34
12  38
14  9
20  29
46  24
32  36
24  49
12  42
10  22
15  51
13  18
9  51
20  32
46  32
42  26
35  47
7  36
46  13
48  16
14  36
5  50
42  47
32  27
46  9
51  18
7  41
36  25
12  31
16  7
11  51
34  42
24  48
40  11
36  19
26  40
26  50
44  20
40  9
29  8
29  38
21  42
50  15
21  51
8  48
21  30
31  39
33  45
24  30
40  7
32  34
42  11
19  34
16  46
49  14
45  43
30  29
47  47
44  22
39  29
22  18
43  43
9  7
18  8
41  31
40  47
36  45
48  27
8  46
6  10
12  10
34  50
28  9
40  37
24  31
40  9
31  51
35  28
19  20
34  8
16  7
31  32
17  22
42  15
42  13
38  21
21  24
21  24
13  34
6  30
40  14
25  23
34  19
47  29
34  51
16  48
48  17
32  9
18  32
10  8
22  49
16  25
47  30
37  5
15  47
42  10
49  48
21  34
41  31
34  14
26  23
13  19
9  22
49  9
19  12
44  10
14  33
6  37
34  9
46  26
27  47
46  33
32  34
51  38
30  13
14  16
12  18
41  26
14  41
39  40
18  32
6  50
27  25
28  12
23  46
23  13
6  23
21  49
44  13
21  9
49  26
37  23
14  44
35  34
15  49
25  45
36  34
39  38
39  38
26  42
29  43
28  40
26  18
18  48
32  45
49  18
6  50
19  19
33  33
11  36
38  14
50  30
14  11
7  33
23  25
43  46
46  44
6  32
6  42
16  7
30  51
31  44
11  27
41  19
40  16
5  26
15  27
7  13
8  8
23  30
36  21
20  38
22  29
25  48
7  41
27  45
17  35
42  36
18  13
33  40
23  12
15  50
32  26
35  13
37  29
20  8
50  24
21  7
49  45
32  14
18  5
15  18
48  39
8  42
30  45
36  32
36  5
10  8
34  17
14  5
43  50
36  36
16  14
38  11
50  8
19  51
50  51
20  43
28  16
6  43
14  9
26  25
48  5
32  21
11  47
5  37
6  21
33  46
28  23
47  17
28  16
36  6
51  15
37  39
7  28
17  48
26  32
12  11
13  50
11  8
51  6
30  16
40  22
11  37
45  39
50  19
12  20
51  28
45  43
10  40
33  38
30  30
45  12
29  21
27  51
23  36
43  25
29  26
27  28
5  26
30  24
43  8
5  16
24  6
21  10
20  47
11  14
10  37
28  40
26  33
35  10
26  30
14  21
13  33
37  38
49  22
46  36
43  38
26  13
43  13
18  27
37  33
19  43
15  21
32  25
32  47
12  47
48  48
14  11
45  36
44  26
19  25
21  6
41  9
35  50
35  20
41  27
29  8
41  39
35  47
25  37
17  44
32  25
46  20
51  29
45  40
37  12
6  31
30  13
13  28
21  19
36  29
5  18
28  23
49  35
41  38
41  44
49  24
39  42
51  50
36  14
48  12
18  7
26  14
36  8
33  32
43  32
38  46
21  40
29  12
10  51
6  47
34  13
15  26
26  7
43  24
23  38
50  45
45  29
42  28
48  39
48  26
32  44
34  23
35  20
23  8
12  17
48  42
18  29
41  40
6  20
49  33
24  27
8  37
38  23
14  34
28  9
9  44
11  10
30  12
26  29
7  16
7  37
28  11
49  6
46  37
40  31
31  7
8  36
12  19
19  33
15  49
6  44
41  30
6  50
51  37
5  7
6  30
21  32
5  34
39  45
13  38
39  24
35  43
35  19
31  26
24  10
33  6
21  46
44  21
12  11
13  21
14  43
48  46
48  32
45  19
9  35
22  45
42  14
26  9
35  44
22  14
28  26
48  27
31  49
26  15
17  31
43  40
19  36
38  29
6  49
42  15
8  5
41  45
44  23
36  8
11  11
49  46
15  12
8  19
37  35
23  17
32  34
29  39
34  20
25  10
20  38
13  42
23  30
30  17
45  8
49  12
51  14
41  15
19  42
36  38
26  15
19  35
25  21
8  40
24  48
45  37
31  21
40  40
43  44
28  35
21  27
31  6
6  30
49  47
6  6
32  14
42  44
20  33
28  29
33  50
5  35
32  21
33  27
34  41
7  25
15  26
10  17
35  17
14  44
21  6
33  32
32  29
31  16
45  14
14  14
11  43
12  50
6  42
46  36
34  11
37  20
39  39
8  21
8  25
35  10
33  12
22  12
41  25
30  5
9  33
10  25
23  9
20  41
6  21
32  8
12  18
50  49
44  28
10  23
5  28
10  45
51  15
21  40
47  41
21  19
36  48
31  13
33  43
28  7
10  33
49  7
30  13
41  48
38  8
22  33
47  48
23  41
35  8
16  15
22  19
8  14
23  5
46  42
43  22
27  18
43  32
7  43
6  14
45  24
37  24
22  32
24  32
32  43
10  36
42  39
38  7
6  19
28  23
28  42
31  12
38  47
17  51
41  39
32  23
32  40
10  27
43  21
46  45
23  50
6  27
41  21
39  11
24  31
29  23
15  28
44  19
40  22
8  28
21  47
42  42
35  47
16  38
31  34
5  22
6  49
45  39
19  43
16  30
23  40
40  23
46  14
37  42
42  28
37  14
29  9
48  48
39  14
9  37
46  43
13  32
22  17
14  34
30  16
10  38
26  8
45  48
22  15
19  43
51  48
7  8
49  26
15  21
10  8
5  21
15  9
15  39
36  34
51  31
36  18
39  15
27  34
40  36
41  21
50  10
14  11
45  36
50  35
10  20
16  7
25  15
18  46
8  34
33  14
11  45
29  23
16  6
29  36
14  6
15  33
8  27
46  34
45  42
45  29
8  5
48  47
5  25
27  22
6  15
50  40
47  26
50  21
21  41
20  19
40  18
7  8
39  7
29  32
30  34
49  6
11  45
30  28
23  25
41  26
47  5
7  46
49  40
36  31
11  35
44  34
49  45
18  24
35  33
37  28
24  26
26  9
9  41
51  20
24  35
44  15
49  8
5  19
24  51
12  29
22  22
35  47
37  8
37  44
50  9
31  43
20  5
6  22
49  37
9  18
39  13
11  48
39  49
13  48
48  45
8  8
50  38
27  30
32  27
42  27
46  25
42  34
42  18
36  44
22  10
27  6
31  45
26  48
40  26
8  18
41  33
28  9
47  44
25  9
46  40
6  49
10  43
25  42
39  50
36  49
16  31
45  22
40  30
35  9
26  5
7  16
44  39
10  6
32  33
7  47
26  48
7  14
12  39
29  15
12  47
5  38
7  37
19  21
16  20
11  32
25  36
7  14
5  45
9  38
25  38
34  15
7  17
11  49
27  33
42  12
50  10
11  32
27  35
6  19
18  48
47  30
47  9
25  11
33  15
38  5
18  9
47  12
42  26
37  20
15  10
32  42
40  16
6  24
25  31
9  41
31  51
36  39
45  24
17  50
6  27
46  22
50  11
27  22
11  23
5  32
18  9
30  6
14  17
31  14
8  20
41  23
38  26
9  17
51  23
49  37
27  45
22  29
6  27
23  7
37  33
6  44
47  41
48  16
20  44
36  14
47  29
8  40
19  14
51  24
43  44
18  20
13  5
38  20
15  26
19  10
39  22
6  28
47  28
30  6
42  18
50  33
48  44
42  16
43  44
43  18
43  19
50  13
24  22
21  6
22  48
21  27
33  9
33  26
37  28
34  49
34  51
24  48
26  38
39  36
30  22
44  29
38  16
13  44
7  18
18  33
35  30
48  11
19  31
12  46
7  37
48  5
29  37
29  28
25  24
42  39
30  29
47  49
8  47
11  41
7  15
47  6
44  5
17  29
15  24
15  51
9  7
9  23
7  48
40  5
26  40
13  46
49  14
41  35
15  47
33  41
5  47
17  26
47  8
43  26
37  12
37  6
46  15
23  46
32  13
20  37
32  12
32  28
15  27
49  20
15  38
18  37
20  51
38  48
34  17
17  17
13  19
38  13
32  49
7  34
36  41
30  13
41  42
30  34
26  51
35  43
34  11
46  22
24  25
39  29
50  12
21  24
9  16
40  23
33  30
47  44
40  27
23  23
37  29
32  8
39  18
11  16
13  34
24  34
25  50
13  49
25  45
38  29
33  24
14  9
50  39
20  32
45  11
26  24
35  36
15  48
37  31
13  41
34  46
30  22
35  42
17  15
30  21
32  49
43  43
41  44
14  42
15  42
20  24
49  44
37  40
12  5
48  46
16  21
11  51
5  13
27  40
30  9
21  39
21  27
32  33
27  42
12  20
14  17
50  19
9  34
25  22
20  10
38  27
15  29
12  8
38  44
21  22
23  26
44  47
12  17
46  27
15  47
47  20
47  42
13  19
11  23
48  33
41  44
34  13
39  31
51  36
17  19
27  22
45  8
10  29
26  21
21  48
51  30
29  44
36  33
24  42
37  13
12  14
12  37
33  6
10  38
44  35
48  22
6  19
19  40
26  42
22  38
40  20
9  13
20  30
29  26
44  42
42  31
16  27
14  16
16  39
19  34
18  47
27  21
29  40
43  43
16  43
7  30
20  46
8  31
5  7
5  12
22  43
37  24
37  15
6  22
6  38
34  7
42  31
41  15
38  10
19  31
38  43
26  5
32  29
18  37
27  33
35  38
23  43
24  41
45  23
6  31
51  35
27  24
13  41
26  11
11  24
23  23
19  50
12  47
23  42
34  38
50  8
14  13
11  23
33  25
25  18
8  21
12  38
41  44
51  26
14  12
17  49
15  10
18  44
40  46
16  38
41  30
7  30
36  44
50  50
31  17
10  29
23  47
13  43
30  18
8  28
9  47
48  23
34  48
45  23
37  6
12  17
39  51
43  14
34  35
45  51
18  31
34  27
21  48
30  29
24  31
10  45
19  41
41  34
6  43
17  34
16  35
27  31
7  6
6  25
41  43
20  12
9  18
31  25
10  47
39  10
32  24
37  41
22  11
32  38
49  40
42  7
40  42
40  8
41  13
14  42
32  30
49  44
38  21
36  7
44  19
14  46
10  28
10  8
22  47
8  51
24  18
16  14
24  25
31  31
40  34
37  35
49  28
49  20
33  47
50  30
40  36
50  48
49  49
5  8
5  10
5  30
41  42
26  6
40  14
26  9
25  20
18  36
19  32
47  26
49  10
7  34
23  51
22  41
12  25
29  51
32  35
7  48
28  46
15  28
5  10
33  21
36  32
49  20
33  32
45  6
20  48
32  21
34  20
17  24
15  17
7  24
44  45
22  15
36  8
47  47
15  16
18  47
13  45
33  44
14  37
8  6
27  13
38  40
27  28
51  32
6  7
51  6
28  20
49  32
44  33
17  31
27  11
24  44
39  39
44  17
31  36
32  40
32  24
50  34
8  5
39  5
43  8
33  19
15  47
29  43
33  42
42  8
17  46
6  32
7  46
31  43
46  16
6  44
35  10
17  16
43  12
14  42
32  5
43  20
7  13
24  11
46  45
26  43
24  32
44  24
32  22
25  41
11  45
36  22
37  31
7  41
12  40
43  37
48  11
26  23
6  13
29  32
20  29
25  49
29  28
33  33
39  18
45  17
19  15
8  28
5  35
32  24
11  45
37  14
51  12
44  20
42  51
5  27
38  13
45  29
7  22
49  19
16  18
25  13
31  18
39  37
23  24
46  48
40  39
34  45
33  40
16  25
33  31
14  45
46  35
5  7
13  30
29  10
39  9
19  14
41  28
11  13
18  10
43  12
32  7
45  15
33  28
38  31
26  39
51  50
5  14
20  24
38  16
6  21
19  16
6  28
18  47
24  11
30  10
16  30
25  5
43  17
35  50
6  37
27  15
30  8
15  43
14  42
38  25
5  12
29  25
34  50
34  13
16  24
19  48
36  28
34  41
13  26
23  17
21  32
41  13
37  27
8  38
40  24
9  48
43  27
36  9
49  30
18  5
15  12
43  34
5  9
45  9
16  13
6  31
30  17
24  13
10  8
13  15
49  37
51  23
48  44
45  20
7  12
13  27
18  44
21  37
36  28
9  11
43  49
21  18
21  8
36  5
18  26
18  33
12  43
7  22
22  33
9  39
40  48
45  40
33  24
48  33
24  43
49  22
11  18
49  36
41  15
30  46
36  39
8  41
27  18
34  49
17  44
19  9
24  24
28  46
44  14
45  37
11  7
44  14
8  20
34  7
50  30
26  22
16  21
47  6
9  8
9  48
27  39
26  11
29  8
9  25
45  43
24  50
47  11
41  32
5  37
18  12
17  44
12  50
48  47
45  20
17  26
51  9
34  21
41  36
45  20
46  36
23  13
16  24
21  33
28  16
15  36
18  37
42  49
31  6
32  41
46  5
46  35
16  42
50  32
40  6
40  15
44  30
28  9
34  19
38  47
44  44
49  44
21  35
43  49
13  29
50  35
43  41
19  36
45  42
45  43
47  13
38  17
41  26
51  27
13  18
32  44
14  18
19  38
29  40
40  7
50  24
7  18
12  38
34  44
16  23
34  49
29  28
51  28
15  22
39  13
29  22
48  41
22  36
38  34
45  8
42  27
32  12
11  16
48  43
36  15
35  48
44  43
45  6
51  24
50  42
21  43
11  27
27  28
24  48
6  24
50  40
5  18
18  26
19  9
27  9
51  26
44  40
28  17
28  32
32  12
21  11
23  8
41  26
45  15
44  28
45  46
46  6
44  49
24  5
5  19
45  18
15  45
29  10
22  51
9  6
33  13
46  20
40  48
8  20
16  10
10  8
8  12
45  25
18  46
43  35
42  19
33  12
41  9
15  32
50  9
39  23
23  44
48  46
36  36
31  15
39  9
23  31
18  30
35  50
22  20
41  45
7  44
15  32
8  24
25  13
6  41
5  20
6  14
19  24
41  19
36  18
20  5
16  14
27  41
14  12
21  13
38  28
9  19
50  34
12  5
45  42
9  38
6  12
48  47
5  46
41  29
22  32
28  46
6  15
40  7
47  28
17  39
17  22
50  15
31  10
50  45
47  44
15  40
29  41
36  35
28  44
29  38
30  11
44  42
43  17
9  29
51  36
7  20
13  28
26  28
25  5
6  33
17  10
41  23
47  17
34  42
51  41
10  36
7  29
38  45
40  30
28  26
29  28
20  15
7  18
39  16
15  23
34  39
50  30
31  34
33  18
36  19
24  43
31  35
26  46
10  11
40  33
24  32
17  15
21  37
49  12
27  40
17  44
8  25
41  33
12  5
36  41
49  43
18  21
32  44
48  22
10  12
16  35
22  17
21  34
46  18
12  30
24  48
16  11
16  38
14  19
42  43
44  21
10  47
46  44
17  28
28  46
11  23
26  12
17  31
47  15
30  39
38  33
42  45
34  40
11  16
31  9
28  28
45  31
37  48
18  30
37  8
32  21
48  49
34  8
7  47
24  14
41  26
36  36
8  8
20  10
13  28
46  21
27  31
35  35
25  28
14  10
12  13
6  6
9  46
43  15
44  31
6  29
8  33
49  20
46  35
15  13
21  49
21  8
33  46
16  11
38  5
27  43
5  44
34  5
28  12
31  51
18  8
15  45
51  47
31  33
50  7
7  33
25  31
35  23
37  40
35  30
40  33
23  16
12  49
30  33
17  30
27  18
14  18
49  40
32  22
15  18
41  36
44  16
16  33
47  19
31  39
39  39
32  51
32  45
23  18
17  30
12  5
27  27
34  22
51  7
32  44
5  40
19  36
22  38
36  35
38  14
49  20
22  13
7  49
7  39
33  49
34  27
11  35
38  31
13  44
51  29
47  34
48  34
18  26
25  22
31  47
11  20
13  34
32  10
28  16
45  46
8  23
24  37
20  31
14  14
42  18
45  17
21  10
34  51
17  49
11  33
44  45
20  49
25  25
14  20
15  45
43  10
27  12
41  5
17  24
48  32
31  46
5  28
28  40
37  28
32  19
36  20
18  29
8  40
11  44
30  16
21  51
42  25
10  32
31  10
42  22
49  41
18  42
30  41
8  46
48  39
8  22
43  5
49  32
49  15
22  15
15  26
40  14
12  29
18  30
39  23
32  47
48  29
6  9
6  8
16  24
44  13
21  29
37  26
43  36
14  12
12  43
11  11
34  39
44  36
12  24
34  48
34  29
7  16
34  22
49  7
21  42
9  29
30  44
28  13
21  17
13  39
17  42
8  12
23  48
30  24
47  36
41  8
33  28
5  8
30  48
51  9
40  50
11  36
49  10
36  48
45  32
34  10
48  18
44  17
15  16
44  6
28  32
41  40
27  19
51  41
32  13
19  11
16  7
46  9
26  27
26  31
21  8
27  23
7  26
42  42
48  45
6  15
43  51
45  7
50  23
42  38
37  48
44  47
51  38
15  45
15  36
22  9
47  13
36  37
22  32
27  37
22  32
25  26
34  34
45  46
41  27
27  18
11  36
23  16
12  39
22  19
30  7
43  26
15  40
37  42
22  13
34  31
35  35
51  9
39  48
7  44
40  47
8  21
10  46
29  25
40  26
11  32
39  24
21  25
24  46
28  14
16  29
36  31
13  45
13  32
46  44
20  11
6  25
34  5
31  20
13  42
22  8
39  9
36  8
41  33
40  5
45  20
25  22
42  12
13  21
22  37
20  39
45  40
31  8
10  18
23  14
28  25
20  37
15  13
39  9
28  26
45  51
7  23
20  49
17  39
29  33
35  6
10  35
48  41
51  32
50  5
7  28
20  50
34  44
27  8
31  36
42  33
20  37
22  17
7  34
26  45
36  26
32  28
19  25
24  49
39  10
50  6
20  39
36  34
40  40
27  25
34  49
29  46
27  8
28  40
26  31
14  15
26  32
45  37
38  9
12  30
30  36
19  5
30  32
50  6
33  50
19  19
15  9
46  49
44  47
36  23
24  18
42  17
6  26
41  32
44  29
36  51
6  34
13  42
46  7
47  49
33  30
29  16
47  44
51  17
29  8
42  39
7  27
33  12
32  29
32  22
46  17
8  22
28  20
5  11
47  49
5  27
48  27
29  44
21  27
39  27
50  25
26  15
45  47
36  38
37  37
11  6
14  21
27  20
34  17
34  29
5  16
38  31
42  31
6  23
8  47
22  22
39  27
47  33
33  50
23  6
43  38
30  31
17  35
47  18
26  17
17  45
26  29
33  6
26  15
50  43
17  37
30  27
7  5
11  34
29  33
32  12
18  32
23  12
48  23
15  25
30  24
35  17
13  13
8  25
47  29
51  6
6  38
43  13
46  8
12  9
9  12
41  47
15  20
13  29
22  12
34  38
46  11
40  37
50  10
31  20
25  50
46  24
29  39
37  15
32  16
39  29
16  39
6  27
18  21
5  49
34  32
36  24
39  13
48  26
31  37
11  41
43  46
36  5
14  29
15  23
44  41
46  5
38  26
6  47
33  42
38  27
5  38
31  39
9  46
15  51
40  16
43  22
13  17
8  31
40  38
39  44
45  36
35  21
25  20
38  19
5  29
49  5
42  35
48  17
36  6
44  30
44  37
38  8
23  30
26  45
26  7
15  27
35  30
34  37
8  37
33  29
17  43
35  28
7  41
23  24
50  9
43  41
28  29
32  34
22  18
23  33
12  10
13  50
11  38
46  5
39  34
26  45
16  18
23  18
14  51
20  17
13  33
46  44
25  13
45  37
33  13
15  38
28  39
6  15
8  11
16  5
17  18
45  28
19  48
44  6
16  43
11  11
23  42
28  47
35  49
51  29
26  40
22  45
16  23
40  32
9  19
8  23
5  26
42  5
48  8
32  47
47  36
51  11
14  13
16  15
43  49
36  32
11  19
13  33
30  28
29  11
42  19
26  45
46  43
47  8
22  46
31  27
19  17
23  36
49  31
18  21
29  7
20  28
35  8
21  17
23  16
32  19
40  14
18  16
29  30
19  12
49  23
37  29
9  18
13  20
38  28
50  28
9  38
42  50
43  39
32  36
6  49
23  50
41  38
43  16
47  45
16  19
23  25
38  25
5  11
37  15
7  48
33  26
8  32
32  45
47  44
12  45
15  6
14  24
17  43
40  28
42  13
44  39
24  10
37  5
39  50
17  6
16  50
32  30
13  24
46  39
21  28
17  50
38  33
13  46
49  42
48  17
39  8
16  6
43  33
8  35
30  18
46  15
6  32
12  43
5  22
44  10
20  25
7  43
23  14
10  33
15  44
51  40
11  37
9  44
51  30
6  6
38  26
35  36
7  25
13  10
11  8
22  20
18  51
36  33
12  9
20  44
46  7
27  38
21  11
22  46
7  33
12  28
35  40
29  49
27  45
39  14
42  20
23  23
18  16
15  32
11  14
35  9
7  8
32  28
34  45
45  5
16  24
43  38
26  45
30  15
26  51
14  20
46  30
45  10
6  23
18  30
28  51
18  26
11  6
24  46
11  50
41  8
40  22
29  13
9  17
33  7
50  11
36  38
33  51
20  23
27  21
23  18
21  33
38  21
25  47
11  40
6  36
40  37
49  47
22  12
41  7
45  41
6  18
35  42
42  11
42  9
16  48
34  24
12  49
17  34
33  16
18  24
11  47
24  25
23  10
25  22
51  14
30  39
15  36
35  49
35  30
47  41
49  34
14  16
5  8
28  9
43  15
38  38
51  45
25  44
15  32
37  40
41  49
37  7
45  21
8  9
33  16
24  43
45  45
30  44
18  27
14  14
28  50
30  45
30  5
15  35
31  6
35  20
48  9
35  30
32  7
9  36
33  41
41  39
10  12
34  37
6  46
8  36
14  27
25  14
31  28
22  22
14  7
17  6
22  22
27  36
20  33
16  18
24  14
25  6
39  33
33  8
39  32
31  33
16  14
39  19
25  5
9  39
6  6
5  45
17  11
26  42
27  17
35  41
35  43
7  29
44  23
23  31
6  11
49  48
17  24
20  36
22  45
21  30
19  41
36  11
16  20
21  25
17  39
47  37
45  10
10  38
35  49
16  33
39  44
39  5
17  35
42  37
30  28
20  17
38  30
42  24
15  44
19  49
7  11
12  15
27  49
30  11
6  15
41  35
14  8
41  32
16  35
32  12
7  33
23  27
13  49
7  26
8  46
42  37
12  10
14  40
23  35
44  40
10  43
36  11
26  6
50  51
51  31
15  44
38  42
30  38
19  11
5  43
16  13
43  15
40  5
40  13
49  30
12  22
18  24
37  50
39  45
24  34
39  38
16  22
10  18
49  30
9  33
26  46
18  6
50  34
5  39
49  18
15  10
30  34
30  38
41  26
35  38
48  42
51  5
32  51
32  26
44  25
29  21
43  27
35  38
48  47
22  17
20  43
13  42
26  32
9  18
24  27
34  16
36  48
23  23
36  8
20  38
40  15
37  10
26  26
47  22
31  37
22  46
16  30
31  5
49  34
37  48
47  31
12  22
45  9
45  47
15  40
38  44
36  49
46  11
35  29
35  7
39  24
33  35
42  22
32  40
42  38
7  34
15  31
18  19
21  38
26  40
37  22
7  16
47  29
9  19
24  5
41  18
30  29
23  23
7  49
49  12
10  46
32  45
13  17
9  37
5  27
23  50
47  28
35  39
6  32
30  30
51  14
8  27
30  47
6  47
25  13
35  42
32  7
13  36
14  38
25  45
22  47
26  11
11  5
8  17
15  49
11  26
8  18
36  6
33  24
18  14
23  13
38  51
25  5
43  50
31  6
19  10
34  17
51  14
11  8
36  34
15  9
19  26
51  33
48  22
15  49
22  18
29  47
22  11
41  29
13  20
9  5
16  7
21  28
19  30
12  42
26  48
26  26
17  40
34  29
48  33
45  37
18  42
32  21
10  48
29  39
37  24
21  12
31  12
38  26
6  5
8  12
42  35
29  10
44  19
21  33
7  45
45  7
27  45
16  31
24  21
40  16
21  49
29  17
41  5
5  31
35  49
28  48
40  31
41  27
27  20
12  5
12  24
22  26
28  25
25  44
27  42
41  43
20  5
22  44
6  18
40  11
12  18
48  51
29  45
27  36
7  30
46  25
24  26
40  45
21  19
31  45
20  51
50  48
38  37
10  48
36  30
16  42
51  29
45  21
35  21
45  15
26  51
43  22
32  5
5  8
46  44
17  39
27  30
13  7
6  28
37  43
9  24
12  11
31  13
46  29
22  15
14  17
46  36
35  22
7  46
47  7
28  38
39  45
13  46
45  14
26  46
38  18
6  8
27  41
31  31
50  9
35  39
16  44
41  33
45  23
47  23
5  45
18  18
6  24
7  26
22  8
23  46
25  20
43  6
7  22
19  5
49  42
33  23
12  27
46  30
43  12
48  31
32  50
47  36
30  35
21  32
6  30
9  26
46  43
46  37
31  38
12  42
7  27
26  40
51  12
22  36
6  44
19  48
35  25
46  43
44  11
49  50
26  37
46  36
12  40
43  19
15  8
11  21
50  19
46  9
21  9
49  12
48  51
9  38
39  51
33  31
25  16
50  44
22  36
13  33
24  15
13  13
5  26
11  28
25  35
45  26
8  39
8  48
13  35
42  7
17  14
32  14
33  17
48  45
44  29
15  30
27  27
23  36
25  34
6  23
7  43
19  12
17  48
15  29
30  18
34  42
12  6
13  23
35  28
29  12
7  51
48  31
43  26
24  28
40  42
50  18
35  24
28  35
12  36
16  12
23  35
48  39
6  23
34  26
29  7
6  35
17  39
8  5
8  35
11  45
44  39
8  9
23  28
20  16
26  50
33  43
18  29
27  51
27  41
42  24
18  40
33  39
12  13
34  24
31  6
18  44
28  47
17  19
5  39
45  33
15  8
12  50
35  33
39  36
24  15
44  48
18  23
8  26
17  51
20  6
36  13
25  6
29  43
44  10
10  14
10  41
12  31
19  11
21  14
45  38
47  43
22  25
33  12
33  32
18  37
16  24
15  34
38  20
45  46
19  39
13  50
36  42
32  33
18  7
20  39
22  50
46  7
30  38
33  22
35  12
29  37
21  45
50  14
14  46
29  8
37  14
6  22
49  39
41  28
42  27
44  30
33  10
41  22
45  43
36  5
9  43
44  37
51  43
24  31
34  25
42  34
38  22
45  16
7  31
29  20
7  33
27  39
27  16
14  20
30  39
27  43
48  47
25  36
20  30
33  34
24  11
29  18
17  12
45  29
48  51
8  22
45  38
24  45
37  30
42  18
8  43
47  46
35  37
6  38
22  38
39  29
19  13
38  44
45  34
13  26
51  23
36  36
5  16
33  11
51  49
18  32
51  49
32  24
33  31
24  51
30  20
45  37
31  39
19  11
45  31
37  5
41  13
28  18
44  40
37  35
26  19
31  20
46  31
23  28
40  10
46  25
25  7
34  51
22  16
15  23
10  6
27  41
28  17
21  30
9  12
43  30
23  36
14  27
13  39
19  36
18  37
46  7
35  5
8  21
22  34
47  23
38  21
18  14
28  40
39  51
36  27
14  50
22  29
11  21
15  38
10  18
20  19
47  5
28  51
5  20
14  35
37  30
49  11
45  24
25  36
20  5
8  34
35  45
8  26
10  43
5  20
44  31
37  31
29  13
16  35
18  23
5  26
49  30
14  14
30  15
19  22
41  11
20  36
23  36
8  18
31  10
10  49
45  50
46  37
47  41
24  45
8  25
25  41
28  46
12  21
43  42
19  19
40  33
40  43
10  19
28  24
44  12
30  27
12  32
34  18
13  48
32  10
33  23
46  27
17  15
35  32
28  23
33  29
12  45
30  12
27  7
17  44
18  48
25  22
17  37
41  17
37  46
22  40
31  50
36  39
6  45
10  10
17  21
37  10
41  30
18  28
25  41
18  45
10  14
11  28
12  50
48  29
34  19
21  29
51  21
42  14
36  32
43  22
7  27
35  20
14  34
18  45
28  41
25  11
20  21
50  8
31  41
40  17
8  36
45  21
50  23
51  47
13  10
48  37
27  25
14  30
13  19
17  25
46  51
47  17
49  45
51  45
43  11
17  13
16  23
22  51
48  43
11  48
30  46
43  9
23  32
33  20
25  5
44  16
28  23
21  24
30  13
24  38
37  15
40  35
42  21
6  26
42  19
7  19
48  37
38  40
51  38
7  11
16  48
16  11
46  28
30  17
8  19
9  36
15  45
39  22
39  40
14  41
20  16
6  34
12  46
20  31
7  24
8  43
12  13
36  26
31  45
29  49
47  37
32  44
50  35
34  39
39  20
22  46
50  29
23  16
51  42
51  6
30  19
43  50
17  15
41  5
13  31
24  6
48  17
24  26
31  37
27  16
29  8
42  43
40  11
15  27
20  39
26  49
10  8
36  51
18  33
45  20
43  32
6  34
22  49
28  37
26  47
34  39
29  19
43  9
48  40
18  14
34  39
27  51
37  26
16  48
23  16
23  9
41  14
41  35
17  28
11  36
29  33
29  12
14  8
23  42
15  51
38  6
22  14
13  20
33  5
42  30
39  48
42  39
22  40
16  17
11  42
15  43
14  20
28  20
28  34
22  30
46  31
7  32
27  26
13  39
45  10
48  43
30  11
47  28
9  42
31  29
28  35
49  19
18  9
51  8
31  9
22  23
30  28
36  39
20  39
19  47
17  17
41  46
25  25
10  16
29  6
22  39
37  36
18  32
13  48
41  21
8  32
26  49
11  29
50  18
5  46
7  34
27  25
17  25
48  50
5  11
17  33
8  16
9  5
6  15
8  45
51  31
27  30
24  13
11  41
8  30
51  37
18  30
12  18
12  6
47  10
46  47
22  13
13  50
24  10
8  39
8  13
30  25
41  17
50  28
39  47
30  29
25  30
48  10
49  13
42  7
45  27
30  25
39  19
29  13
43  18
30  43
11  17
31  34
9  14
17  39
46  16
37  7
16  36
22  6
10  9
46  50
28  16
22  42
43  31
15  19
23  25
8  9
5  22
14  17
33  11
13  7
5  22
14  47
49  40
25  41
48  25
36  15
27  6
34  40
28  16
41  32
40  12
8  20
44  23
33  17
15  45
37  48
22  42
5  6
30  29
29  9
12  34
17  30
9  17
42  36
20  39
37  50
35  11
10  34
20  22
19  20
34  37
9  14
46  5
45  14
24  9
48  19
15  33
34  27
14  51
39  26
39  42
10  47
39  25
47  46
7  49
28  29
37  16
32  47
31  47
31  28
27  35
28  36
12  42
29  42
21  45
29  26
43  51
16  17
47  36
33  26
19  22
5  48
19  5
44  44
32  22
45  12
35  37
15  24
9  36
31  33
37  35
44  50
46  51
41  26
11  38
30  26
36  42
11  9
48  25
46  23
10  32
21  48
30  49
43  49
9  33
15  11
12  43
50  27
37  39
11  48
7  26
37  41
48  9
45  17
13  17
7  29
7  18
43  40
18  21
41  30
10  43
9  29
15  46
23  9
14  25
32  26
12  9
25  24
37  40
9  18
23  27
26  23
17  40
27  18
10  37
51  5
12  51
16  49
11  26
32  18
37  22
19  21
35  25
33  5
37  6
22  40
49  12
46  43
15  17
13  51
29  8
17  9
30  8
19  9
6  35
5  39
28  25
41  24
10  42
33  48
20  21
40  24
32  12
36  18
49  50
37  32
7  11
47  5
13  29
23  50
34  23
18  43
11  5
50  10
18  12
13  25
36  45
33  40
46  16
18  36
8  12
49  50
16  37
24  26
18  27
5  38
44  24
17  5
23  7
47  31
31  8
31  6
29  12
5  49
45  32
44  16
20  50
50  14
16  34
43  11
41  50
18  38
50  10
8  47
21  30
43  50
42  42
29  24
17  18
28  20
28  32
38  15
5  42
40  35
40  14
15  8
47  25
20  6
8  34
43  18
28  29
46  44
23  5
39  25
30  40
36  11
10  40
40  43
41  37
43  45
20  23
29  9
43  32
44  36
17  37
21  12
18  27
11  7
51  47
31  22
32  13
16  37
30  9
32  23
10  15
30  32
27  5
25  42
16  22
30  8
30  49
29  23
35  26
51  28
39  45
26  31
28  45
41  35
23  28
7  36
47  32
43  19
50  42
51  45
49  15
45  17
27  17
34  5
46  41
26  41
27  43
47  48
11  33
10  43
18  44
25  26
22  25
16  27
36  29
20  48
24  32
6  41
17  46
20  25
36  41
20  35
21  29
49  29
44  15
50  31
26  43
39  40
47  26
18  35
33  33
30  45
12  51
41  45
28  31
42  5
20  45
10  28
8  51
48  45
14  49
39  26
22  14
44  34
45  49
27  6
23  10
41  11
50  50
18  15
27  18
47  32
37  30
43  42
37  43
26  41
20  26
10  26
47  37
23  29
47  38
18  51
7  27
48  14
24  40
17  32
7  44
23  11
19  29
40  13
42  47
47  51
10  19
42  39
33  28
20  23
36  24
30  51
8  49
7  29
22  18
19  43
20  49
42  41
22  33
36  31
47  27
49  15
13  8
44  51
22  27
40  35
40  51
51  43
46  43
24  43
48  45
43  19
22  24
12  22
34  45
51  36
46  19
23  10
15  9
30  13
24  22
43  12
30  19
51  21
6  6
27  16
8  24
19  5
10  51
20  35
35  41
49  25
41  10
41  23
22  50
18  19
20  26
50  40
8  30
48  26
37  31
28  17
29  26
43  5
31  38
6  38
49  50
49  18
11  7
34  35
51  15
38  34
45  34
35  14
36  16
7  25
8  25
5  38
6  41
5  36
36  25
18  23
21  22
37  8
35  45
10  33
34  44
47  46
12  51
25  19
42  44
6  28
41  41
41  30
5  51
21  45
19  30
40  7
40  26
24  38
40  36
13  40
17  5
7  15
35  31
28  49
7  16
32  50
32  49
38  14
10  34
11  19
18  47
35  42
39  35
24  15
19  10
35  39
8  30
16  40
31  35
10  30
20  49
22  37
27  36
12  32
10  46
5  28
17  23
49  33
22  10
8  27
44  5
8  14
34  51
24  31
41  37
38  28
16  21
12  15
20  23
18  27
19  44
19  30
16  31
34  27
36  51
19  42
20  7
37  29
26  25
39  41
39  21
40  7
23  40
38  6
37  19
26  42
13  5
24  48
35  35
41  46
42  22
8  44
35  34
43  26
43  25
28  22
25  27
31  12
7  11
32  24
49  7
15  45
9  5
44  30
10  36
31  34
11  15
7  22
10  24
21  27
25  9
8  11
24  49
21  12
27  20
37  23
47  30
43  24
34  50
24  38
16  20
9  24
33  24
13  17
50  26
32  23
16  45
33  28
28  39
14  49
48  38
30  44
15  15
44  13
38  29
39  31
37  45
21  37
22  49
25  6
30  45
39  35
6  24
29  5
35  49
27  36
46  40
12  46
32  26
24  34
7  26
11  50
40  50
50  37
26  26
46  13
5  34
32  48
37  48
48  35
24  44
7  22
27  22
51  47
42  47
45  37
42  29
39  38
9  25
37  11
39  37
38  18
9  34
9  21
5  27
29  29
40  20
36  27
35  48
28  35
50  50
42  26
45  51
19  6
5  18
46  32
20  33
31  9
13  39
12  27
42  16
21  42
24  51
8  39
44  50
48  11
33  47
7  26
47  18
12  11
51  51
21  18
37  44
6  9
20  7
50  24
40  34
38  22
26  16
9  19
48  51
46  32
13  47
43  37
19  18
34  28
38  10
19  46
12  30
15  35
34  48
15  7
24  45
45  38
19  8
11  23
46  9
38  43
33  10
31  22
13  8
29  44
8  18
6  38
31  38
25  24
5  43
42  41
44  36
50  51
44  9
38  14
47  37
17  7
49  7
26  7
20  41
33  20
50  6
43  26
26  37
21  14
21  19
32  38
6  21
33  22
38  11
11  14
20  6
9  50
48  26
36  50
15  33
46  19
31  43
36  45
47  46
41  8
32  5
41  44
37  23
50  37
33  50
46  30
37  42
10  10
12  42
24  29
15  26
14  12
18  35
35  46
31  50
18  11
10  23
29  7
19  32
20  31
5  5
48  26
8  34
13  42
44  5
27  49
27  20
42  49
14  39
16  27
44  12
6  46
18  14
17  13
33  11
49  34
39  24
51  11
32  19
22  19
41  18
34  27
46  27
16  31
22  20
40  13
12  43
9  6
41  26
37  29
41  48
8  47
49  30
17  30
39  44
18  37
37  11
41  25
39  7
48  32
14  24
15  38
30  42
47  9
6  5
51  8
12  6
18  5
34  6
26  43
29  42
43  42
9  28
12  36
14  41
11  41
40  28
26  46
26  25
18  27
21  15
28  8
29  19
9  27
21  36
15  29
45  32
8  47
40  11
32  43
41  24
34  38
43  10
45  46
42  19
5  16
50  42
26  51
18  35
5  38
36  13
34  15
42  28
5  31
39  22
25  35
49  21
51  18
48  12
33  23
41  38
42  34
33  20
44  38
38  17
32  41
6  42
35  47
5  37
7  21
50  7
33  11
43  23
25  15
5  8
51  32
50  26
37  29
44  10
27  24
18  44
51  7
23  38
31  44
35  16
42  39
24  15
13  24
14  23
6  15
22  45
45  34
5  32
14  38
18  18
30  50
26  7
43  18
31  46
28  25
8  37
31  46
49  15
34  18
40  46
27  43
12  10
43  31
22  25
15  43
17  46
43  42
43  49
39  22
5  12
17  7
47  32
30  31
32  46
8  46
9  44
8  41
42  37
15  30
28  29
42  36
45  8
31  51
29  17
23  47
48  38
17  43
36  21
16  17
22  42
27  27
29  41
14  42
45  25
44  40
43  19
9  36
11  9
7  45
6  49
26  38
10  18
5  46
6  29
21  42
5  7
30  44
8  34
38  45
32  22
28  8
29  37
22  40
42  36
14  9
37  45
15  45
16  24
24  5
38  34
29  41
37  49
18  12
27  37
43  35
34  49
50  23
36  31
39  8
24  23
5  23
44  43
51  50
28  38
9  23
12  11
15  28
26  8
37  20
50  41
44  9
20  6
42  19
41  10
28  10
46  29
9  10
15  42
20  26
37  21
27  5
51  13
45  11
48  45
44  10
24  48
16  28
45  15
11  40
33  8
20  6
44  43
24  29
10  29
12  49
50  12
48  27
11  28
38  12
10  16
6  8
23  14
33  50
34  32
25  27
7  32
41  12
14  13
49  34
28  5
29  47
24  16
46  10
7  44
26  32
27  27
30  29
42  27
31  46
23  30
49  40
16  45
27  7
47  44
26  42
7  22
34  39
44  25
48  16
50  12
6  11
51  28
51  18
5  41
37  44
44  46
20  51
16  14
43  7
10  18
7  22
15  12
14  35
17  33
51  34
44  14
13  30
42  6
24  5
35  16
18  27
33  17
50  48
22  15
46  32
30  25
49  26
41  19
7  17
10  45
32  9
48  37
30  30
29  5
39  35
7  43
45  47
29  31
28  19
6  22
15  46
49  28
16  34
50  27
47  41
5  40
25  14
18  39
37  12
45  48
43  18
48  51
46  46
21  49
49  17
40  6
28  6
36  20
28  31
12  37
11  50
16  29
5  12
38  43
31  22
35  19
8  17
19  22
5  26
26  48
10  32
12  17
41  6
12  42
46  36
29  21
30  50
30  17
37  10
48  35
48  24
5  12
36  50
32  10
31  43
16  21
20  17
35  32
35  37
43  39
12  15
34  40
21  34
28  17
47  16
43  11
8  12
27  31
12  20
24  50
49  14
46  29
19  43
12  23
49  32
45  18
26  24
51  51
29  44
5  13
30  24
23  11
6  36
31  31
46  22
5  12
22  14
29  40
16  35
31  38
26  23
15  22
36  47
27  51
24  12
49  41
33  40
51  9
45  12
35  47
27  43
43  10
21  41
44  11
36  29
33  33
28  42
39  33
26  27
6  35
40  14
8  44
17  23
23  17
7  14
17  22
29  40
28  50
10  14
39  34
8  39
20  22
43  32
12  34
40  22
36  39
7  32
25  14
51  7
27  24
7  34
29  20
12  45
29  15
47  25
40  19
7  49
12  11
25  17
25  45
8  49
44  22
27  26
45  9
39  10
37  14
23  49
43  33
14  25
49  41
50  17
30  19
31  35
47  47
27  8
38  35
23  22
32  20
49  8
46  6
22  37
42  29
6  5
28  37
5  37
19  5
17  29
46  27
17  5
47  43
40  25
46  6
38  44
40  46
13  10
22  48
48  27
47  31
50  36
48  10
14  48
22  5
6  25
40  32
25  20
46  20
25  7
27  39
15  37
7  12
44  7
22  8
33  19
6  41
5  25
49  38
45  26
46  27
39  5
27  14
45  15
6  27
10  13
45  25
27  6
43  12
30  25
48  12
29  36
27  18
25  49
47  12
28  22
10  30
16  9
40  6
32  41
21  32
13  40
16  22
10  47
48  11
38  36
5  29
6  24
9  43
23  48
11  20
49  9
9  51
28  5
40  51
19  39
18  36
32  34
25  39
47  51
20  8
31  8
49  37
13  33
11  46
26  43
22  43
8  26
38  22
40  31
23  34
12  42
41  20
41  40
21  51
28  22
15  31
46  25
9  38
41  5
32  6
27  19
48  41
25  38
15  39
19  6
48  23
48  40
44  15
26  13
13  22
38  38
24  32
17  30
40  12
26  31
8  36
26  51
18  6
42  34
40  14
39  46
25  50
49  36
14  5
27  38
15  18
9  10
14  41
8  29
38  30
20  14
9  38
40  19
46  31
17  37
31  29
32  33
51  17
18  40
26  36
25  8
32  34
46  33
33  5
44  34
15  28
23  21
21  24
10  20
38  43
31  13
36  30
6  29
46  32
16  6
30  44
45  18
30  46
51  15
28  38
29  18
38  34
19  44
40  16
14  9
34  31
42  22
48  6
48  39
32  43
27  11
26  17
21  27
46  51
45  21
30  6
29  50
23  44
14  43
33  13
5  22
18  27
36  46
7  16
11  18
43  45
20  15
26  16
5  8
34  40
41  34
39  12
13  39
36  25
13  51
48  5
29  23
14  50
42  48
41  11
7  34
34  47
34  46
46  34
40  50
35  29
24  48
37  15
51  17
11  33
15  10
15  30
21  27
31  6
42  43
32  14
30  10
36  39
24  47
17  50
19  35
44  9
19  10
50  37
24  6
11  47
36  12
18  22
35  31
27  7
50  10
9  45
28  41
5  50
14  49
9  20
48  36
34  43
38  6
16  47
34  29
11  29
49  23
13  18
17  18
30  16
15  21
17  24
14  32
47  29
51  47
34  29
51  20
45  5
11  11
34  30
23  47
17  11
35  48
21  50
13  49
30  38
17  43
32  45
20  37
23  43
47  8
42  22
40  33
12  28
41  32
40  16
47  49
20  24
38  6
37  13
38  38
48  15
18  29
17  8
18  24
24  51
18  29
14  17
28  7
27  31
15  7
7  48
46  31
51  42
25  14
27  47
20  46
23  50
33  31
26  38
31  11
16  10
34  42
41  11
33  5
37  9
44  14
8  29
5  46
49  41
6  18
35  18
8  17
13  9
38  20
36  50
42  5
44  35
49  37
42  12
42  33
37  13
36  35
47  37
32  27
12  30
16  16
35  43
12  23
6  40
30  22
28  44
22  20
29  24
40  7
9  31
6  18
20  27
31  26
28  41
46  5
50  16
42  13
32  38
16  47
36  39
25  36
31  28
9  28
16  10
23  32
27  46
7  30
34  7
6  25
50  11
12  12
42  39
43  16
24  27
28  11
50  46
5  27
22  41
18  24
42  17
27  26
22  45
17  7
5  12
30  16
13  40
18  29
18  21
37  34
50  48
8  38
41  10
39  46
51  36
41  9
6  45
37  8
36  49
20  42
46  16
50  13
24  24
44  49
19  15
7  30
43  36
42  20
42  26
19  22
20  47
14  29
33  41
24  19
16  24
34  30
50  9
23  32
15  35
42  49
44  50
35  11
30  40
44  46
48  7
35  49
21  41
29  6
32  27
29  46
33  24
26  9
49  30
23  29
17  35
23  14
43  7
34  17
34  13
8  28
32  12
27  22
51  50
22  40
24  28
46  25
28  10
5  27
33  16
28  6
39  47
25  31
30  51
41  26
36  6
43  15
21  24
19  23
47  39
12  45
19  14
38  27
36  26
44  14
22  50
39  25
44  7
7  45
40  38
14  51
28  50
30  43
30  6
29  25
11  24
38  10
15  5
23  7
27  25
28  27
23  51
14  29
11  18
32  19
35  32
20  18
29  26
7  22
32  24
6  33
31  19
38  34
26  48
11  36
40  15
13  31
49  27
32  12
40  20
13  31
40  29
43  30
6  28
10  19
12  7
42  28
6  5
48  36
23  14
26  49
47  28
6  19
36  20
12  7
12  16
27  41
40  50
12  27
49  31
24  50
47  44
43  34
45  5
50  32
41  35
7  48
44  19
6  37
28  25
24  5
12  25
14  36
22  48
36  25
14  34
27  50
47  49
39  6
20  46
28  29
48  47
9  5
29  38
10  32
37  25
17  50
10  15
49  20
44  34
7  49
15  8
29  11
19  8
31  47
49  51
10  22
35  34
42  49
22  8
22  8
28  7
36  17
5  51
35  12
41  14
33  11
31  28
11  26
22  11
45  31
49  22
19  21
29  12
50  29
39  19
50  47
10  10
43  22
9  19
30  29
23  22
21  28
33  49
32  50
26  37
31  9
50  17
14  21
11  48
41  31
33  23
49  27
48  25
7  34
12  7
38  50
22  35
44  43
25  10
22  8
18  24
47  12
13  17
21  29
35  41
36  26
23  20
14  17
19  46
18  37
43  45
22  49
41  10
20  17
26  31
10  45
10  26
19  25
34  35
17  5
32  20
49  30
36  21
22  26
12  20
20  26
51  43
25  8
46  26
26  37
32  35
49  21
31  48
33  14
34  31
43  28
22  27
17  37
13  39
44  27
48  24
47  20
44  38
15  24
6  44
18  33
25  37
12  40
36  45
24  37
38  37
5  39
44  35
12  16
19  30
42  36
12  16
23  27
36  10
9  9
31  17
51  47
34  49
33  45
32  51
36  10
19  11
37  36
26  32
43  6
24  19
20  9
38  11
29  36
37  51
44  8
47  43
33  38
29  46
45  14
20  44
29  16
21  30
5  21
27  48
42  16
30  33
14  50
14  23
47  37
20  35
20  43
42  23
8  14
34  10
33  16
38  20
51  33
43  19
51  26
19  16
12  14
21  13
48  25
31  13
44  17
24  40
41  43
20  37
28  47
21  16
50  51
7  37
8  47
15  12
42  23
36  30
51  29
37  16
11  13
12  9
24  35
45  30
26  39
37  13
36  40
50  46
16  19
23  44
36  20
45  37
36  32
50  15
51  28
37  19
47  45
29  19
6  45
51  26
50  46
17  47
33  11
44  23
34  15
13  22
8  20
48  42
24  31
45  33
35  20
19  41
8  50
44  42
41  28
27  46
27  6
18  47
30  9
39  9
35  46
16  33
16  30
38  14
14  50
26  16
20  19
19  36
23  47
47  5
29  35
6  42
6  16
38  36
48  22
24  36
12  51
43  18
19  26
48  36
47  27
27  10
6  15
42  41
14  20
48  43
7  23
26  20
29  27
20  50
5  28
49  21
7  30
45  25
46  32
26  38
41  36
22  36
34  41
8  35
38  37
11  50
22  34
6  31
16  31
18  43
11  30
44  15
14  22
6  42
24  8
18  28
18  11
7  48
6  35
49  42
43  17
7  29
31  22
36  51
41  39
40  35
31  25
11  50
36  22
30  9
32  43
31  36
37  11
12  45
29  27
19  13
51  21
45  5
26  20
41  31
33  5
36  46
16  7
51  39
28  46
20  50
41  44
27  51
18  14
19  27
28  38
48  47
38  16
34  44
18  6
6  10
29  9
32  26
41  42
30  35
17  16
13  47
36  49
30  9
7  16
21  28
11  19
16  42
49  13
49  15
18  14
37  5
30  5
49  28
8  18
19  36
7  38
14  20
49  30
27  20
20  49
15  28
48  43
31  32
21  36
11  25
11  17
15  30
30  41
27  18
23  9
16  26
16  33
40  13
31  41
30  47
50  42
15  25
41  43
17  13
14  19
39  28
48  37
7  39
20  46
43  38
46  17
5  23
26  9
49  25
48  29
12  47
41  19
44  9
19  42
34  41
11  26
20  38
48  33
45  19
22  14
31  24
30  46
39  36
12  51
23  41
6  15
27  40
15  19
41  22
23  46
10  37
50  13
49  23
51  50
38  14
43  43
9  7
14  45
8  40
15  50
5  34
43  17
38  31
40  42
6  30
35  38
50  7
22  27
34  19
38  43
21  51
14  32
35  18
45  9
51  47
47  46
15  31
30  50
33  10
13  32
8  32
27  12
31  51
15  21
5  7
25  19
19  10
22  22
35  40
43  25
17  38
47  7
26  22
20  14
19  14
37  23
17  33
16  31
36  6
41  8
40  42
24  9
12  17
20  6
27  44
19  35
33  48
41  16
35  22
50  48
47  8
38  49
47  26
17  26
49  23
6  44
25  16
24  12
13  9
26  36
34  12
13  33
33  48
10  23
8  51
20  10
36  19
15  50
41  17
25  21
10  21
26  36
11  33
8  15
37  5
16  20
32  7
32  16
7  45
48  45
31  18
37  19
23  34
48  22
28  48
29  6
46  5
39  8
10  45
41  27
40  44
27  46
46  5
14  13
40  30
10  44
43  38
27  20
44  35
38  13
23  24
25  21
16  28
12  27
26  40
50  24
20  24
7  17
18  34
27  7
48  19
38  19
25  12
18  7
43  17
44  48
39  21
9  36
47  7
38  25
39  44
50  45
50  11
28  23
31  20
18  16
28  43
15  37
34  28
32  43
42  7
29  37
28  20
9  24
13  35
24  20
44  46
29  15
37  21
21  21
9  29
11  24
11  25
39  15
46  5
30  14
20  15
32  35
28  48
49  29
34  14
29  48
23  25
18  8
20  35
42  22
47  13
19  32
42  15
12  17
35  11
40  10
28  6
23  20
14  18
23  16
13  14
13  39
48  38
37  44
9  43
15  12
19  46
9  26
6  9
41  24
32  24
38  43
42  47
28  43
35  24
