24  26
18  30
6  20
43  41
29  10
49  33
49  25
33  12
5  43
19  5
25  47
46  49
7  7
36  22
6  49
33  26
48  21
34  38
35  51
45  26
15  30
48  27
21  14
36  12
15  9
32  19
37  36
24  19
37  19
39  35
5  30
20  12
32  15
24  26
8  13
48  38
7  26
43  11
51  50
44  19
31  41
16  7
43  28
11  51
49  35
23  36
36  46
13  49
17  24
37  26
18  13
27  23
34  23
50  43
22  43
51  26
9  47
28  31
6  38
5  17
8  29
9  50
14  15
31  42
34  50
11  26
17  48
14  27
11  6
45  30
22  28
44  25
30  26
27  44
15  49
5  24
32  42
18  25
44  16
23  32
39  49
42  17
14  14
29  51
38  44
15  19
27  47
27  23
5  40
26  50
11  7
23  15
49  5
30  51
25  51
11  40
50  50
39  13
27  5
48  31
19  6
48  41
15  26
13  36
40  9
44  41
45  43
18  17
20  41
5  31
14  14
14  37
25  24
39  8
33  28
14  28
48  32
44  30
49  34
22  42
51  23
50  20
45  12
6  33
31  32
22  48
22  35
6  29
12  38
6  50
23  5
19  9
25  48
34  44
22  32
49  48
6  44
20  5
28  23
48  22
26  28
34  34
6  35
47  22
18  42
50  34
49  9
47  32
26  17
15  26
8  24
18  49
14  7
29  13
22  16
27  7
14  31
30  32
44  44
32  51
12  40
25  46
11  39
48  18
23  15
36  35
20  31
11  36
17  49
29  20
17  15
16  47
24  16
17  30
24  5
49  21
10  6
40  47
51  43
33  14
8  41
19  43
10  14
21  38
36  13
23  9
24  46
7  28
46  32
49  42
16  19
45  25
12  27
25  48
50  5
31  12
17  42
37  14
27  47
36  40
18  22
9  35
44  43
49  33
43  7
28  35
44  12
31  36
25  44
19  46
46  45
40  14
22  26
51  12
24  23
51  34
45  48
22  29
19  24
46  17
31  26
11  19
10  48
5  33
25  42
9  20
12  31
41  38
18  43
6  39
31  38
6  20
7  22
17  29
20  7
31  23
39  45
41  38
48  33
23  28
14  41
24  47
27  27
45  25
34  45
8  13
21  48
14  26
6  25
47  32
44  36
33  33
6  39
9  36
10  6
21  7
25  11
12  16
32  7
33  11
21  24
7  40
9  33
34  21
17  47
26  44
17  14
11  11
39  24
36  20
11  38
50  13
45  19
32  41
28  20
44  13
13  36
46  26
31  6
7  16
48  29
20  17
27  40
12  14
31  36
37  21
40  21
29  36
10  14
48  39
33  32
43  47
19  20
41  7
32  17
45  34
5  45
11  27
51  37
18  11
20  20
18  8
35  44
7  26
11  33
31  30
39  21
12  28
8  51
16  48
15  23
23  25
37  10
24  6
41  32
18  11
32  33
44  9
49  51
18  12
51  32
39  51
5  17
5  40
51  51
38  31
48  41
22  26
12  20
45  32
38  29
47  16
37  28
38  23
25  12
15  51
17  32
36  20
34  27
49  31
11  42
21  23
29  18
39  44
43  14
21  19
9  14
9  39
30  32
31  34
43  20
50  49
35  38
44  20
22  9
24  17
45  43
30  49
42  16
39  37
10  29
5  9
8  35
9  43
41  49
39  5
49  46
23  22
20  8
11  5
32  20
31  34
35  13
10  17
39  46
47  47
38  48
15  28
5  24
8  49
15  36
18  17
23  27
10  50
47  11
33  26
40  5
25  7
29  43
48  51
16  23
24  17
26  25
44  11
35  46
41  26
44  21
34  15
33  8
43  23
38  17
23  25
25  14
50  43
23  44
44  6
50  34
36  13
7  35
15  12
14  13
50  24
49  27
32  11
18  11
41  47
21  5
22  26
37  43
16  15
29  29
11  29
21  9
41  40
47  10
23  38
12  49
16  50
23  10
18  23
35  26
45  8
48  31
24  39
34  18
7  22
11  19
10  30
39  24
8  10
7  31
10  23
27  46
12  16
40  45
49  5
33  11
49  23
21  20
36  21
25  10
41  13
17  46
50  35
8  48
20  48
33  34
5  43
26  7
8  31
8  45
36  13
27  21
40  17
42  38
12  51
45  17
20  7
35  34
7  25
49  47
19  31
20  51
18  34
46  45
33  45
40  8
44  18
44  16
47  44
14  23
12  11
8  42
24  25
42  38
25  51
14  24
39  49
31  32
40  5
47  16
24  13
31  20
49  9
33  34
18  33
50  22
45  5
48  9
43  24
35  6
17  47
14  48
17  43
23  33
12  37
24  11
28  14
6  29
37  36
15  24
41  21
16  7
40  50
36  44
36  45
29  21
23  7
46  16
11  7
51  30
23  11
46  29
16  12
37  16
38  21
20  7
13  30
22  51
32  31
14  30
5  14
44  37
43  25
13  49
48  45
37  14
19  5
42  48
32  24
16  23
36  7
11  33
32  51
40  9
34  29
19  5
23  50
16  45
28  37
50  47
46  11
9  8
24  14
38  43
15  45
20  8
34  49
43  23
31  26
7  32
46  10
8  44
25  21
9  48
47  8
49  33
41  42
18  13
11  21
6  17
17  32
25  21
51  45
39  26
43  46
43  23
29  28
6  51
22  9
41  5
8  9
51  50
32  10
41  12
13  28
27  22
22  47
16  22
36  12
18  22
38  46
37  50
31  16
14  17
19  42
37  15
40  16
33  40
32  38
10  41
35  11
21  16
11  25
19  46
15  21
36  7
43  19
50  40
48  41
10  22
17  36
46  14
26  39
27  15
26  32
14  20
43  24
37  6
51  39
49  37
51  7
49  25
21  32
32  31
23  30
51  20
36  20
14  43
16  5
20  10
22  36
44  10
9  47
47  44
25  13
42  15
12  35
12  8
12  12
21  19
10  19
44  45
21  30
17  16
12  15
47  23
5  23
44  43
19  12
9  39
22  49
26  37
16  32
43  22
21  11
10  29
36  40
39  16
18  46
20  48
35  42
49  8
43  7
9  26
22  51
22  18
35  15
31  28
19  16
12  5
14  47
46  29
37  12
34  42
51  28
12  34
7  36
45  35
5  16
7  47
11  44
24  27
45  50
11  18
24  51
5  44
33  14
24  27
37  11
42  30
50  6
29  7
11  28
24  43
49  28
48  12
51  43
5  22
27  12
15  13
28  10
35  5
41  34
43  48
8  30
19  26
8  23
49  10
23  12
7  30
34  21
14  18
29  30
11  8
37  28
9  42
37  47
18  10
29  50
35  40
41  32
24  9
15  17
25  36
32  38
15  51
17  20
23  17
22  38
23  36
31  17
7  39
43  39
45  19
16  28
31  40
44  35
14  46
50  19
32  14
51  9
28  8
51  44
11  9
6  51
40  49
51  31
11  49
21  19
36  50
32  8
30  27
6  9
35  15
34  48
27  34
44  28
29  14
10  35
38  30
29  21
15  34
39  6
15  11
32  12
14  26
18  31
16  21
6  30
39  31
9  50
42  39
10  9
33  6
47  41
30  13
14  29
48  43
41  8
27  13
43  45
23  14
37  10
42  45
8  25
34  23
51  22
27  32
34  16
41  41
5  46
36  49
25  45
37  13
29  50
39  31
36  31
15  37
37  51
10  10
50  9
48  12
49  12
42  31
25  13
27  46
20  27
7  25
31  26
22  12
33  19
16  31
41  46
37  18
44  21
33  20
33  21
24  47
48  50
22  8
16  44
22  51
16  8
45  16
27  13
31  18
48  24
17  46
5  33
10  32
12  46
19  16
41  39
15  22
32  14
38  14
37  45
8  38
38  48
34  51
10  35
28  14
36  26
34  26
32  35
38  26
12  37
48  13
48  10
48  10
27  7
24  17
24  11
33  16
32  30
39  43
22  46
30  22
25  29
46  29
15  51
36  13
8  23
36  6
22  5
49  51
44  16
37  36
21  9
17  32
11  36
21  28
27  16
13  28
11  28
15  13
33  7
38  31
20  48
48  35
15  16
51  37
18  39
39  45
9  41
47  19
16  15
48  33
34  36
17  50
16  6
31  41
45  35
43  46
29  36
44  47
43  18
43  24
14  42
24  25
40  45
12  39
15  46
9  18
43  6
47  14
19  47
44  14
41  41
16  31
33  42
18  50
36  44
17  25
15  40
18  31
46  8
49  33
17  33
39  24
50  9
24  21
37  44
17  13
21  47
45  18
29  20
38  46
36  27
46  49
25  34
14  28
22  37
17  26
42  50
22  46
14  9
15  27
22  18
36  12
40  14
30  37
15  20
25  46
42  23
32  28
7  37
26  36
38  49
42  41
32  38
15  20
46  19
29  43
24  26
36  46
27  30
33  51
20  34
33  17
42  27
30  16
14  21
47  45
43  27
15  23
12  15
31  28
9  22
23  5
25  35
46  30
38  48
51  11
51  49
45  25
23  39
49  33
10  48
21  43
47  26
35  30
42  10
29  32
18  33
13  31
7  25
22  33
37  48
13  46
32  25
38  22
16  28
49  9
26  16
25  37
33  15
51  47
16  11
