10  35
40  16
11  31
5  43
12  16
42  41
37  8
35  37
51  7
26  47
41  43
9  25
47  14
22  19
32  41
13  45
29  36
32  28
49  19
46  22
29  47
23  41
17  42
44  23
44  44
38  38
30  28
17  45
40  14
12  36
7  34
8  48
27  48
43  13
22  49
7  15
26  18
21  12
39  43
48  14
18  41
36  28
23  46
28  44
30  10
6  27
14  51
22  37
37  24
48  40
43  50
35  12
19  32
15  38
28  19
20  34
47  32
31  19
51  13
36  42
25  38
31  15
10  46
28  5
11  29
38  49
20  15
39  48
9  12
16  27
14  19
9  18
27  29
37  34
35  45
10  32
29  6
11  35
49  15
51  47
14  16
49  19
40  25
39  47
49  47
39  20
13  12
21  36
42  29
17  44
35  25
33  9
32  16
20  12
41  22
50  17
15  10
29  22
25  5
47  45
29  16
37  5
20  23
9  17
28  7
12  16
43  5
44  6
7  5
8  50
8  24
8  35
17  31
33  17
8  48
46  23
23  37
8  49
51  7
46  35
26  15
40  23
41  7
28  6
24  46
42  26
42  17
25  26
50  12
24  26
25  50
50  47
29  27
11  48
11  35
15  32
23  27
9  8
39  12
28  46
22  45
7  13
46  23
12  21
16  21
34  7
23  24
9  6
28  39
21  30
36  32
15  40
29  11
10  24
8  15
21  16
31  42
23  5
43  29
5  14
6  31
5  41
45  46
19  49
18  14
49  26
18  29
38  46
32  19
31  26
13  23
23  6
27  47
10  8
6  21
19  21
50  12
44  14
40  23
48  31
47  42
18  38
39  25
23  21
41  18
42  30
38  21
14  14
15  7
41  47
21  43
22  15
46  37
31  24
28  24
8  40
38  36
42  47
50  48
41  25
40  35
9  40
19  45
50  16
26  8
5  47
48  25
13  11
7  46
15  14
31  7
51  13
25  33
41  8
12  38
20  51
8  49
35  9
23  45
51  40
12  22
41  20
6  23
13  44
17  18
24  40
33  14
18  6
13  45
33  34
20  6
21  38
31  46
33  50
44  14
5  49
44  25
34  28
11  32
35  20
6  9
6  32
24  16
50  21
14  39
51  37
49  44
16  14
34  21
6  8
34  43
32  10
37  36
42  12
31  9
35  33
8  27
11  46
17  25
22  12
9  25
26  43
25  22
36  46
43  10
8  14
27  27
13  48
37  8
9  43
41  41
22  14
23  39
11  37
17  34
42  36
7  35
46  21
34  45
33  25
42  43
36  7
30  34
45  28
24  41
51  7
21  28
26  23
25  44
26  13
31  21
42  48
33  24
41  14
33  8
38  38
18  39
41  37
23  18
49  14
12  22
36  10
31  12
25  17
13  51
35  49
42  42
33  44
22  29
32  16
9  10
29  5
15  25
31  33
36  24
24  7
11  28
30  23
41  38
37  36
38  11
31  43
13  12
37  20
31  9
14  37
32  51
45  36
18  25
34  51
28  51
9  40
30  5
5  38
10  9
15  25
41  9
47  49
31  25
26  41
32  25
17  15
15  11
40  47
28  29
25  5
43  14
24  51
44  15
10  34
48  23
48  49
15  25
51  8
37  13
32  28
29  37
50  7
44  29
34  36
11  45
32  6
37  36
24  13
20  28
45  36
15  15
21  42
50  6
20  20
15  45
32  47
21  26
12  43
43  30
14  29
51  13
18  24
39  39
50  19
23  37
44  15
35  10
18  21
35  25
21  29
14  13
44  39
35  43
27  7
45  50
43  30
10  23
36  41
10  22
28  17
19  13
7  34
30  30
51  30
31  34
49  45
22  17
18  47
29  30
41  5
42  51
19  7
10  44
23  27
40  11
5  35
51  41
8  44
18  40
25  9
14  51
38  51
13  26
47  47
7  5
23  24
8  25
40  41
25  6
48  5
20  9
51  13
47  46
45  18
24  25
23  41
29  32
14  22
25  45
19  23
16  34
32  40
34  33
20  9
20  7
42  41
21  17
39  18
17  7
41  16
17  27
26  14
33  44
34  12
40  26
30  19
48  18
15  49
33  33
48  7
42  47
22  38
48  13
10  38
12  22
25  13
20  39
10  48
38  8
40  24
12  50
6  51
42  50
5  48
9  17
33  23
34  30
50  10
14  8
41  33
33  51
39  20
13  43
45  26
19  29
10  38
49  23
12  8
27  29
12  36
12  29
5  46
47  13
18  42
11  25
48  35
27  21
23  28
9  45
11  22
16  46
25  29
30  44
51  26
44  23
33  11
14  41
27  51
36  51
22  25
19  32
45  41
12  5
6  43
43  50
9  37
36  15
46  45
48  12
29  7
6  13
24  13
47  18
22  39
10  35
32  35
40  37
37  8
51  45
11  19
37  15
5  49
46  45
25  50
12  26
50  21
33  17
42  36
16  11
20  36
27  27
7  17
20  48
36  31
29  24
12  42
5  13
24  10
18  24
12  44
42  33
26  24
25  47
49  10
9  27
23  10
20  21
39  40
38  40
24  23
38  32
29  33
21  24
40  42
11  28
23  47
15  50
5  26
48  14
13  51
6  25
14  31
17  38
22  38
40  13
11  49
6  16
19  50
7  40
21  15
51  7
11  14
10  13
41  32
42  50
27  20
10  43
9  21
46  7
41  10
33  26
15  21
28  34
20  51
12  24
35  50
30  49
7  29
17  24
34  50
40  49
34  22
40  11
45  7
14  19
11  5
14  28
38  41
37  26
20  5
15  18
41  40
40  46
47  24
22  31
12  47
9  17
46  34
8  34
32  50
14  51
40  31
47  21
20  31
39  27
40  29
20  33
47  17
11  30
33  42
42  30
18  34
20  5
27  39
26  5
51  50
34  15
30  6
43  17
8  38
34  7
16  20
23  32
48  22
24  16
6  41
6  17
34  51
11  5
22  5
20  5
12  16
28  37
7  23
20  20
19  22
11  27
25  15
20  25
32  23
38  6
39  35
18  47
30  6
9  29
42  9
21  50
47  7
21  38
37  50
43  42
26  19
5  24
13  43
42  19
42  6
26  23
11  28
41  41
40  25
17  7
14  21
9  17
25  31
29  25
19  27
37  36
50  45
28  27
19  46
29  49
42  47
46  6
37  29
40  43
48  35
13  9
36  17
26  40
36  48
42  29
25  24
21  44
27  51
26  42
46  47
15  33
45  7
6  11
37  51
11  40
35  17
15  31
31  47
19  49
45  20
36  21
22  34
34  42
51  18
51  11
25  16
51  5
43  30
7  13
27  30
10  44
23  21
42  21
35  38
45  44
17  16
39  31
28  26
37  8
16  31
16  20
33  42
29  11
39  34
5  13
10  23
11  7
45  8
44  46
28  25
11  44
40  18
7  35
42  39
32  17
12  10
34  24
42  50
14  36
23  35
16  31
28  20
25  43
47  31
12  46
46  38
5  44
50  19
31  36
15  37
11  8
5  26
12  25
51  24
48  47
48  15
46  20
6  38
43  7
18  46
44  27
35  8
40  41
30  45
32  19
48  46
20  32
8  17
48  5
48  25
28  16
28  51
51  38
30  50
6  46
8  45
22  27
50  24
16  21
5  47
36  6
48  11
16  32
51  29
14  23
37  31
39  11
8  26
10  15
46  25
23  29
24  25
16  31
27  42
39  24
34  7
12  51
49  47
43  22
46  26
15  12
48  43
8  23
19  23
30  51
11  35
51  8
45  30
39  42
29  50
6  22
24  27
11  50
23  5
38  7
30  40
5  33
10  12
46  47
16  24
49  51
50  13
49  24
48  43
8  30
24  38
23  38
8  10
33  27
46  21
13  27
12  48
12  12
18  22
18  15
14  10
36  35
20  46
19  20
7  50
50  31
46  51
13  37
44  19
25  38
13  12
49  20
25  38
45  17
8  50
46  14
40  8
31  29
7  36
45  36
21  34
19  48
18  10
34  15
5  41
51  13
46  19
23  12
32  20
28  48
32  30
47  22
34  37
28  35
25  29
25  5
35  43
41  18
10  50
21  6
32  11
24  20
8  40
39  14
49  11
22  25
12  45
29  18
9  18
28  46
36  34
16  24
43  32
5  41
42  34
11  18
44  40
49  30
27  15
45  48
26  6
10  38
18  8
46  13
42  7
25  17
46  19
26  36
9  23
49  48
23  14
36  45
14  43
12  40
11  23
43  28
18  19
15  15
46  47
22  50
7  51
34  23
15  21
34  24
24  32
31  15
35  11
37  43
43  6
35  41
9  19
43  47
14  15
43  50
42  17
43  42
32  41
12  11
7  50
35  16
16  46
36  13
27  22
20  12
23  12
49  34
18  6
42  42
32  39
45  34
33  20
26  38
18  29
16  47
48  31
45  41
14  38
44  9
30  12
15  39
32  16
11  35
28  21
44  12
45  29
10  51
42  34
39  17
14  27
22  29
40  43
34  35
51  17
26  15
18  26
42  9
51  45
32  13
22  50
44  26
8  28
41  26
37  15
43  21
17  36
15  8
48  28
10  51
24  39
42  33
43  38
30  44
28  39
38  22
44  38
50  50
21  8
34  29
20  45
23  24
30  18
6  16
48  5
38  36
12  19
17  23
43  13
19  18
5  41
34  46
25  51
25  24
32  43
10  40
45  7
9  47
30  10
20  48
22  45
31  20
32  6
35  28
6  17
10  9
18  41
38  7
9  11
27  21
6  28
5  9
35  19
26  25
6  44
37  20
5  51
38  9
32  50
14  24
20  51
20  46
20  17
6  43
15  31
47  37
39  9
20  41
41  27
11  48
30  49
47  13
27  28
17  17
27  18
37  5
10  36
41  23
14  51
19  5
38  33
14  34
40  10
29  30
10  8
26  42
7  17
50  47
40  46
30  41
18  8
39  43
14  37
36  45
5  37
36  39
16  33
19  23
14  21
7  18
6  30
18  14
41  48
38  24
33  7
40  14
41  31
22  9
49  48
42  38
28  16
10  20
10  42
41  19
34  9
16  49
8  15
14  24
47  18
36  21
19  19
5  34
37  27
10  12
22  46
19  25
44  41
31  37
33  44
9  19
9  20
17  27
46  20
37  47
37  48
9  42
49  23
5  26
9  22
21  31
33  36
40  9
44  25
9  35
14  51
23  39
11  32
48  45
47  6
41  51
39  15
42  44
6  51
35  37
41  7
17  25
9  47
38  16
28  46
34  37
30  28
17  25
26  35
40  35
8  29
33  18
6  28
12  22
37  33
19  33
5  45
27  46
24  28
15  26
20  46
27  44
19  16
9  48
37  44
41  41
37  6
28  46
42  36
45  16
32  38
41  44
7  27
38  32
6  35
44  31
18  16
40  10
42  43
29  12
6  42
8  23
7  51
22  37
35  16
47  25
12  14
44  9
42  21
39  28
48  13
23  23
31  35
32  5
18  31
39  28
35  40
38  22
27  8
42  34
44  31
8  13
51  38
27  42
42  39
49  38
30  42
18  17
19  43
7  12
28  43
27  19
6  33
15  8
37  22
45  46
47  50
38  24
37  14
45  46
6  33
33  34
28  33
51  25
51  51
7  43
39  25
6  32
16  15
22  46
16  23
10  51
6  47
17  50
25  16
40  19
30  39
12  38
47  5
22  25
47  14
20  27
28  50
11  42
14  11
12  31
28  51
19  19
50  45
19  50
7  38
41  5
41  31
11  45
36  40
33  45
20  18
49  48
34  46
40  24
44  17
8  22
37  37
39  35
27  8
24  5
33  45
16  7
42  30
31  32
51  31
46  12
32  24
6  43
23  20
24  35
30  17
25  44
19  28
6  26
41  24
47  34
13  23
51  36
8  20
5  25
43  10
11  51
26  16
51  39
32  12
27  51
11  11
16  30
6  28
9  28
18  9
27  38
9  22
17  42
32  31
45  25
26  32
37  33
22  22
6  46
50  36
50  36
20  5
45  42
5  36
29  14
14  18
28  50
20  23
49  19
28  47
33  48
31  47
20  27
5  12
26  48
25  11
35  44
29  9
32  29
50  6
39  17
26  12
20  8
23  30
14  30
48  5
33  34
38  26
7  23
10  21
47  25
24  19
43  49
16  33
43  18
30  43
6  39
16  23
32  31
10  47
11  38
19  17
10  28
32  11
5  41
38  16
7  48
7  32
24  45
47  7
8  46
37  20
48  25
51  51
8  20
10  38
43  48
33  14
30  14
44  37
8  24
33  23
8  11
47  28
26  49
20  31
47  30
24  27
23  25
32  51
50  43
9  22
35  33
26  25
12  43
39  15
13  28
10  37
8  32
41  23
35  39
33  48
8  51
38  24
9  10
10  28
39  10
5  21
6  42
14  8
22  9
22  29
5  20
15  11
45  38
46  13
24  22
31  38
40  5
16  9
51  7
13  31
25  38
8  43
22  23
18  49
13  44
28  40
24  33
8  19
46  39
32  44
47  48
39  7
20  6
15  12
37  20
48  15
8  23
19  48
18  24
6  24
34  29
6  33
42  23
10  26
23  27
36  37
33  9
48  6
48  40
32  31
39  35
43  33
50  15
28  9
41  27
40  10
40  21
23  45
6  33
22  20
39  37
17  43
6  24
24  43
6  39
19  47
20  9
34  49
14  45
12  47
25  36
21  47
23  24
16  44
10  18
23  35
10  34
51  23
22  9
24  13
39  37
22  26
33  27
18  48
38  43
32  44
41  40
37  29
46  22
12  8
26  41
44  49
38  44
17  27
36  13
10  29
13  6
17  36
29  44
8  43
12  39
15  49
36  34
35  46
6  28
48  10
8  41
29  49
36  35
25  44
48  13
32  49
39  18
13  23
11  32
49  11
31  46
28  10
40  44
8  27
36  45
38  15
49  20
43  50
10  23
35  5
9  33
33  14
51  41
8  24
28  49
6  5
20  13
17  13
12  5
12  13
18  29
46  43
43  41
48  31
48  26
25  27
18  49
23  6
33  34
41  22
37  24
50  45
48  35
23  24
23  43
39  45
25  19
36  41
11  28
10  20
10  15
12  51
31  40
46  50
11  21
48  25
17  27
25  22
27  6
29  44
14  26
45  23
29  38
18  34
47  7
30  13
49  40
15  10
38  24
17  13
23  9
26  34
7  44
50  18
11  30
7  47
10  17
38  23
46  40
8  21
9  7
9  42
8  9
7  20
44  7
46  48
48  32
21  30
14  12
46  34
6  42
39  17
30  49
14  36
14  26
6  28
33  43
33  16
27  47
25  46
12  18
20  25
6  21
47  39
45  16
17  19
48  34
47  48
40  23
29  26
39  32
45  10
22  10
19  5
8  17
38  39
8  51
7  29
37  29
45  43
9  43
27  16
20  47
6  40
47  7
47  33
15  22
49  51
34  10
37  28
8  19
33  5
50  37
20  48
39  46
44  10
5  24
34  6
8  48
42  30
20  8
47  8
15  40
18  12
25  8
9  34
9  34
40  13
20  43
27  37
10  27
22  28
23  17
34  27
16  5
25  26
43  46
25  44
42  36
20  16
34  10
51  8
49  22
51  48
41  8
41  51
26  18
51  41
9  49
47  36
14  22
11  5
50  40
47  25
42  44
11  39
12  36
36  16
12  15
16  50
17  45
31  33
16  36
25  39
30  40
20  37
31  16
48  29
27  37
40  19
29  48
34  27
8  51
42  24
25  47
41  9
30  18
34  35
38  28
45  27
17  44
35  41
46  42
18  46
22  34
19  8
12  12
30  26
51  35
16  30
28  50
7  40
29  35
8  11
27  32
36  13
8  21
29  47
48  13
44  30
34  33
14  40
25  14
28  29
32  15
38  37
13  20
31  16
45  13
40  20
24  33
43  48
19  9
35  22
48  47
29  20
34  6
7  47
24  21
20  13
36  42
39  11
50  41
12  14
13  38
23  39
33  10
20  24
12  40
16  5
39  31
7  47
26  10
30  29
26  48
18  27
37  27
49  33
38  6
6  39
44  45
31  9
5  43
18  35
21  13
46  8
35  29
36  37
50  20
33  20
50  12
30  41
33  44
48  28
48  20
28  6
33  24
40  21
36  39
37  23
35  44
5  39
28  51
40  31
48  21
9  45
50  8
22  36
34  21
15  18
44  40
44  14
8  36
17  13
22  33
27  15
31  37
28  27
37  44
14  42
23  30
37  39
51  21
14  20
18  21
6  11
15  5
15  8
43  22
34  37
50  44
23  45
49  17
20  46
36  33
49  26
32  14
16  25
16  13
23  21
41  9
36  28
51  7
30  6
12  40
39  50
24  6
38  50
20  23
9  23
11  49
12  40
5  15
51  26
31  50
18  47
45  8
43  41
22  14
46  45
40  33
42  13
24  21
49  51
38  22
25  8
48  35
18  31
20  17
38  37
17  5
13  15
20  49
27  17
37  46
16  16
12  30
39  11
41  38
15  39
42  30
46  48
13  25
7  38
46  43
33  43
44  21
10  45
7  13
46  8
45  32
9  11
14  12
41  19
51  17
33  15
38  30
49  20
25  39
35  6
29  48
10  21
21  42
49  46
37  10
7  10
35  8
13  31
6  17
26  40
23  39
12  9
8  51
33  39
37  47
12  27
27  39
39  42
46  16
17  7
50  43
23  12
38  11
37  40
39  45
10  22
42  14
14  34
50  28
7  39
11  48
28  29
40  11
20  19
44  5
18  8
21  13
46  37
18  33
34  50
26  10
41  5
37  23
25  43
17  14
11  26
49  38
27  9
22  7
25  5
15  6
16  14
30  50
17  29
41  50
17  13
45  14
40  43
23  45
49  40
32  39
43  26
9  32
32  26
17  36
23  15
39  50
32  23
25  19
24  18
38  42
40  49
43  49
42  20
50  19
33  8
30  28
34  5
8  50
26  41
23  24
22  11
28  33
12  27
9  31
24  41
32  20
49  51
46  23
14  33
43  45
16  6
11  9
44  20
29  6
28  47
43  31
22  30
38  8
51  22
8  23
51  50
23  44
37  51
11  40
43  27
45  21
50  30
44  32
36  9
45  42
49  45
23  29
27  34
12  17
17  51
9  37
43  42
5  10
21  14
9  6
37  23
39  51
24  30
29  7
48  48
10  10
27  13
21  38
25  27
45  44
32  27
11  5
39  6
11  22
35  24
39  23
10  7
49  13
41  25
22  51
20  31
47  15
25  20
29  45
21  39
19  34
49  44
22  8
30  29
51  38
28  47
24  49
21  9
6  34
17  5
12  44
27  26
26  13
34  36
47  39
21  42
47  26
46  19
19  10
30  13
35  19
26  17
8  6
12  36
21  40
35  51
29  36
17  27
10  21
42  36
19  27
24  30
22  27
43  8
18  47
26  36
8  40
31  40
28  20
31  33
20  37
49  6
11  46
33  44
33  26
42  47
15  30
40  5
7  44
36  18
17  46
6  47
11  43
30  22
13  45
42  41
5  44
6  15
44  35
40  48
32  31
46  22
9  12
8  29
22  15
42  42
41  10
34  26
19  28
18  27
28  14
34  36
6  30
16  17
34  33
13  23
19  43
38  51
18  42
13  6
38  6
47  35
15  49
51  30
7  32
16  9
5  42
35  39
46  22
22  21
42  19
27  32
34  15
15  23
29  27
39  34
11  37
44  16
39  20
47  27
47  29
22  20
35  43
17  46
43  45
48  9
6  6
40  43
48  6
32  7
47  46
31  47
30  41
47  27
34  38
6  43
39  25
28  5
40  20
10  43
37  30
48  25
9  16
21  15
18  24
33  51
8  51
45  8
5  12
27  26
6  33
34  6
48  27
11  46
30  41
23  24
32  30
21  27
22  31
35  10
32  19
21  38
13  44
32  5
42  30
41  45
24  41
18  18
38  29
14  33
14  18
13  20
34  10
38  22
15  24
10  11
6  39
35  31
10  12
19  18
30  36
23  28
31  31
13  23
26  40
51  9
29  49
30  10
42  41
26  49
39  37
8  49
36  9
17  30
8  24
44  27
32  17
15  20
6  13
28  37
6  44
38  27
27  46
18  32
18  46
46  37
35  45
48  51
48  33
48  6
16  32
13  41
22  38
15  37
12  30
12  35
44  14
42  40
37  21
40  29
45  50
24  27
50  6
28  26
40  13
15  49
37  11
7  34
27  14
31  51
32  26
15  6
50  34
23  48
13  46
25  8
46  51
17  27
7  31
34  22
10  16
50  31
24  36
51  35
37  45
44  8
30  46
43  11
48  28
7  8
9  51
24  29
23  49
6  31
12  29
45  35
39  23
49  48
14  27
27  28
24  51
21  35
29  6
17  48
11  48
5  26
29  15
40  28
50  34
26  10
38  48
9  39
9  44
21  43
16  40
12  12
31  26
40  8
45  12
39  20
43  46
39  17
29  21
38  9
20  29
34  34
32  39
42  7
39  38
40  22
10  37
30  20
40  8
24  33
46  47
22  39
19  18
28  12
37  31
11  35
19  16
47  20
46  40
49  47
43  14
16  34
44  49
25  19
17  46
27  24
7  17
31  33
39  42
28  30
41  32
5  11
18  36
28  7
42  29
34  32
28  51
47  5
27  5
15  35
42  17
29  50
24  24
8  8
34  35
34  22
13  24
44  27
6  45
29  47
20  35
47  36
15  23
10  11
22  36
50  25
41  50
20  17
40  42
50  21
7  40
41  32
39  43
25  47
15  32
17  38
15  15
6  34
36  34
40  41
28  20
35  44
44  6
24  10
39  25
20  50
6  43
39  41
14  25
47  40
16  37
33  8
50  28
41  28
13  14
43  32
42  37
14  46
46  20
10  42
36  24
33  16
50  46
9  21
40  48
8  33
10  22
25  17
18  33
13  26
40  27
26  39
50  24
21  38
39  48
18  30
50  8
9  39
27  10
48  20
16  48
29  10
10  26
28  33
10  9
14  31
28  32
29  42
25  44
47  33
35  41
6  37
16  9
21  27
13  35
39  44
46  34
48  30
40  12
23  38
16  49
40  28
22  15
47  24
40  50
40  8
9  42
39  49
12  8
26  28
45  31
33  16
10  27
8  34
43  31
13  19
29  27
17  35
41  6
19  19
33  34
9  51
22  23
49  48
39  11
19  28
18  51
13  38
20  41
41  23
50  40
30  46
37  18
18  46
41  29
39  41
17  40
25  9
38  29
8  22
36  15
32  42
37  12
15  42
37  17
51  12
48  51
15  26
40  14
20  17
18  5
18  36
8  43
9  9
45  29
11  31
10  34
26  33
42  34
40  47
29  9
20  26
14  11
35  27
7  50
23  29
5  26
20  37
35  34
47  23
40  30
51  44
14  49
34  13
39  11
12  23
27  21
45  10
32  22
16  38
22  47
22  19
6  44
28  40
11  40
37  36
50  40
20  33
27  34
36  23
7  37
20  41
43  26
23  17
23  30
43  22
17  17
32  8
41  51
16  26
13  28
19  7
27  5
30  15
23  16
40  15
50  10
8  37
17  7
22  16
45  40
31  31
24  13
23  40
7  25
31  23
14  42
19  39
14  43
20  42
50  29
18  22
38  38
46  9
26  35
43  17
25  10
41  49
41  34
9  24
10  46
51  47
8  51
12  29
48  21
22  35
18  26
41  27
46  29
37  28
14  37
7  36
37  44
14  40
31  37
29  6
41  23
9  6
32  51
44  20
23  31
45  26
8  16
27  49
20  22
14  43
49  22
48  23
10  5
13  9
43  47
49  44
14  21
44  51
42  25
34  29
46  21
26  18
44  51
32  10
38  31
16  22
5  37
22  14
5  28
35  47
23  38
13  39
46  46
46  8
34  8
25  35
11  18
48  12
47  36
16  9
25  21
38  39
22  36
39  46
46  31
48  38
25  36
11  29
33  38
33  20
41  47
26  25
19  39
22  22
26  9
19  40
6  5
24  12
8  40
37  25
42  32
28  17
23  7
33  24
46  15
18  24
23  6
11  41
6  19
51  11
6  26
45  44
15  27
32  13
48  28
18  32
42  5
5  40
43  24
5  42
37  51
29  36
43  18
9  30
28  6
36  46
27  19
32  37
18  22
33  8
47  31
9  23
32  48
47  47
49  42
50  27
39  25
6  20
39  23
42  36
14  12
22  43
19  30
5  10
46  35
17  51
48  14
40  36
33  10
27  31
45  36
33  7
19  27
47  34
43  17
17  41
45  33
17  7
36  35
37  43
30  43
41  35
21  36
27  40
41  9
6  47
23  18
34  42
8  34
46  35
31  49
16  11
24  37
21  34
23  19
44  48
16  10
15  5
10  15
37  37
27  26
32  21
27  6
14  38
35  44
16  17
5  14
44  20
13  37
39  8
22  44
48  46
36  11
42  28
46  26
20  42
42  27
25  10
31  35
42  12
49  37
12  49
8  9
49  49
8  24
10  38
14  16
50  33
8  38
11  32
49  28
5  24
41  10
41  23
29  28
12  51
13  51
8  19
36  41
36  15
51  12
14  39
31  34
13  46
37  42
5  28
23  38
7  45
48  31
31  15
47  46
13  9
22  32
27  28
27  27
45  50
28  28
14  11
51  41
8  17
13  19
5  13
6  33
12  8
37  6
21  42
39  15
19  28
6  51
15  41
9  51
40  38
5  7
7  8
37  18
40  6
37  39
47  41
45  7
17  18
11  20
14  43
15  25
25  25
14  41
50  31
51  43
40  15
13  16
37  32
31  38
45  16
50  36
11  36
6  17
20  16
38  48
40  7
17  13
41  44
18  32
47  25
51  23
26  26
15  38
34  43
45  17
47  25
33  35
18  49
8  46
28  25
40  42
48  11
26  33
47  30
29  31
45  18
14  20
29  31
16  38
25  48
48  33
33  40
34  20
36  40
49  45
42  23
20  38
16  21
20  32
15  45
41  11
22  31
33  41
29  41
29  11
32  46
30  50
45  48
37  17
7  8
20  44
50  12
29  23
25  26
8  50
40  15
43  6
30  41
30  7
13  10
29  5
51  51
24  39
20  30
50  26
23  22
36  28
35  6
30  34
35  7
30  30
47  44
33  24
41  41
16  41
37  14
27  11
20  22
48  18
41  18
24  8
46  25
46  40
16  16
29  28
32  35
36  25
27  28
10  12
35  10
41  23
41  12
37  11
46  49
7  45
22  16
47  30
35  43
34  38
29  17
33  9
50  16
31  35
18  38
10  36
20  49
16  39
12  41
9  7
24  10
24  48
51  38
32  25
24  21
42  6
13  42
26  31
44  40
23  47
45  51
22  14
40  10
47  37
41  8
44  6
43  18
22  45
20  45
39  45
46  49
31  17
11  33
37  20
15  35
17  24
21  30
23  6
24  16
27  6
32  14
10  9
6  11
14  51
6  41
16  23
44  16
40  44
17  17
49  50
21  13
22  27
45  23
14  44
40  41
35  21
10  12
9  14
25  18
45  28
12  36
50  18
26  19
19  35
11  39
15  35
28  5
50  28
9  12
10  31
31  24
33  50
5  5
27  37
11  7
48  14
27  18
13  14
6  5
21  33
47  5
25  50
10  30
26  8
41  14
40  26
27  46
31  40
50  28
19  6
23  19
29  16
36  30
17  50
12  46
50  10
51  14
48  21
47  17
19  17
15  29
11  41
12  30
27  7
48  10
48  40
39  40
8  32
26  47
24  11
36  31
32  13
45  44
29  49
38  25
7  37
28  35
51  20
49  29
19  43
46  51
22  29
30  47
41  12
8  39
7  19
41  51
42  29
41  28
19  23
17  7
22  35
17  7
10  6
41  9
32  33
7  51
38  21
28  23
31  38
42  46
41  8
38  46
29  10
51  48
40  34
37  39
44  37
40  39
28  35
33  36
42  42
39  17
22  41
9  47
37  5
32  20
49  23
44  25
39  31
19  16
20  31
49  43
20  43
34  25
32  18
14  15
50  27
27  20
20  51
18  20
15  44
32  21
34  18
11  25
31  43
43  36
39  40
9  32
17  6
37  6
21  24
13  40
7  51
17  17
43  46
23  23
19  12
41  7
18  48
43  19
21  5
19  27
39  24
24  31
37  26
36  40
7  38
19  33
19  46
26  20
37  40
24  21
36  50
36  16
50  17
32  29
5  42
31  32
21  31
30  14
41  48
29  48
7  30
30  35
6  32
15  17
18  48
7  15
50  49
44  35
29  14
17  26
34  46
40  42
25  46
34  40
12  11
24  36
28  43
36  21
28  22
20  6
46  13
20  48
46  51
34  20
41  27
9  23
45  42
32  26
41  40
51  43
30  11
26  11
15  13
7  38
6  34
45  38
5  47
22  33
37  30
12  12
51  36
13  51
33  46
36  14
44  36
23  33
36  12
21  44
34  32
39  15
16  22
12  25
44  48
24  39
44  13
13  15
31  24
20  44
31  23
32  21
23  24
44  13
43  49
27  50
18  44
26  27
5  6
19  27
37  36
11  45
8  48
38  21
42  27
33  50
37  14
36  17
28  14
35  8
34  35
36  8
24  41
48  30
20  47
39  39
11  15
21  20
27  48
14  36
25  45
44  49
11  26
17  37
9  6
45  31
45  22
23  21
43  47
19  38
19  46
12  25
19  11
33  51
50  16
43  21
16  7
17  35
35  12
40  32
6  40
34  24
48  31
21  8
48  29
26  14
17  51
47  23
8  48
21  15
14  30
43  19
44  5
24  41
39  36
13  45
30  5
51  41
10  10
23  28
29  34
49  41
29  25
26  22
45  27
34  42
21  22
24  17
13  28
50  30
10  35
45  23
49  17
43  40
27  25
51  50
43  21
6  50
19  18
31  19
42  46
32  39
37  47
31  33
30  21
34  42
12  23
12  20
17  34
9  48
31  8
19  18
18  38
39  44
47  15
49  44
41  14
48  21
51  15
20  10
11  46
10  16
5  33
23  41
39  21
19  11
7  7
7  34
8  11
45  40
21  17
16  6
14  9
10  46
46  25
47  43
5  31
9  20
37  22
38  48
24  45
5  12
33  11
27  43
23  12
43  37
28  35
33  25
44  9
29  15
27  26
6  12
21  22
24  25
38  18
37  50
9  41
17  9
45  9
50  35
28  42
32  25
29  12
20  27
16  10
6  16
48  9
9  34
36  16
51  13
8  25
49  40
34  17
26  33
6  25
29  13
19  40
24  34
14  16
11  19
45  35
35  19
14  31
23  39
25  32
28  6
47  47
9  11
26  9
5  14
45  12
8  40
21  48
14  10
23  43
25  50
48  51
22  17
31  19
16  50
9  11
7  14
26  29
44  46
21  18
8  8
24  36
41  24
46  22
44  9
31  26
17  30
44  15
24  35
30  42
30  45
26  26
29  45
48  9
26  14
41  51
15  32
26  48
25  7
13  36
33  29
16  6
35  37
21  5
13  12
50  6
25  26
40  37
19  14
31  11
35  17
16  8
51  41
38  23
18  12
8  43
22  47
30  5
18  42
36  19
23  16
39  24
17  20
43  14
44  32
16  10
36  44
40  31
50  30
8  9
23  7
47  30
25  7
47  28
9  25
36  32
33  27
36  17
13  30
40  14
46  49
43  47
10  44
11  45
10  33
28  19
25  20
50  31
30  51
23  24
51  12
5  17
27  26
9  16
29  41
36  11
46  38
17  38
44  35
13  39
29  26
33  48
39  42
40  5
15  5
12  24
50  16
51  27
28  27
37  15
5  37
41  6
29  46
10  51
6  44
34  31
13  21
10  43
39  11
10  45
23  48
6  18
46  6
36  38
36  42
38  16
45  27
16  18
48  27
21  12
15  22
20  13
27  47
29  8
45  12
12  16
25  33
23  37
49  25
36  39
19  31
50  32
34  23
13  15
36  37
20  35
45  44
32  8
41  22
16  47
33  28
26  31
22  34
5  50
10  45
24  8
44  27
6  5
23  39
22  28
44  50
48  48
19  19
50  39
49  29
34  43
18  45
17  41
14  27
47  10
50  45
28  24
46  16
38  9
19  26
11  26
41  13
17  18
31  5
38  27
28  30
9  44
22  8
49  21
22  33
22  15
33  49
8  21
51  37
45  38
37  7
23  32
42  9
49  40
12  7
17  8
22  19
43  43
7  10
41  20
20  16
37  49
50  37
36  39
34  30
25  36
49  45
36  29
34  36
38  33
48  13
51  33
15  44
5  11
42  32
27  7
16  38
29  11
44  45
21  22
26  45
37  35
26  26
41  23
28  23
6  17
13  51
36  17
12  26
20  19
20  36
9  36
15  32
18  9
18  22
35  38
43  25
19  45
43  14
47  29
23  48
34  15
16  29
46  39
33  35
36  5
42  24
11  22
45  28
7  21
33  35
12  32
31  51
29  16
45  46
19  9
17  15
6  39
48  38
11  14
18  34
28  19
51  35
50  50
5  18
17  11
29  48
35  10
6  50
46  30
47  46
50  17
20  34
10  35
25  12
28  44
7  9
28  42
30  46
32  22
48  45
25  51
19  20
24  8
11  9
15  19
46  22
29  7
40  21
22  43
20  16
34  44
15  28
24  51
7  33
12  8
20  46
7  14
37  19
6  11
31  14
38  15
46  12
9  44
9  38
19  41
23  43
44  13
51  20
43  23
12  7
39  31
27  19
24  19
17  50
44  21
35  23
46  51
47  46
43  46
46  33
22  7
49  7
48  15
26  30
32  42
22  34
38  7
35  20
29  35
10  10
39  41
23  18
21  43
35  47
8  30
16  15
26  51
10  46
10  26
14  33
5  11
28  46
20  15
43  48
22  13
23  14
32  49
15  34
42  34
24  17
21  37
34  45
16  49
20  28
29  27
11  15
5  48
17  46
50  14
21  7
51  12
45  14
8  25
7  5
48  16
33  29
29  13
37  39
35  39
40  19
33  43
41  25
5  44
24  32
17  17
39  33
6  28
49  24
17  5
22  31
31  33
33  27
25  38
19  36
13  48
18  32
22  45
47  18
23  51
51  6
42  49
21  19
14  46
29  18
51  8
42  9
21  38
19  20
48  5
22  25
8  16
28  22
29  27
24  25
47  33
43  39
14  23
23  27
45  24
44  11
32  22
15  34
