7  46
51  26
32  5
15  47
40  38
16  30
38  12
37  8
44  17
35  12
27  50
41  12
7  35
5  10
34  30
27  26
39  48
35  6
22  27
35  12
12  6
6  35
11  20
43  20
50  31
9  28
18  35
14  40
48  29
45  10
25  47
6  41
30  19
33  33
9  18
19  33
40  25
25  10
38  27
31  20
5  26
13  30
18  49
16  16
24  50
27  13
27  21
26  48
47  34
19  51
20  25
41  33
11  45
36  5
32  38
21  12
41  26
16  42
25  38
34  24
35  51
46  39
5  50
19  6
16  15
13  29
47  18
34  38
41  31
35  36
36  6
47  46
48  50
48  33
34  5
51  9
25  44
11  20
50  51
28  18
40  31
50  40
50  18
33  13
45  19
48  28
25  36
40  37
49  19
46  42
7  8
28  33
20  38
37  43
37  5
36  27
39  51
9  50
15  49
26  8
44  31
9  9
15  21
38  41
31  26
45  12
35  19
11  50
42  28
44  13
39  27
13  18
35  40
15  41
32  46
8  45
28  47
23  37
29  43
39  6
35  51
11  50
29  11
25  51
11  36
43  41
19  21
45  27
9  51
6  16
9  47
11  46
29  46
22  17
28  25
33  22
46  6
5  37
20  7
9  22
31  26
6  45
28  50
17  10
33  17
15  17
31  48
39  32
13  47
11  40
45  10
34  38
39  26
15  31
18  31
12  38
23  46
51  45
48  12
33  14
30  36
40  28
45  16
41  9
46  37
17  6
8  26
40  21
32  35
51  43
45  25
46  35
19  44
32  31
20  35
20  41
46  27
38  38
32  45
14  26
11  19
23  33
37  18
8  49
33  48
21  49
9  42
49  48
19  46
27  12
14  26
7  42
31  13
5  11
14  43
10  34
35  48
14  15
41  7
27  18
29  39
13  23
18  26
22  5
25  30
29  49
9  19
27  23
42  34
18  36
50  38
40  49
15  33
42  23
15  18
35  37
38  42
14  25
18  17
40  48
33  25
40  23
46  43
23  25
19  24
45  44
36  37
18  14
39  49
36  7
35  34
37  32
33  31
21  45
50  12
10  8
33  7
19  23
23  34
50  20
36  43
28  40
38  25
14  12
13  33
43  32
11  6
17  7
12  48
36  13
12  36
46  33
31  42
39  25
36  27
25  47
17  47
50  42
21  32
28  41
37  47
11  8
12  48
24  13
29  46
9  50
18  20
48  12
19  29
26  22
16  26
12  18
33  10
41  24
22  35
35  10
10  15
7  48
9  36
48  46
22  36
35  12
7  43
33  36
36  42
27  31
25  24
5  32
24  8
21  18
25  33
11  23
7  41
25  47
40  32
25  14
17  33
17  51
38  47
38  24
46  31
39  28
9  24
28  9
11  10
30  51
37  19
51  40
45  22
44  5
5  18
30  10
45  44
22  45
24  35
20  25
10  24
14  40
12  34
43  11
35  45
35  20
15  20
48  17
28  28
27  22
7  14
44  5
38  27
35  25
24  39
44  12
14  21
30  18
15  41
28  7
51  50
22  44
27  51
7  27
38  37
47  6
47  34
34  13
16  31
37  40
46  9
46  28
9  24
46  6
50  13
30  16
18  51
21  39
48  50
50  29
38  41
45  20
30  12
35  29
50  23
16  45
7  28
21  8
7  35
6  41
26  42
35  23
43  23
51  27
22  29
48  25
29  36
41  31
11  46
28  49
22  30
37  20
21  25
49  45
19  26
25  24
19  39
45  22
19  28
13  34
33  30
27  13
9  34
22  18
29  22
49  45
20  8
32  47
19  21
30  46
18  46
15  39
44  13
33  42
25  50
16  50
6  27
46  24
18  33
43  35
21  9
49  34
15  47
9  40
13  37
46  50
30  18
24  50
42  43
21  49
13  21
16  42
6  28
5  35
33  12
26  51
38  35
26  49
34  22
33  33
35  8
36  19
25  48
49  46
22  8
6  6
35  21
10  16
44  6
37  13
27  21
31  16
44  50
5  5
8  18
33  49
24  40
48  20
33  31
47  15
20  47
43  27
7  30
8  38
45  41
27  34
22  28
12  34
43  10
19  45
24  23
34  5
18  36
34  41
48  21
17  46
45  35
43  31
44  36
16  50
51  24
24  13
5  50
28  21
9  26
35  34
38  7
12  23
12  37
27  5
27  14
46  7
25  20
34  20
49  33
44  17
32  12
22  6
7  19
30  36
21  9
46  12
20  26
20  49
48  49
16  28
12  27
16  46
8  6
22  42
31  39
40  25
50  35
49  5
11  14
41  27
38  42
35  31
26  30
28  44
16  48
20  44
47  22
11  7
16  34
43  17
49  19
7  12
24  47
25  11
30  29
36  45
39  21
17  30
36  40
12  29
44  8
24  16
11  20
6  43
17  19
22  25
35  48
44  37
43  8
46  27
11  47
41  35
12  18
11  48
43  34
7  40
30  34
29  17
38  46
38  22
26  39
11  16
18  46
49  50
39  46
18  29
30  51
47  39
50  44
7  21
22  50
36  34
6  33
8  14
16  6
45  32
43  28
29  41
16  45
45  29
40  50
44  13
40  33
18  19
42  40
36  23
15  9
43  28
26  43
28  20
42  50
42  44
47  42
17  38
29  19
9  32
26  9
8  42
27  37
47  7
30  41
9  27
5  23
31  34
11  34
27  11
47  45
34  44
33  26
24  16
50  24
29  42
17  42
31  11
42  33
6  20
39  37
50  23
15  13
33  13
51  40
6  9
43  25
13  40
26  24
32  38
35  16
33  12
38  7
42  41
32  40
51  18
38  45
25  47
47  45
17  18
22  47
22  20
26  32
5  47
5  46
5  50
32  33
40  25
21  36
7  21
19  10
26  32
32  49
11  31
49  28
43  14
15  15
34  23
30  6
13  10
38  24
22  25
22  46
17  41
12  46
31  39
11  50
34  35
15  28
33  28
20  6
15  30
27  13
33  34
34  11
16  13
47  17
14  38
12  49
27  11
41  46
35  14
42  28
47  50
33  11
35  32
20  27
8  37
43  13
18  24
5  34
50  9
7  24
5  32
21  25
36  34
12  40
20  32
47  22
32  12
39  21
19  27
47  38
20  12
35  6
36  22
31  41
27  6
17  38
51  50
21  9
23  34
51  34
7  34
44  6
26  49
19  21
5  19
47  6
7  32
33  47
31  19
46  22
50  26
25  38
41  26
17  21
47  17
19  8
41  26
34  13
42  31
16  10
7  41
23  20
46  30
36  49
26  6
43  45
50  21
13  21
38  26
17  16
43  10
46  14
13  11
11  34
42  25
30  15
41  45
43  7
9  16
25  13
38  14
47  10
6  23
50  36
34  23
23  43
22  23
42  43
44  14
27  32
22  20
41  20
13  35
48  28
8  16
46  21
47  34
38  13
38  49
48  12
47  26
26  22
22  16
35  16
13  44
35  29
30  32
24  49
37  22
31  14
10  44
40  27
32  28
43  10
33  15
11  9
18  22
33  12
37  22
18  26
34  13
10  6
46  19
37  43
38  45
46  44
19  13
51  48
26  44
7  7
25  42
32  7
33  21
15  32
42  9
32  10
17  31
42  26
46  34
35  29
24  50
11  50
49  33
28  47
31  16
12  16
41  9
36  25
32  42
13  47
21  9
12  40
10  30
40  51
13  18
16  29
30  32
13  33
44  24
50  31
29  21
32  36
39  6
10  16
10  15
29  42
21  12
21  38
15  48
23  31
21  25
27  41
32  16
6  20
49  9
19  39
26  36
10  50
45  47
50  31
45  42
31  31
9  50
29  30
24  14
8  38
30  39
26  48
8  8
30  6
13  47
24  15
24  45
26  46
30  26
19  42
35  38
49  48
6  24
12  26
11  38
23  36
32  45
12  30
24  5
7  36
30  15
5  9
35  48
41  46
36  36
16  12
19  42
8  34
27  45
11  12
31  5
25  24
49  29
33  7
7  26
26  36
40  23
33  18
40  22
45  16
28  43
13  19
8  49
45  30
23  36
15  33
49  29
5  38
23  33
14  49
22  32
20  42
45  12
28  51
33  24
41  11
44  43
33  47
11  28
42  39
15  36
50  25
5  23
10  41
29  17
27  43
40  8
41  51
11  17
6  18
23  33
46  24
41  40
36  14
43  26
40  43
30  31
11  24
16  49
28  43
51  39
6  43
36  21
51  48
25  38
22  27
11  43
26  50
48  15
12  41
48  12
11  32
44  16
16  45
36  6
31  25
42  14
34  14
26  17
40  8
28  50
15  7
6  31
24  10
42  35
13  41
37  47
43  31
47  48
48  45
28  10
49  23
40  35
26  32
49  31
23  15
25  35
44  8
41  36
48  40
40  51
50  21
35  17
43  37
6  24
34  29
32  31
17  45
21  41
39  25
29  12
13  37
46  38
44  19
33  15
11  26
16  38
25  49
33  27
23  18
34  11
7  48
46  32
12  15
15  38
51  47
13  20
40  5
44  25
46  8
36  45
42  37
22  50
44  20
41  24
47  24
11  42
45  17
15  23
41  25
44  25
13  10
46  40
26  44
28  42
28  42
43  30
34  18
28  29
8  47
21  18
12  44
13  49
48  32
46  51
26  36
36  28
22  34
33  39
22  34
23  41
8  24
23  33
43  14
28  8
39  50
46  18
43  25
8  5
7  29
12  21
34  41
43  42
32  11
44  36
44  49
30  15
46  30
25  23
10  21
36  7
18  19
51  24
34  36
19  27
36  50
20  39
28  40
48  40
20  31
5  38
40  43
19  35
33  24
36  6
46  30
30  47
49  44
19  19
51  20
22  37
5  47
9  26
47  34
51  50
41  20
46  22
34  41
30  41
49  44
37  47
34  23
13  37
37  45
39  42
38  49
11  12
24  45
40  25
10  26
47  25
41  39
12  22
26  22
30  18
38  49
27  16
13  36
50  17
17  14
29  28
18  17
20  44
48  45
45  44
32  13
38  40
6  11
35  17
48  48
26  29
10  36
41  8
23  22
11  40
24  16
38  34
10  11
41  29
42  18
17  49
46  44
10  42
45  28
22  29
27  49
20  51
19  7
26  7
20  7
18  42
38  32
50  28
28  36
12  13
40  46
23  46
28  16
17  30
50  42
47  31
40  43
46  22
33  15
14  29
19  6
13  25
17  39
24  44
21  8
49  42
41  33
18  42
15  17
26  18
11  6
7  16
38  47
12  6
31  21
17  26
20  51
31  5
31  31
12  48
39  12
36  11
36  49
12  41
35  18
51  30
48  43
45  44
41  21
23  13
15  7
44  36
13  26
25  19
40  20
14  44
13  17
21  17
11  17
38  27
38  34
25  47
31  19
35  6
28  19
11  11
13  33
11  26
49  18
34  51
35  46
16  32
26  17
39  28
46  19
10  18
29  37
32  32
34  24
14  40
36  18
24  24
42  38
18  46
23  9
38  24
33  27
37  12
34  6
47  47
21  22
41  43
33  49
13  49
36  41
20  8
39  30
15  24
40  12
34  48
22  9
36  40
44  12
39  5
17  42
13  42
25  31
45  10
36  51
36  37
18  49
22  43
34  37
9  33
7  15
33  33
37  22
28  26
5  25
16  45
16  32
50  39
26  41
46  31
7  15
22  42
36  7
39  28
37  16
48  36
50  45
17  25
29  43
35  32
23  42
30  5
18  24
43  9
15  49
43  24
39  8
28  7
44  20
51  18
34  44
15  51
27  43
47  47
24  40
43  27
44  43
34  23
12  35
27  5
33  36
37  32
41  34
34  31
29  48
37  35
45  51
22  22
25  16
15  23
34  28
12  6
32  11
13  34
24  8
11  31
43  51
18  34
34  5
42  25
31  36
42  13
51  35
15  17
31  34
25  43
27  15
33  7
10  39
30  51
23  47
30  49
48  17
9  35
15  17
42  15
44  8
30  26
37  45
28  35
24  49
11  50
37  31
49  27
48  46
49  37
18  21
29  43
29  24
21  41
50  6
27  38
30  30
47  23
31  25
50  49
32  8
13  21
24  27
10  40
7  9
10  47
9  27
46  26
46  43
43  24
37  34
35  18
43  35
8  21
28  25
7  22
32  33
48  10
28  26
6  11
11  27
35  32
27  5
19  31
47  39
9  31
7  48
51  47
6  7
47  41
37  27
30  25
11  49
51  15
37  48
48  7
13  26
40  38
20  8
11  23
45  20
24  40
34  51
21  27
10  38
21  8
48  24
49  18
12  12
13  8
28  19
16  11
10  30
49  31
33  25
48  23
18  29
27  45
41  37
34  18
18  33
9  40
10  32
10  46
15  39
44  17
36  50
48  30
42  8
15  26
13  34
23  13
38  15
46  44
43  42
15  5
29  7
36  11
25  46
10  48
20  33
43  44
34  27
17  20
21  17
44  27
40  48
46  16
32  7
10  21
20  12
34  25
38  16
8  25
5  36
9  46
35  18
21  27
39  18
28  28
35  27
33  46
13  42
11  9
27  51
18  50
46  12
41  18
44  11
41  36
49  51
17  12
38  13
41  7
49  8
44  43
33  50
49  46
23  45
22  47
47  48
14  45
11  39
22  29
6  18
49  13
38  30
19  21
33  37
18  11
8  47
46  32
23  27
49  12
14  48
26  51
34  10
10  33
7  5
36  29
39  35
11  24
37  49
24  46
29  29
18  36
43  46
27  42
44  27
37  8
35  12
21  17
28  25
14  41
44  51
40  20
22  9
22  40
15  45
38  40
9  13
37  50
24  45
25  28
51  38
39  51
20  21
10  36
30  37
22  48
32  7
37  14
34  22
48  35
38  35
47  8
10  12
14  21
25  35
37  34
41  48
19  41
31  18
34  44
7  40
9  30
30  27
16  22
39  49
18  5
31  21
39  11
37  19
36  20
7  9
42  47
27  27
5  51
19  10
10  46
29  36
46  34
27  44
8  21
8  23
9  6
50  39
29  44
12  31
19  6
19  42
33  31
15  11
34  42
9  40
24  23
45  9
25  30
8  31
21  26
5  32
9  10
11  9
22  5
9  31
28  14
43  27
46  21
22  33
15  6
9  44
17  23
19  26
15  44
44  39
10  29
12  10
41  38
26  31
29  33
42  7
6  8
22  6
37  15
47  49
19  35
49  30
18  33
7  29
32  21
31  41
11  34
23  20
47  43
10  24
10  40
31  16
23  16
42  24
43  33
12  46
18  20
49  23
17  20
7  22
18  34
50  20
19  26
47  18
36  30
26  44
10  20
44  44
41  43
38  41
32  36
51  8
24  15
5  27
18  25
49  31
10  9
16  9
39  9
48  13
28  28
37  44
7  14
44  13
26  35
25  46
48  24
23  26
51  29
28  16
42  19
30  34
32  26
15  27
6  36
39  12
43  36
15  39
23  20
34  37
29  49
34  10
21  41
7  45
18  51
37  8
49  32
51  47
49  8
12  47
46  9
47  49
31  42
8  34
22  20
33  30
18  15
39  32
41  25
15  38
10  44
10  31
9  44
8  29
39  29
6  11
16  46
14  35
35  28
39  34
32  13
46  50
30  51
34  38
29  29
34  11
49  29
20  37
38  7
32  6
31  6
40  8
37  41
21  46
12  19
50  25
13  28
35  16
14  25
33  47
35  16
25  48
17  10
9  49
41  13
15  9
13  16
21  40
11  35
36  5
49  34
29  11
31  7
6  31
38  17
8  5
9  9
23  44
51  51
10  27
50  17
32  47
38  17
17  46
23  43
50  15
7  21
37  30
29  43
7  28
40  10
31  33
49  35
27  34
13  49
32  36
35  8
33  34
46  17
35  30
24  11
45  26
24  45
33  11
50  19
16  25
40  43
39  10
5  27
46  26
15  10
13  9
24  23
35  27
7  10
6  13
49  15
29  41
40  34
45  21
7  38
33  39
41  17
51  18
44  39
45  34
19  38
20  43
41  19
22  45
36  40
27  17
32  28
30  20
12  36
7  18
51  44
41  21
12  5
14  21
36  17
35  50
37  50
38  32
47  51
39  47
28  26
25  11
18  45
6  5
51  32
19  50
17  47
41  15
12  17
50  6
41  49
12  36
42  46
18  19
14  8
51  40
39  45
9  35
26  13
21  46
24  28
15  26
44  6
8  29
40  44
6  27
27  25
29  39
19  25
39  38
10  23
45  22
23  17
11  50
15  37
5  44
6  10
16  38
7  11
23  37
7  24
51  21
33  49
21  39
35  16
7  20
19  29
38  8
7  19
12  50
14  35
40  42
39  18
40  21
23  16
50  24
30  23
12  21
33  45
16  32
29  38
6  29
35  13
23  49
12  42
43  16
29  26
14  30
28  30
7  10
17  24
16  29
40  26
48  47
10  29
14  16
10  29
21  26
33  7
21  25
46  9
9  43
45  50
20  47
20  14
49  15
5  24
32  7
13  49
28  30
17  20
48  12
25  24
38  30
26  30
41  6
12  10
12  28
13  29
5  11
49  20
39  41
36  12
42  7
19  30
21  16
27  42
46  19
49  37
7  16
31  35
32  5
36  5
24  10
48  37
7  39
35  16
9  30
29  26
26  11
36  28
20  24
33  21
20  38
7  19
44  15
6  29
10  44
27  51
25  30
7  20
29  20
42  39
18  41
7  38
23  35
6  23
22  21
31  28
31  37
36  18
16  37
14  13
5  5
37  51
15  42
32  46
51  49
50  35
42  21
8  8
43  11
27  12
40  32
37  14
42  40
31  6
45  14
40  26
28  44
36  11
19  22
46  23
44  26
17  41
33  35
15  21
24  15
7  16
19  9
25  22
14  9
26  23
16  27
20  16
51  28
25  50
21  10
8  46
24  10
35  9
27  7
37  46
50  45
13  49
49  43
16  45
31  36
43  15
21  8
42  6
18  32
21  49
8  24
41  49
41  36
34  39
36  46
49  38
50  48
29  26
10  40
19  15
6  6
7  34
20  14
14  50
39  12
40  19
39  10
5  31
19  46
30  13
6  46
50  7
9  21
16  10
29  18
31  24
27  12
21  38
25  26
17  26
47  34
33  9
47  29
34  32
51  26
26  16
24  51
38  31
42  39
48  9
51  25
12  8
34  36
10  34
36  18
47  39
33  37
22  17
14  19
22  49
40  30
20  38
15  27
22  30
7  15
21  23
40  45
14  9
46  29
19  47
23  10
26  6
14  36
38  35
14  44
14  31
5  5
33  16
28  12
21  46
38  39
33  16
40  38
12  11
36  51
41  13
31  41
22  22
28  32
25  16
19  37
11  22
5  43
6  33
21  38
7  45
46  43
40  30
8  39
49  50
18  14
34  12
43  9
23  21
45  24
29  20
31  45
16  9
24  26
26  21
15  51
25  50
7  40
43  35
11  10
39  40
7  48
34  28
31  21
31  51
10  45
34  14
34  50
38  6
41  51
29  40
44  14
47  22
44  6
12  6
28  6
17  37
29  29
8  39
24  47
18  6
42  38
29  29
39  29
31  8
51  21
33  22
14  32
43  35
44  9
28  24
41  8
25  12
28  7
32  33
43  25
26  42
21  9
28  37
11  32
26  46
41  47
35  51
30  5
23  11
26  37
31  39
13  12
21  33
31  46
13  50
18  12
13  21
47  33
31  19
47  42
34  50
49  30
41  51
21  43
13  29
38  24
13  20
24  45
31  21
7  19
36  51
12  46
31  11
43  23
9  19
14  18
26  48
10  18
32  43
8  10
40  31
12  28
6  25
17  14
34  8
49  50
20  12
39  31
35  16
27  18
41  44
10  14
44  12
19  44
19  7
12  20
50  40
15  12
5  37
22  28
20  26
18  48
36  29
25  45
35  29
39  13
39  33
8  24
23  11
15  5
50  47
42  37
32  9
29  6
26  8
12  9
15  11
37  28
45  38
50  8
39  9
23  9
50  48
21  37
30  25
29  46
8  28
46  11
25  16
48  34
7  22
28  50
43  12
49  14
28  44
15  11
9  32
37  25
46  15
50  40
15  7
19  12
44  32
31  44
12  14
35  23
26  45
11  19
16  42
12  6
22  31
51  10
35  33
46  28
51  19
49  50
21  23
47  21
44  13
8  17
49  44
49  25
16  33
44  46
50  44
15  49
17  6
31  35
37  41
27  16
43  18
48  45
14  20
14  38
29  35
20  36
30  50
21  17
29  41
24  28
44  47
40  14
50  36
13  12
50  12
25  48
17  33
41  47
12  45
50  9
43  18
8  23
44  9
32  29
15  13
27  31
7  11
6  51
44  31
19  49
10  16
29  21
39  49
13  21
22  39
13  13
46  11
14  42
45  19
21  15
44  38
18  35
15  24
6  38
34  29
26  21
8  5
19  51
28  8
24  5
7  43
35  31
8  50
42  5
50  15
38  14
48  13
47  22
30  25
34  27
50  32
25  6
47  39
44  51
22  6
28  48
20  28
19  35
49  42
40  34
35  7
36  27
32  47
39  20
51  5
20  43
10  18
41  20
36  35
19  13
28  11
22  25
41  33
24  39
7  40
28  14
50  26
27  34
36  8
33  29
46  29
50  26
19  11
19  45
31  41
49  42
33  23
50  25
18  45
8  17
14  18
24  48
42  30
47  8
24  38
26  22
37  6
12  8
31  15
6  44
49  40
14  30
41  31
42  30
15  47
38  20
26  28
40  44
21  26
17  33
9  42
20  12
5  50
9  8
22  23
42  20
8  27
12  46
40  29
36  30
29  21
44  45
8  30
30  44
29  38
24  10
41  43
6  47
41  51
16  33
14  18
7  47
28  16
17  31
28  33
24  44
11  17
22  13
42  7
22  28
24  6
22  19
47  5
22  40
36  21
22  49
34  20
17  48
17  41
27  24
39  43
36  11
49  33
26  39
33  46
43  9
47  12
12  18
8  5
40  5
23  5
32  34
43  18
24  29
39  37
45  11
47  23
5  28
18  29
13  18
26  8
14  45
45  10
12  8
30  13
35  20
48  24
14  30
7  50
42  29
29  16
31  7
5  27
14  5
11  49
49  34
15  35
34  50
28  22
29  47
40  21
12  46
22  48
47  25
28  37
17  50
25  8
48  34
11  11
29  7
12  39
19  11
24  6
29  49
37  15
29  30
11  22
24  23
30  15
25  32
31  47
49  25
14  23
21  35
22  33
23  15
44  42
25  6
22  25
39  47
45  42
26  23
20  33
45  17
11  10
20  42
48  51
44  11
6  6
7  45
12  20
5  35
38  50
8  43
8  42
21  47
24  44
19  50
25  36
51  7
21  39
34  51
5  43
29  41
45  8
17  7
12  17
19  21
19  28
32  51
38  23
42  5
33  26
8  50
20  19
37  32
11  38
45  15
23  42
34  37
19  28
24  5
5  29
