16  23
49  17
12  44
7  23
16  29
47  32
35  20
16  15
29  6
14  17
41  16
34  49
29  9
19  18
28  18
7  15
30  23
41  43
23  10
24  50
32  51
15  39
5  12
18  21
14  37
35  42
39  46
12  14
22  19
28  15
42  46
19  5
33  9
13  40
12  46
42  20
45  26
5  47
25  16
12  35
22  45
21  47
47  45
27  27
21  21
25  38
47  29
8  26
15  18
36  34
33  37
12  31
28  6
31  36
36  32
45  45
23  24
33  23
35  28
37  31
36  8
41  22
25  29
9  9
18  34
31  18
36  51
14  18
33  36
34  6
47  40
27  33
8  19
11  15
26  12
26  51
30  37
42  42
22  6
30  22
44  25
51  5
31  35
14  38
15  19
10  5
14  5
7  45
39  37
32  30
25  5
35  19
49  25
31  6
31  21
16  29
49  23
45  15
27  16
31  47
37  5
35  25
15  31
33  45
30  48
35  33
30  38
16  44
34  19
32  43
22  17
34  39
20  41
46  7
13  18
43  10
34  45
5  7
35  40
18  36
40  8
21  23
38  49
5  34
11  27
33  31
22  42
15  24
49  40
50  25
43  11
42  32
42  6
35  30
43  19
41  44
51  43
31  48
37  13
23  30
5  11
14  38
17  27
42  6
16  49
45  36
24  49
44  16
24  26
30  5
9  27
11  6
39  29
34  11
12  27
17  29
41  47
39  51
18  9
8  46
25  43
38  8
20  39
33  7
26  47
50  30
40  7
17  36
7  8
51  27
20  6
34  38
13  5
40  33
16  33
49  30
41  17
28  44
46  5
48  11
21  9
35  7
24  24
47  12
36  48
48  27
14  35
17  11
22  24
17  25
41  23
14  45
19  29
18  30
39  23
36  31
30  37
21  17
36  46
45  44
20  17
38  23
44  31
8  11
49  50
46  17
35  17
18  35
41  51
11  42
50  25
10  5
33  6
11  49
34  34
49  13
23  18
20  15
27  13
26  46
8  34
19  10
50  51
32  43
14  6
17  41
36  38
18  49
41  15
7  20
40  19
36  31
9  46
33  39
21  34
27  11
10  44
23  26
28  32
11  48
25  27
26  26
50  22
8  42
37  8
5  21
27  11
16  17
25  32
32  17
8  39
51  21
7  6
25  16
19  46
33  16
36  15
20  35
34  31
8  49
26  15
33  50
5  48
47  35
31  51
16  25
17  33
24  20
46  10
12  11
10  34
9  42
21  36
11  17
26  23
50  25
7  20
29  32
29  22
23  49
26  50
20  26
31  51
7  5
13  6
37  31
35  8
39  43
24  8
15  30
45  7
15  39
27  11
28  40
49  6
21  17
50  19
8  12
38  47
34  45
22  21
9  12
27  48
33  20
29  49
8  46
45  41
32  27
19  13
44  31
5  23
7  50
28  12
40  39
43  40
15  21
20  18
37  46
12  45
49  13
27  24
11  51
36  43
27  9
23  5
48  50
45  45
21  18
34  5
38  7
13  16
42  28
17  42
38  33
28  49
14  7
19  16
39  30
21  38
51  39
38  28
21  46
49  19
40  7
19  38
18  6
45  21
18  32
43  8
33  44
51  5
37  18
48  6
42  49
27  44
24  5
26  45
7  6
47  50
15  25
39  22
33  22
41  14
34  31
47  27
11  33
21  18
33  15
34  42
15  31
17  20
40  35
7  41
47  33
39  6
34  38
27  9
50  7
17  26
38  43
41  47
49  26
10  33
48  15
37  18
34  21
48  10
15  20
8  13
18  44
43  8
41  24
22  16
36  41
40  9
41  19
6  27
42  29
7  42
9  21
20  34
41  20
30  18
30  20
16  36
48  47
7  27
39  44
15  17
36  45
24  28
39  19
36  32
46  9
45  37
15  21
51  42
31  51
27  42
26  20
17  49
12  19
30  37
19  44
32  6
9  8
9  35
18  23
32  45
25  8
5  36
9  16
7  30
32  38
16  49
32  26
27  12
17  42
20  33
7  45
51  19
20  13
22  27
11  44
9  31
15  27
26  36
47  47
9  32
42  31
28  48
24  6
19  48
6  14
50  44
32  23
24  50
37  8
35  32
40  30
33  17
19  50
24  16
14  5
40  42
46  14
32  36
6  15
49  14
29  20
18  44
37  21
51  41
29  14
37  39
46  35
34  45
43  35
46  41
40  48
9  37
42  42
36  50
40  21
10  19
37  32
21  49
11  15
8  20
25  20
38  43
9  8
46  24
16  29
33  48
9  49
43  10
32  29
51  8
16  21
13  17
22  25
34  18
32  49
35  13
20  29
11  19
46  16
44  26
38  5
30  15
51  26
38  44
5  34
39  49
28  20
47  44
30  42
46  22
32  38
16  32
29  38
51  8
22  29
27  37
26  49
9  24
51  12
43  25
14  33
13  24
44  27
49  9
47  20
36  35
27  42
22  44
20  27
43  36
29  10
15  19
31  25
24  44
51  49
12  33
47  49
21  5
18  8
33  50
49  29
51  12
17  42
7  26
49  5
23  7
8  17
22  6
42  28
38  35
39  45
37  45
29  47
7  37
24  47
45  51
37  30
27  46
51  46
47  11
47  46
6  32
5  26
42  8
29  44
39  34
29  43
19  22
12  5
23  41
48  36
46  7
38  26
21  19
30  24
39  40
22  14
6  19
46  41
24  50
44  20
33  37
39  11
23  33
18  44
13  30
45  37
32  39
24  27
37  23
20  16
24  31
8  11
50  6
39  37
7  41
49  25
26  45
8  10
51  23
15  39
13  50
25  42
42  36
21  43
7  31
13  11
10  14
22  13
31  8
7  21
27  6
9  29
17  12
24  35
13  43
15  6
39  43
41  15
27  10
20  7
46  14
51  36
12  50
24  16
43  47
21  37
14  40
26  18
40  21
51  23
31  17
42  8
47  51
44  32
27  12
28  25
34  21
11  26
39  24
20  14
51  43
21  49
32  17
48  37
42  22
36  18
32  17
14  5
20  25
15  32
25  43
12  19
35  29
5  42
28  14
11  38
10  21
6  19
8  39
45  21
9  49
8  33
39  39
23  45
30  18
8  29
37  19
43  14
50  20
37  20
13  10
21  31
49  25
21  36
10  47
16  23
19  37
51  14
23  50
40  25
31  7
39  40
49  21
35  39
51  51
23  23
24  27
42  34
48  17
47  13
50  40
18  38
41  38
6  19
29  38
38  21
20  12
28  7
7  17
39  10
34  43
36  25
5  35
50  49
40  19
38  38
13  47
37  11
44  48
38  36
34  48
34  5
23  15
49  51
22  7
9  8
32  49
9  17
41  28
14  41
6  11
20  39
23  49
44  30
38  33
16  46
37  28
25  24
51  14
37  38
13  6
34  14
28  8
44  48
37  8
36  41
35  46
29  51
30  47
27  18
18  22
50  15
14  40
22  40
25  31
31  45
8  10
12  24
15  28
29  28
35  19
16  5
8  34
37  33
23  28
27  5
48  47
6  42
30  26
5  17
11  35
49  40
12  28
35  32
32  28
37  49
6  26
44  28
40  13
36  15
14  34
49  49
44  5
13  22
25  10
27  30
46  27
46  16
13  17
40  37
8  6
39  28
39  20
22  43
19  15
40  10
35  28
31  47
27  24
12  12
46  28
8  50
41  16
15  46
17  46
21  37
9  23
38  25
31  43
46  7
36  36
10  13
32  33
14  23
9  24
34  37
39  47
35  38
20  13
51  32
35  25
17  9
5  30
48  16
39  36
50  33
49  21
18  44
47  35
33  45
46  12
22  29
7  6
37  28
19  13
33  5
9  20
37  40
20  13
21  33
27  19
20  29
18  28
28  43
32  15
16  41
24  11
24  26
28  18
25  44
51  12
31  30
21  15
38  6
8  42
45  26
10  22
19  21
18  36
31  30
10  22
50  40
13  8
49  15
37  15
11  19
8  33
8  47
44  35
11  11
44  36
6  51
35  9
12  50
50  39
33  5
19  37
42  28
30  49
49  31
46  16
6  18
34  9
20  47
45  31
33  46
39  29
40  25
8  38
19  10
14  26
26  25
31  50
36  18
28  13
11  42
40  33
41  27
42  42
19  46
31  31
22  50
38  43
42  14
23  9
39  43
15  15
22  5
51  23
34  34
22  18
10  43
12  44
38  20
21  43
44  9
5  44
28  31
11  18
47  29
8  10
10  16
43  6
48  16
37  35
29  5
9  22
38  13
6  32
27  17
40  23
17  42
30  49
10  33
19  44
10  16
10  16
37  30
48  26
48  40
17  51
16  32
45  50
32  22
19  12
45  33
18  33
14  26
31  5
20  51
43  37
18  18
45  32
21  15
34  37
28  31
23  39
23  19
45  9
26  39
47  29
26  21
43  49
50  38
42  13
5  12
40  31
5  25
12  23
6  35
51  5
50  11
15  44
39  28
24  14
21  15
22  8
30  40
27  11
20  35
15  10
10  25
47  5
28  48
51  12
21  27
5  9
35  48
13  46
11  12
35  50
44  46
15  5
26  32
27  30
6  28
35  39
28  37
30  43
51  49
49  21
38  48
12  35
27  44
37  47
28  7
27  45
49  9
40  25
7  23
36  8
7  16
15  21
7  7
12  6
5  24
14  5
26  23
48  11
42  17
43  23
7  36
20  9
14  48
28  22
45  13
42  42
35  30
20  42
8  18
37  46
21  15
46  27
39  22
42  19
43  37
21  47
23  16
34  8
26  36
46  41
51  33
19  28
25  17
11  12
6  24
15  7
30  18
51  42
31  20
10  28
7  44
40  44
49  16
29  8
5  43
45  37
26  24
13  40
29  49
20  23
30  43
51  30
9  47
34  45
20  19
25  50
8  18
30  26
31  7
10  49
14  40
34  27
22  29
16  17
42  39
15  7
27  36
15  45
9  45
43  33
40  37
21  12
15  28
35  24
51  10
8  13
17  9
17  14
38  37
44  25
7  44
39  42
24  31
51  12
27  37
17  8
15  44
16  27
10  29
48  20
16  6
21  10
6  41
43  31
17  6
30  10
11  50
25  50
27  23
39  11
29  46
26  28
35  37
13  48
25  47
16  13
17  33
10  19
32  25
33  23
8  39
48  10
33  47
42  37
21  22
32  16
39  35
16  21
41  51
31  21
46  19
39  19
19  24
36  27
16  49
14  11
31  23
18  43
38  10
9  48
37  31
42  18
29  12
31  28
17  23
13  32
5  17
21  33
51  27
43  50
44  43
30  36
9  6
31  47
45  6
42  36
49  36
39  12
17  20
32  29
36  47
30  45
48  8
32  14
38  33
33  5
12  36
17  33
26  29
11  40
10  26
5  10
45  41
15  46
25  8
31  23
38  21
9  39
10  11
22  21
36  20
10  25
15  49
29  39
20  17
17  28
32  13
25  34
41  28
42  51
8  50
13  16
41  42
24  37
43  8
21  37
27  28
39  41
38  6
22  32
42  15
18  11
16  11
28  43
13  26
13  39
26  17
16  15
25  11
21  10
20  38
20  42
35  15
33  45
27  18
36  48
48  38
34  29
25  22
20  22
22  46
50  39
47  32
27  42
28  50
12  49
34  34
13  7
20  34
11  11
14  42
9  11
14  51
20  35
22  38
28  32
39  22
15  20
44  46
9  26
39  33
11  49
51  30
12  33
42  14
38  39
20  28
30  34
31  14
16  14
31  45
44  42
25  22
43  11
19  33
44  11
39  6
48  6
51  24
32  9
19  6
51  22
42  35
39  45
11  7
38  13
43  26
46  42
28  35
10  32
34  12
30  39
50  44
42  15
5  11
33  29
20  38
15  42
19  30
37  17
19  13
37  28
42  14
47  47
20  22
9  19
30  30
7  24
15  32
5  35
5  36
30  45
33  49
47  7
35  24
35  7
23  37
30  19
12  10
30  17
32  29
33  25
25  41
31  50
49  13
16  39
8  7
48  48
22  47
44  18
6  39
15  13
15  20
17  39
28  37
37  37
12  44
15  22
19  37
29  22
11  24
24  35
44  32
38  42
43  19
14  38
37  21
14  8
13  45
41  36
29  34
39  39
14  31
43  39
26  14
14  14
29  26
22  5
43  25
32  36
17  25
26  32
41  5
35  30
43  26
8  47
25  41
38  7
12  48
40  9
30  5
49  44
36  25
12  29
10  5
18  16
51  25
50  23
47  50
23  5
17  28
19  13
9  33
39  5
36  34
34  17
28  16
37  45
8  48
20  41
36  18
27  23
7  39
40  42
28  21
43  42
25  41
23  19
18  11
5  7
10  25
17  12
23  38
51  33
36  49
33  6
37  24
43  5
34  43
6  34
12  42
13  45
19  50
49  36
7  44
36  21
43  51
50  28
37  42
44  28
35  28
6  15
33  30
14  13
16  50
7  19
24  25
43  21
11  21
51  26
16  39
20  43
14  10
10  27
20  30
23  6
49  26
49  20
30  31
39  37
6  30
50  18
24  10
35  14
25  49
40  32
39  43
37  20
28  34
45  31
50  27
29  30
18  47
18  5
30  20
10  8
17  12
39  37
38  50
17  5
17  49
43  13
24  17
41  23
16  12
28  11
7  42
46  10
45  41
15  9
48  37
51  49
47  31
31  28
6  14
23  7
8  32
31  22
22  9
13  45
5  15
29  23
17  29
10  31
38  19
8  11
40  27
16  30
23  36
23  38
10  17
5  47
36  5
25  45
45  8
11  33
41  22
7  5
17  20
7  43
38  27
44  44
31  23
7  26
30  45
19  26
25  15
49  51
43  22
50  7
16  28
42  25
39  44
28  48
9  10
43  15
8  36
41  8
5  22
6  10
8  22
22  39
12  15
44  51
10  6
7  9
15  23
24  11
41  36
12  47
42  15
29  17
15  19
50  13
26  38
25  39
19  17
7  24
9  46
34  49
13  45
5  5
47  41
38  51
26  7
46  51
16  32
46  16
38  19
30  24
37  20
10  44
28  44
21  27
18  44
17  23
35  42
23  27
28  5
7  20
39  20
24  21
20  51
51  22
28  13
41  30
35  8
48  38
26  48
16  13
11  19
13  9
47  38
40  44
47  16
11  21
16  33
29  38
15  33
5  35
44  25
8  12
21  5
22  50
16  5
17  25
33  50
6  47
12  42
39  46
41  7
43  18
6  48
51  49
32  49
49  32
27  7
33  10
44  32
45  29
8  25
43  17
46  22
41  32
17  22
18  21
22  15
18  48
44  23
38  26
26  31
49  20
27  25
42  46
29  13
16  10
12  28
8  15
26  31
38  20
11  6
11  9
28  15
31  10
16  18
19  26
5  9
33  30
45  20
19  50
6  37
42  11
34  28
51  40
14  12
33  13
27  42
38  19
24  39
10  47
18  48
17  6
14  19
41  7
9  21
47  44
36  44
30  36
5  16
48  6
10  11
50  51
23  44
14  44
33  49
25  49
27  7
18  45
12  32
29  49
46  23
45  48
43  48
50  12
46  44
21  25
28  30
15  32
36  8
11  19
38  45
25  8
14  12
18  18
45  6
44  23
30  36
28  25
33  36
31  36
5  42
15  28
27  7
44  9
42  6
34  20
9  5
31  21
19  11
38  47
41  45
24  27
19  45
49  40
7  11
36  38
51  20
11  46
12  40
42  8
50  46
6  30
31  25
43  43
23  24
40  50
39  25
51  48
33  50
27  17
18  19
23  50
40  22
35  21
14  17
17  40
29  43
50  19
24  39
18  19
12  12
36  14
37  29
47  25
51  45
31  48
41  20
47  20
39  5
37  26
50  25
16  46
8  47
5  44
45  6
20  49
50  10
20  51
13  49
25  16
27  49
7  26
12  13
27  17
7  45
16  48
38  11
47  35
32  43
5  16
44  35
34  16
38  17
39  23
12  9
23  35
9  38
36  43
38  48
17  7
20  37
12  27
27  48
41  5
43  43
40  7
5  29
38  33
14  12
48  13
27  24
31  10
27  23
45  6
14  14
17  25
10  31
30  28
31  46
39  15
47  18
13  36
48  37
18  26
42  6
46  25
14  32
17  24
23  38
5  11
5  18
43  48
18  47
23  13
13  13
41  38
6  17
31  36
40  20
48  40
10  8
13  10
24  19
48  36
37  23
15  17
25  45
51  40
13  18
43  27
41  9
45  26
51  51
37  19
22  18
25  39
5  38
35  32
31  26
35  46
16  7
5  29
44  34
18  13
6  39
44  21
20  12
15  31
5  50
18  21
48  44
19  41
33  32
18  49
6  39
25  19
41  20
17  33
42  44
21  29
33  37
20  46
18  31
27  45
31  44
27  30
49  30
47  10
5  46
24  43
31  32
26  19
13  12
20  19
40  39
27  40
45  16
28  45
42  51
38  30
12  23
46  22
40  5
20  39
35  21
37  23
25  47
6  30
29  25
10  31
45  39
49  33
47  15
19  21
35  16
24  12
51  31
41  27
11  16
18  17
25  39
6  19
21  22
29  22
14  20
32  18
34  34
39  13
6  27
51  18
19  23
11  5
12  26
37  19
18  31
39  45
18  11
6  24
41  30
12  9
31  11
5  13
12  10
26  6
19  48
35  46
14  40
15  47
40  23
36  8
49  42
46  33
12  40
5  7
20  7
44  27
7  22
44  50
23  47
36  51
15  40
45  41
25  22
18  43
23  35
21  19
19  20
50  13
34  41
21  6
13  41
8  13
11  30
19  24
38  11
41  18
18  47
33  38
51  20
23  22
33  30
36  19
47  9
38  36
51  47
33  22
49  8
46  11
13  33
18  51
35  43
18  43
12  6
28  6
18  27
39  38
10  39
50  21
13  27
44  16
26  25
42  27
45  14
19  44
30  25
26  51
31  38
24  32
34  47
25  5
40  12
5  33
44  28
39  9
16  33
9  11
8  45
25  25
42  15
33  46
21  36
10  40
50  38
47  20
46  18
17  40
39  16
44  11
40  26
49  23
48  40
19  8
31  43
40  46
17  45
36  44
31  13
10  34
27  36
22  11
9  33
12  18
51  49
33  26
42  47
50  25
42  16
27  6
33  8
46  38
18  37
24  30
31  48
20  37
24  49
9  22
9  47
43  41
26  45
25  14
27  36
9  43
48  29
18  15
19  31
28  49
32  26
13  27
12  38
18  10
47  9
40  12
17  10
38  23
21  30
7  44
41  43
14  18
31  15
17  45
26  45
49  13
33  42
45  31
22  33
15  29
42  17
40  43
30  39
22  9
10  19
17  41
47  7
37  31
31  17
23  33
21  36
18  45
18  44
18  39
33  10
22  44
43  31
49  6
27  15
6  16
15  15
36  11
33  6
26  8
33  27
7  22
43  10
17  50
33  35
23  31
9  34
46  20
15  30
40  29
37  25
16  40
26  10
35  34
16  15
8  35
24  47
11  43
41  32
23  27
50  22
32  6
14  51
18  42
40  16
21  32
34  50
45  22
37  51
18  44
11  35
9  41
28  5
31  10
40  41
33  18
51  22
5  35
20  38
15  11
45  48
10  8
9  50
22  32
8  46
25  49
49  20
17  19
11  41
13  31
46  11
39  46
13  9
12  40
18  32
7  48
9  40
17  23
34  17
7  37
48  21
42  50
44  15
20  25
46  35
17  5
45  35
31  50
49  27
39  43
49  5
37  29
39  7
48  34
14  44
39  25
41  7
37  6
32  6
17  18
45  45
24  38
35  51
39  17
23  47
26  34
26  34
36  6
28  47
9  38
51  20
5  16
47  39
36  46
29  22
38  30
11  51
9  47
49  26
39  10
31  20
39  25
8  37
38  43
36  50
17  26
43  20
50  39
26  20
44  12
33  21
49  12
51  15
41  22
50  47
51  7
28  40
21  25
21  48
24  9
9  5
32  30
39  14
41  16
33  22
11  26
12  39
22  43
40  38
48  12
29  14
33  29
18  46
14  29
13  12
36  9
18  51
50  36
34  50
29  45
16  25
39  13
48  14
44  33
21  39
26  11
10  28
21  5
47  32
35  33
7  41
39  14
40  13
15  23
16  6
6  35
35  35
26  41
13  48
48  11
37  33
38  26
46  51
45  21
20  43
31  50
12  27
8  7
38  23
22  42
51  47
45  7
5  23
44  33
21  20
32  5
17  8
42  10
26  34
39  50
42  40
36  36
29  18
47  24
26  8
50  25
29  42
44  18
36  9
15  34
46  16
49  30
48  6
7  24
29  12
6  24
34  14
45  42
46  5
34  11
25  30
49  16
6  29
38  34
44  6
38  43
51  14
44  41
11  9
15  42
12  34
27  10
47  31
29  20
46  24
32  43
29  42
46  44
23  51
25  6
8  42
46  46
32  51
47  27
14  33
9  9
6  40
6  35
27  41
7  30
45  43
15  18
47  50
11  11
39  15
20  6
51  50
17  37
29  13
33  14
25  51
23  18
43  49
16  42
6  26
30  26
32  12
43  7
19  7
8  19
33  34
41  5
45  40
25  27
40  40
47  27
22  36
49  33
17  43
46  13
12  19
30  22
30  24
29  44
22  12
46  41
45  16
25  23
50  20
24  44
42  14
5  48
29  50
41  24
11  17
48  38
31  22
25  48
13  9
27  21
13  34
22  49
5  38
24  16
5  38
43  48
15  10
51  50
19  51
51  42
44  6
23  11
13  10
38  38
8  46
10  50
13  16
42  17
6  11
34  22
49  41
15  23
34  26
27  9
50  25
9  45
29  8
14  37
23  31
44  31
31  30
49  12
25  41
37  14
14  39
20  41
11  39
26  25
33  30
13  19
5  37
8  38
47  35
28  15
26  42
37  50
30  18
20  50
25  31
23  45
36  39
29  27
30  30
37  42
28  11
24  49
30  8
20  22
47  35
39  35
28  15
17  12
28  31
15  19
5  43
22  10
12  13
50  35
25  41
47  24
10  23
16  43
49  16
43  30
31  20
36  44
21  50
30  13
30  46
47  13
49  18
9  49
20  5
9  28
12  51
11  39
23  43
22  27
31  41
51  42
40  45
38  21
31  14
31  6
30  28
34  50
34  17
13  27
41  34
48  49
32  19
30  40
46  38
26  7
31  26
30  43
12  49
24  35
35  8
14  35
25  19
40  5
26  44
26  24
45  51
28  7
38  51
26  46
33  42
7  7
45  22
26  22
38  50
46  8
25  36
23  41
25  31
49  9
30  35
21  8
7  12
43  24
5  46
20  33
7  6
48  44
45  17
24  40
47  38
9  25
49  34
11  41
37  17
40  18
39  45
32  23
51  20
46  9
13  34
51  49
7  17
12  43
7  6
8  16
11  20
20  7
35  23
24  8
50  50
22  5
16  9
14  11
50  21
36  49
27  8
48  46
22  35
46  34
5  14
41  15
7  30
6  28
10  49
26  33
37  42
22  45
15  10
22  38
30  43
10  46
44  7
12  42
16  15
33  30
23  24
19  7
29  23
36  19
26  12
43  32
48  11
41  47
42  21
35  7
41  31
14  7
33  36
22  40
7  13
18  36
51  33
39  45
27  15
36  27
36  5
20  44
19  47
12  16
44  36
12  40
31  30
37  30
22  10
14  12
27  38
44  12
5  49
32  30
38  16
34  39
14  31
47  37
48  38
47  32
51  14
28  45
34  22
27  10
49  20
44  19
26  48
22  6
27  14
51  12
47  22
20  7
47  50
25  7
26  30
37  35
17  32
41  51
43  24
51  46
14  28
5  43
47  22
11  7
7  6
24  8
5  26
7  34
42  51
25  27
44  14
5  36
29  38
19  33
7  36
7  32
11  15
7  7
12  42
33  19
26  26
40  22
45  6
28  27
23  26
14  34
39  6
19  48
11  24
13  31
44  26
9  12
38  35
32  51
9  6
46  5
50  16
38  21
50  29
27  11
36  27
6  39
38  15
16  48
9  42
51  34
36  25
25  25
7  26
37  38
50  36
15  37
17  12
49  37
35  20
33  27
27  11
22  20
46  14
32  41
13  27
48  38
21  35
15  48
24  24
20  41
38  39
23  20
7  29
30  36
28  28
19  32
12  14
12  32
49  38
41  41
5  44
19  25
39  31
9  15
22  50
28  7
50  12
14  12
36  26
39  5
7  37
15  50
38  33
36  41
45  48
6  40
39  11
37  20
15  28
36  34
36  14
5  32
28  5
45  27
25  39
30  18
50  6
51  43
13  38
43  36
28  29
49  9
22  8
27  51
25  51
36  27
48  12
33  40
24  29
48  51
22  44
32  47
36  44
33  33
47  25
28  31
12  12
19  13
43  40
16  18
10  13
20  42
44  18
32  23
32  25
42  39
11  28
43  14
29  37
49  13
13  26
43  29
34  13
42  39
26  36
30  33
31  24
14  19
17  15
19  47
28  36
39  42
13  6
38  27
51  32
24  29
51  35
23  20
49  16
25  10
20  35
10  15
35  46
33  49
21  15
47  37
39  19
25  8
42  39
13  36
46  26
20  31
45  18
13  23
14  32
48  13
18  24
14  48
37  21
28  5
51  46
44  44
34  7
43  51
12  14
41  8
19  20
42  23
27  49
34  41
40  45
28  44
11  30
32  45
30  43
8  29
15  16
23  14
46  35
50  31
45  15
24  30
10  29
21  46
10  49
40  35
18  5
40  5
37  20
6  35
14  20
31  17
26  13
50  8
44  18
50  10
49  51
41  33
16  10
25  5
13  15
33  28
33  51
24  18
27  19
46  24
38  14
15  24
38  31
24  42
12  21
18  48
32  34
26  47
13  15
27  20
40  8
15  36
19  8
17  42
8  46
13  48
9  7
31  40
32  9
7  34
45  44
45  13
11  40
50  8
51  16
26  21
16  24
7  17
12  51
42  22
39  9
5  17
26  13
29  43
12  11
11  20
36  30
20  12
31  12
39  13
11  41
29  37
25  28
36  35
37  18
40  46
36  41
15  8
22  22
36  31
27  37
25  44
11  12
43  34
16  48
46  26
36  35
30  45
43  29
47  46
9  38
12  22
29  14
31  50
37  17
29  14
20  15
7  11
27  8
33  8
46  34
46  37
10  24
46  18
42  32
41  51
28  33
11  49
47  42
39  20
14  34
32  13
25  49
6  12
34  41
21  34
22  28
45  16
7  45
23  38
26  12
8  47
15  49
10  26
43  49
43  6
47  43
44  51
26  14
30  29
37  35
22  17
22  16
23  25
47  20
12  32
49  34
40  27
25  36
20  23
26  6
44  9
8  30
35  36
40  48
20  23
15  46
32  49
43  39
21  24
43  37
33  38
41  16
41  37
51  18
39  13
36  38
38  24
29  36
5  11
30  12
16  17
25  6
25  27
17  32
27  11
31  50
32  49
8  31
8  7
24  20
15  41
49  35
49  19
25  18
15  29
40  37
8  40
20  50
41  37
30  22
25  26
41  45
46  40
33  13
13  46
41  28
24  18
42  13
47  38
5  15
39  19
17  21
39  22
22  23
40  34
7  12
33  47
15  16
27  42
15  35
46  51
5  17
49  45
33  14
19  31
19  18
17  48
51  7
45  31
25  13
21  49
6  50
46  39
9  20
11  13
22  22
6  14
24  19
19  49
47  49
45  26
37  49
31  39
10  37
48  47
13  47
20  36
23  44
24  28
25  8
51  27
44  15
16  28
49  37
21  43
25  46
38  35
29  42
15  50
14  48
15  17
31  39
25  37
47  37
19  17
45  49
16  19
47  42
20  8
34  50
31  44
23  34
44  23
38  42
15  34
26  26
44  18
42  51
14  24
21  39
7  5
8  43
23  45
51  42
23  13
36  44
30  20
35  49
47  44
37  43
23  44
5  26
38  11
34  22
30  11
43  11
6  15
44  44
15  18
16  43
41  28
28  26
49  40
16  7
45  48
12  50
11  34
27  27
26  38
24  26
6  34
28  35
51  17
21  11
37  48
49  22
23  12
15  26
35  34
17  47
33  22
10  39
6  35
18  32
29  15
38  30
46  19
48  14
24  15
34  16
48  50
35  22
14  38
11  25
36  26
13  6
42  49
51  15
47  6
39  49
25  29
8  43
37  17
41  47
38  13
34  24
9  47
9  24
51  47
38  20
14  49
37  5
21  12
43  23
15  35
22  20
40  43
21  40
19  34
14  27
37  9
33  49
36  7
14  39
30  34
11  36
9  43
36  9
23  33
13  39
44  22
51  16
31  25
8  18
33  47
40  44
35  14
31  21
22  30
25  6
49  24
27  22
16  15
10  50
46  24
10  46
16  43
6  7
18  5
22  28
22  36
5  30
17  33
39  50
15  17
21  29
43  47
19  32
17  46
42  47
22  23
38  9
42  7
17  12
34  22
41  6
36  28
33  26
33  27
44  16
28  28
17  26
44  11
47  19
28  7
50  15
8  47
20  44
37  47
44  51
48  42
23  42
8  22
24  36
8  18
41  34
20  45
8  46
26  23
31  23
12  21
27  50
35  41
20  5
25  36
36  19
29  20
45  10
18  23
25  44
20  37
5  38
16  45
16  26
11  31
23  47
34  23
46  43
12  39
26  42
12  39
26  43
8  28
47  48
18  34
35  50
38  48
5  12
41  31
39  11
31  48
38  45
22  30
48  43
21  30
28  11
11  47
10  28
36  9
5  49
15  35
21  50
20  28
28  20
14  25
45  21
21  32
46  23
37  48
20  15
26  34
13  17
34  11
34  7
31  50
25  33
15  17
11  48
25  49
16  40
49  44
33  48
9  32
11  35
42  8
8  13
44  19
6  31
26  9
33  13
15  42
8  31
23  6
5  33
8  20
50  15
48  41
8  9
11  15
39  22
47  23
26  5
37  37
29  51
31  26
22  46
7  42
44  5
43  42
21  27
9  30
43  49
47  49
48  36
15  46
45  31
25  36
32  29
51  15
13  51
9  43
38  30
37  36
26  18
14  7
21  48
8  49
12  41
38  24
45  17
43  41
23  28
46  10
33  15
37  17
26  34
40  19
12  50
34  35
39  25
14  27
14  43
37  26
39  25
16  42
23  6
14  19
47  11
37  19
8  41
31  28
37  5
13  9
47  6
43  20
15  8
46  49
27  44
12  48
6  28
28  17
39  39
46  41
43  10
14  16
10  14
44  47
42  47
23  46
29  31
9  18
49  10
8  14
21  50
31  41
32  28
26  27
18  20
10  13
44  42
40  35
20  6
22  25
11  14
13  18
46  21
30  24
46  18
50  47
41  17
26  41
5  37
50  22
47  42
14  22
29  7
42  38
7  31
22  43
24  31
49  40
17  18
24  20
29  7
39  41
21  22
26  13
29  26
36  24
7  41
11  45
11  26
19  5
22  29
10  34
30  30
25  33
5  25
28  5
6  23
32  49
43  31
9  50
31  39
23  10
27  25
8  28
19  33
39  9
37  37
24  33
7  8
28  12
49  23
10  15
8  10
30  40
28  14
5  31
47  19
19  6
19  23
42  27
10  8
51  34
28  38
35  37
40  6
24  11
15  13
11  18
17  11
46  33
31  15
26  6
15  14
9  35
18  40
34  10
18  17
50  45
26  9
45  6
47  27
34  8
22  29
33  32
7  13
25  32
36  45
24  6
50  10
48  44
28  6
30  49
36  5
42  46
19  31
28  30
5  29
30  26
37  13
16  28
41  42
29  15
32  14
23  23
21  13
13  28
10  38
31  18
12  12
45  39
9  13
45  21
51  43
31  20
15  9
36  21
22  7
47  46
51  7
22  39
37  22
37  24
29  32
38  38
14  9
17  16
36  38
7  26
22  39
34  11
5  50
10  6
30  41
46  9
15  45
32  29
26  39
20  33
43  21
43  40
22  31
49  17
31  23
38  50
9  39
16  26
24  20
47  29
26  39
5  18
10  5
41  21
41  6
18  20
45  15
29  34
27  19
22  20
15  33
43  32
43  28
15  15
22  15
39  35
18  9
49  50
41  10
51  10
38  8
9  43
33  22
11  11
50  8
45  15
21  17
29  23
19  51
42  17
50  11
45  41
21  20
41  36
51  5
34  27
29  45
23  7
40  47
29  18
38  10
19  40
8  44
22  50
33  23
10  51
16  26
48  28
28  27
10  39
28  18
32  51
47  7
13  20
23  49
17  37
49  9
33  7
8  16
10  17
16  26
19  36
12  40
6  15
17  19
45  35
32  7
47  43
16  19
17  40
48  33
44  34
48  7
27  13
19  43
17  16
46  28
27  29
45  35
10  22
7  7
31  19
42  6
46  37
28  47
19  13
37  9
8  43
13  17
21  51
40  35
19  40
44  35
9  25
36  27
26  9
12  27
17  9
9  22
22  20
30  6
49  9
41  13
26  47
14  43
9  36
42  11
9  33
16  33
10  37
10  16
13  46
32  46
44  46
40  43
41  39
15  20
49  18
46  39
5  44
23  32
45  41
18  26
9  40
17  19
20  31
49  21
51  29
21  21
12  22
45  27
48  45
28  40
8  26
48  18
35  22
37  42
49  33
25  34
27  49
7  23
50  30
41  16
30  48
51  23
49  7
25  6
11  22
6  11
23  13
25  6
41  47
26  13
5  34
35  5
20  38
21  51
42  40
13  8
49  44
13  10
35  47
10  43
47  11
10  22
33  16
37  21
8  44
28  40
12  6
34  48
51  39
25  45
51  35
31  5
31  5
33  18
12  8
30  7
31  35
37  10
27  46
36  20
44  46
30  20
43  5
31  39
23  22
50  25
12  49
35  48
28  31
47  41
51  44
14  13
11  36
51  35
45  48
19  11
50  51
43  26
5  35
45  25
37  38
39  48
10  50
17  7
37  49
48  11
25  17
35  35
10  20
41  44
23  19
5  46
46  18
6  21
48  49
19  31
28  42
8  20
19  13
29  6
12  5
50  18
27  51
23  15
46  51
24  45
40  19
46  22
10  10
34  15
10  42
16  40
10  10
11  43
29  42
9  12
23  43
6  31
8  10
11  46
16  14
48  17
14  37
37  5
25  44
27  16
9  45
33  33
14  22
45  23
31  29
45  32
39  33
12  40
34  6
28  50
12  11
48  35
31  5
39  24
13  29
24  31
47  25
30  49
35  5
42  26
14  35
6  33
36  17
7  46
5  42
21  21
46  28
40  40
29  23
41  37
9  31
31  20
43  18
38  25
17  8
22  39
27  15
20  16
45  47
28  17
42  49
46  46
12  8
50  51
19  28
21  48
30  17
21  48
31  7
11  35
24  21
6  17
44  22
49  42
13  7
31  40
20  28
12  51
43  27
26  36
39  51
19  10
26  39
45  35
35  33
44  26
34  16
10  16
14  12
11  48
31  5
10  8
10  7
28  24
34  14
17  39
40  15
47  37
48  22
42  26
9  14
8  10
23  13
27  43
23  25
37  13
33  33
15  32
25  32
50  22
31  21
16  41
23  23
34  48
40  34
20  18
50  23
29  17
28  9
34  19
27  13
16  31
28  16
33  30
47  42
24  29
43  35
30  49
46  8
9  19
18  41
5  25
25  5
7  31
30  15
49  42
8  11
38  20
43  32
17  13
11  7
25  20
36  30
44  14
39  17
41  36
26  32
45  17
39  7
31  38
21  49
38  10
37  39
25  7
34  21
51  40
35  15
39  9
39  16
51  36
19  49
37  49
37  18
12  51
17  8
48  8
7  20
51  38
12  7
32  34
43  43
7  51
41  39
16  49
47  33
5  39
14  6
10  43
45  21
9  45
33  11
51  49
19  21
24  48
27  33
27  48
20  48
17  6
43  13
24  22
46  16
13  21
16  50
9  32
28  26
34  50
41  19
33  37
12  21
27  49
9  41
34  19
38  37
20  38
41  5
29  42
42  28
6  22
17  14
19  46
45  32
23  46
30  50
16  9
36  30
23  5
10  32
30  13
36  13
20  40
12  50
20  20
19  42
18  45
28  23
16  18
22  7
14  5
6  24
11  48
15  25
51  13
50  30
50  51
9  43
24  21
31  8
12  21
10  17
35  49
15  50
32  32
42  11
37  5
42  26
14  8
30  5
47  32
48  19
50  8
11  51
24  47
50  25
44  5
17  43
5  27
14  10
6  35
15  17
17  41
50  41
13  11
11  6
44  51
44  29
41  21
43  29
45  11
13  7
9  25
5  31
7  42
15  48
15  6
12  7
42  27
5  17
50  36
13  16
43  16
29  16
20  38
51  44
38  7
49  24
17  33
50  36
25  33
35  45
13  30
26  33
42  11
9  29
8  15
33  7
41  39
6  30
38  38
7  16
39  12
26  48
10  45
8  45
32  46
13  48
25  13
12  6
14  14
34  37
9  25
35  47
29  25
10  44
38  41
21  5
29  47
30  48
7  39
39  42
35  38
33  15
39  29
49  29
38  17
37  13
26  39
46  21
5  20
31  27
13  8
49  10
47  44
18  44
31  14
45  21
29  38
6  49
10  25
45  32
37  21
19  32
20  13
49  13
16  5
38  51
21  17
10  26
20  35
35  13
12  40
40  45
41  33
36  22
30  11
43  41
11  39
30  19
27  19
34  19
8  42
32  19
33  28
25  50
47  25
44  13
37  10
37  24
48  22
30  29
6  26
21  46
10  35
15  26
10  45
24  40
15  12
32  46
12  28
35  51
5  16
42  33
44  31
28  20
27  36
50  14
16  21
43  6
50  30
29  12
27  41
44  8
45  37
33  36
25  47
38  47
36  50
31  20
26  21
5  21
23  5
43  51
30  32
35  9
7  9
7  33
33  47
19  32
6  35
44  17
22  37
44  43
7  14
27  44
27  40
30  17
13  34
40  10
36  42
8  49
23  38
32  25
28  36
49  26
48  39
34  27
33  37
12  34
48  44
8  30
15  40
23  47
49  15
18  30
36  51
16  30
26  9
47  51
38  44
36  22
40  38
29  38
26  16
5  33
21  48
7  23
29  34
21  41
41  42
32  11
23  39
24  5
23  12
7  49
25  44
20  15
29  27
26  9
48  29
51  47
47  41
15  16
10  33
23  5
34  44
43  37
51  11
22  36
38  46
39  51
8  42
23  48
36  13
26  44
46  5
17  42
43  15
20  13
33  33
18  28
39  35
10  8
5  50
15  13
8  46
41  13
11  44
11  49
51  45
12  39
5  13
37  15
51  15
48  34
24  38
42  49
14  45
41  25
30  35
23  46
45  35
25  29
26  35
41  30
48  20
49  24
38  18
30  41
10  23
12  35
35  14
15  16
27  46
18  36
28  50
10  7
28  15
18  19
18  32
50  25
33  42
51  22
50  25
48  37
42  27
37  17
33  16
18  43
40  33
35  36
21  5
5  16
16  41
15  27
37  17
37  32
29  22
50  40
33  31
51  32
34  40
31  20
45  34
40  36
38  24
36  45
22  51
37  45
20  33
10  41
34  33
8  20
20  46
48  27
11  34
19  20
24  33
23  28
19  39
32  40
12  35
45  9
51  49
32  23
8  8
40  39
47  48
5  34
23  24
18  9
6  43
37  26
24  41
21  50
23  27
37  19
48  47
44  18
51  22
16  28
9  39
44  39
34  24
48  21
31  21
5  10
35  5
24  29
11  18
20  42
43  12
36  22
45  34
47  9
30  37
44  38
23  31
8  21
44  45
26  38
6  13
34  47
15  34
51  30
26  5
35  17
40  23
41  5
13  19
31  15
48  9
37  39
22  13
21  7
44  47
26  39
13  18
51  21
40  33
49  28
21  48
51  46
31  9
12  38
47  47
14  40
33  19
22  23
37  48
39  33
18  27
44  6
10  43
13  31
35  22
37  28
48  48
30  19
27  23
28  43
26  12
35  5
41  18
23  13
30  6
47  12
37  43
12  47
45  14
5  51
43  35
13  47
21  47
18  13
20  17
13  45
48  20
21  12
10  45
5  44
44  26
24  16
39  31
5  51
51  21
28  24
13  35
38  40
42  6
26  31
36  11
41  45
31  37
43  24
24  32
12  22
18  39
46  31
37  16
25  50
28  32
46  48
29  40
17  50
37  41
22  19
8  25
44  19
9  50
48  10
43  31
32  34
46  36
6  35
49  45
25  48
24  18
10  29
40  39
46  5
46  10
36  10
35  29
51  19
48  14
16  20
16  29
7  8
5  30
38  31
6  45
17  13
20  7
8  39
39  10
20  32
24  33
40  48
19  10
14  26
21  14
17  38
11  13
11  38
50  9
30  34
16  38
21  28
38  50
7  9
12  45
10  14
37  40
47  40
21  48
50  27
30  47
35  10
45  14
17  17
25  47
9  15
40  15
13  31
17  26
32  14
13  28
25  34
47  44
14  46
5  39
12  36
38  43
15  40
43  14
33  51
44  7
12  39
16  15
48  44
30  23
13  48
30  22
34  5
5  38
41  19
41  28
26  28
19  41
42  31
43  18
15  12
48  49
28  28
29  37
12  9
5  49
45  11
21  51
48  34
12  50
35  7
7  9
25  39
7  37
10  36
34  43
18  32
23  22
22  37
46  15
25  39
50  9
11  6
5  22
38  32
33  27
28  6
28  27
7  43
15  41
34  40
12  29
33  47
37  12
11  50
38  22
34  22
51  21
50  49
19  19
36  27
47  10
6  26
12  35
15  14
49  37
21  22
14  15
50  24
26  20
42  37
42  6
12  48
14  47
44  33
38  15
13  22
29  48
12  37
35  22
5  38
24  50
35  14
5  17
21  27
6  16
22  8
14  43
9  5
39  18
35  9
15  39
6  51
18  51
36  39
20  6
50  5
10  6
49  27
20  16
12  50
34  15
23  26
46  25
13  49
26  19
36  38
34  42
13  12
29  50
43  10
19  13
30  35
22  29
31  32
29  45
30  16
49  43
11  33
33  10
17  45
40  7
31  30
48  8
33  18
25  14
36  40
41  43
47  33
31  10
9  30
32  50
31  32
34  37
38  42
21  31
50  12
42  39
42  8
23  50
48  24
46  14
45  5
51  9
32  28
9  18
32  5
24  35
47  27
38  31
32  44
12  15
14  17
33  15
40  41
25  6
41  5
13  28
10  33
36  38
30  29
38  14
34  16
9  28
47  36
28  45
39  31
34  15
30  36
11  30
30  21
24  40
16  13
42  47
20  6
33  43
51  8
32  30
44  30
42  26
15  22
12  10
39  10
14  39
21  39
29  40
49  51
39  12
45  8
44  40
10  19
32  35
40  22
47  41
24  40
12  15
37  39
9  26
8  49
29  40
37  23
12  36
34  11
42  12
40  8
50  24
18  39
29  17
47  24
33  28
32  43
10  33
31  15
24  31
5  26
7  8
42  47
38  26
31  16
47  31
37  28
48  43
14  47
30  5
14  16
38  28
22  8
47  12
50  51
8  32
29  44
37  45
42  25
29  47
30  34
34  39
38  47
47  31
20  22
24  7
49  25
39  13
37  36
31  28
21  41
37  15
9  22
25  51
47  23
22  15
28  28
47  46
38  50
42  49
45  9
12  38
38  16
11  16
14  20
22  11
46  12
9  28
51  30
8  24
46  22
49  30
41  18
51  48
26  45
16  37
30  14
45  20
8  7
7  37
21  46
22  47
43  17
23  32
33  6
42  50
40  50
45  5
44  11
17  36
47  7
26  39
51  42
41  14
9  16
49  24
24  27
28  41
33  17
15  36
38  8
23  40
43  26
50  30
30  9
29  22
19  15
30  17
50  6
18  38
42  44
25  33
45  42
40  49
27  6
15  18
50  44
26  46
51  11
25  47
14  18
26  13
14  45
17  35
7  33
6  5
5  33
16  47
36  23
42  44
7  18
6  6
12  36
30  24
7  40
40  25
44  16
16  13
14  51
37  22
42  35
48  36
9  50
8  22
21  46
36  31
29  39
30  45
8  17
29  6
49  32
37  27
6  15
27  16
38  25
49  48
7  25
15  23
36  22
5  9
51  45
34  9
35  24
19  16
5  35
47  15
26  10
13  16
6  18
28  41
8  26
40  31
34  20
5  12
9  27
8  38
30  13
22  20
28  5
11  42
35  31
20  48
16  18
19  33
24  17
39  7
31  28
47  40
36  20
39  8
18  6
7  28
51  38
35  11
16  12
46  7
45  11
36  44
34  22
14  15
46  15
33  40
16  31
5  21
20  19
49  41
47  28
37  36
46  18
31  24
11  33
11  48
48  21
33  37
6  39
50  35
21  26
44  44
41  30
6  38
46  18
31  9
38  13
41  51
41  36
30  9
33  25
26  46
17  43
26  33
47  43
6  13
28  51
25  21
43  27
49  7
22  28
46  30
51  16
47  26
42  5
48  40
18  39
17  44
39  13
23  33
41  34
24  30
32  15
14  12
46  40
22  45
43  10
49  45
30  41
18  50
43  33
24  23
14  45
8  33
40  15
19  29
12  17
24  41
19  12
28  31
30  50
26  37
43  47
51  5
9  39
37  32
49  20
27  37
7  13
40  24
50  29
14  13
43  23
7  29
39  38
23  28
21  11
14  15
12  49
36  27
16  16
24  19
41  50
12  33
44  43
44  8
26  39
6  49
16  34
11  27
11  30
19  45
13  6
35  35
16  45
29  5
9  36
6  23
34  49
33  43
24  32
21  33
37  23
14  29
27  35
28  49
40  47
15  38
23  31
15  10
5  9
17  48
51  21
32  24
43  12
49  9
46  8
44  12
5  6
32  33
7  12
29  6
47  51
32  48
18  38
36  49
41  24
9  43
19  5
25  10
5  32
44  51
38  46
48  44
51  41
45  31
34  35
21  18
6  8
13  25
42  17
21  50
5  8
50  30
20  30
38  17
44  20
35  9
42  25
35  51
21  26
16  44
8  22
15  47
40  6
40  24
15  51
31  18
14  18
10  18
21  9
47  8
50  44
19  51
22  11
22  41
48  7
15  11
19  20
11  31
49  27
28  40
35  51
13  43
6  35
39  20
24  37
35  16
46  37
20  37
47  12
12  39
23  23
41  30
46  40
33  21
23  24
36  43
9  36
28  6
9  38
26  47
19  42
46  37
41  38
37  23
26  23
33  5
49  11
29  44
44  20
35  16
26  43
40  15
12  47
30  47
9  47
44  49
39  32
17  45
18  37
39  8
30  49
13  39
22  10
32  22
14  8
20  10
43  25
21  40
43  46
8  40
19  7
31  22
37  45
46  27
16  11
18  43
22  13
41  30
48  39
49  33
45  13
27  47
43  21
47  11
42  14
51  12
26  33
12  47
15  14
11  22
9  37
49  29
15  35
26  7
16  12
21  48
37  33
11  51
17  16
10  51
17  26
11  26
13  26
27  5
9  21
24  40
46  27
7  7
49  15
35  41
44  44
49  24
31  20
13  34
22  13
38  32
27  17
25  37
46  10
6  39
49  51
5  26
45  15
32  14
11  48
45  10
14  43
23  27
20  11
40  29
28  45
33  42
44  27
49  15
26  23
30  11
33  38
39  50
10  24
21  9
17  21
45  41
29  5
24  46
43  35
28  10
29  51
11  49
19  31
50  41
16  18
41  45
35  9
47  6
19  26
28  13
27  24
23  50
22  18
6  45
35  9
30  43
38  12
26  32
6  29
9  41
27  20
22  18
6  35
33  8
16  25
15  28
26  32
40  47
21  24
36  50
34  29
40  22
11  6
21  38
14  22
33  5
19  18
11  31
27  25
49  43
43  28
35  23
34  41
51  36
12  10
24  22
6  22
28  24
50  9
44  21
22  15
44  49
19  22
7  26
44  45
50  8
24  22
9  17
33  34
44  39
9  46
26  14
36  22
40  43
36  33
20  45
43  47
46  32
18  36
16  19
20  47
7  35
34  9
38  20
6  12
5  38
15  29
21  23
23  30
20  41
11  37
30  28
31  28
37  19
17  19
31  27
48  10
14  23
17  6
28  51
44  47
47  15
16  20
41  27
13  24
8  15
48  32
21  18
8  7
46  37
24  10
24  45
33  25
15  50
23  43
43  48
46  41
45  14
14  10
28  46
35  40
37  50
18  21
28  12
10  11
35  40
28  27
42  10
37  7
43  38
38  51
15  24
48  5
31  34
14  26
30  47
49  26
31  7
9  24
22  43
30  7
43  17
29  44
9  50
37  48
40  24
50  17
39  13
5  25
26  25
6  11
19  20
15  46
33  37
35  44
29  31
50  19
41  12
19  41
40  32
46  21
15  14
37  35
28  11
41  27
33  30
37  47
12  10
20  24
45  36
20  38
13  13
21  51
16  38
19  42
45  9
12  49
47  21
20  15
41  19
48  48
7  20
30  8
48  41
24  17
34  46
26  23
27  34
33  39
6  27
23  43
41  31
44  44
10  35
35  5
44  36
7  5
34  47
22  50
47  20
16  37
24  34
5  32
28  21
16  36
45  39
43  23
16  11
14  39
23  15
24  36
27  45
34  39
14  31
8  16
16  38
11  5
21  21
46  8
34  35
33  9
15  50
38  18
41  6
17  7
17  12
8  45
31  23
45  12
37  18
7  33
38  22
16  10
35  40
11  34
49  36
21  29
37  38
41  39
42  34
34  22
38  27
14  10
31  45
50  12
41  6
49  5
44  17
15  5
45  41
48  50
17  32
48  43
6  24
35  8
22  38
51  48
33  11
50  30
12  43
13  34
28  46
40  24
15  37
20  36
32  18
17  36
18  47
19  37
36  10
19  9
29  25
12  9
45  23
37  51
50  18
20  7
49  23
5  27
45  15
47  48
17  40
12  9
20  24
35  39
25  42
51  37
43  15
37  28
5  38
48  30
36  51
41  42
15  25
41  30
25  39
6  34
48  15
32  44
45  29
32  45
11  29
15  32
51  44
38  33
27  19
39  8
45  47
6  18
46  50
13  21
18  6
12  35
51  44
17  33
42  18
16  42
15  50
23  18
47  5
31  28
10  14
14  12
11  31
17  5
18  12
16  39
20  44
27  33
43  28
44  19
35  21
37  9
41  15
9  31
8  6
28  9
12  25
30  47
38  45
7  26
40  23
14  12
42  7
20  20
10  10
28  23
14  12
6  5
37  36
40  23
38  12
17  14
39  32
40  15
47  10
29  8
23  26
19  17
6  19
47  37
7  47
28  45
16  8
45  35
32  11
17  7
25  24
17  44
28  5
46  25
32  11
19  8
15  8
32  10
36  36
13  11
38  51
12  37
23  14
12  51
38  45
41  16
18  15
47  30
18  19
30  48
45  12
20  31
29  8
43  42
11  48
15  25
44  49
23  27
10  47
9  32
11  40
38  22
16  18
41  34
30  8
11  38
32  26
36  51
15  35
19  21
16  50
10  48
32  9
31  36
11  50
21  47
12  39
5  14
42  27
39  47
42  50
34  31
46  14
25  16
17  8
10  43
11  10
36  26
43  49
49  18
28  12
31  5
5  49
26  17
47  30
42  10
11  27
21  46
29  37
34  43
30  10
36  20
10  32
17  47
38  23
26  20
5  17
9  37
21  42
41  24
30  21
28  50
13  45
23  10
14  6
46  11
27  24
14  8
45  25
22  48
48  30
7  34
16  10
44  42
13  31
14  35
17  11
17  29
34  16
41  33
11  12
11  6
18  21
33  39
21  9
6  39
17  17
45  42
15  8
28  34
34  14
17  17
34  9
15  39
6  38
21  26
35  46
42  25
16  48
24  18
28  31
18  11
17  10
19  45
13  18
22  8
5  5
13  34
6  12
22  34
37  31
25  10
39  37
23  50
18  47
35  24
20  24
22  28
31  35
48  36
27  38
19  35
18  45
24  14
39  51
26  8
28  8
20  10
41  43
21  39
21  39
14  50
11  31
13  29
36  42
49  33
18  31
15  29
42  26
14  34
21  20
13  17
16  15
42  43
10  42
11  29
34  38
40  47
19  26
27  36
18  8
49  15
37  43
48  46
16  44
22  44
36  12
46  43
27  19
50  24
11  51
17  6
12  47
13  20
7  15
29  10
50  5
29  42
33  48
36  50
46  48
47  13
25  47
7  45
16  51
48  13
19  9
31  45
18  9
15  9
28  5
47  6
48  50
41  25
40  46
23  16
37  24
29  10
25  25
27  39
21  18
21  31
18  13
27  43
12  33
12  34
11  36
10  9
37  16
36  16
29  22
18  10
47  42
17  32
46  21
43  44
33  50
39  31
23  14
22  17
39  37
41  15
12  21
27  6
28  19
25  36
27  10
50  27
9  44
13  13
33  47
42  34
32  42
41  50
37  8
41  12
15  30
14  21
32  6
14  28
19  10
15  23
43  27
10  33
40  7
15  26
30  37
17  29
33  36
25  12
28  34
27  7
38  30
29  22
47  26
38  20
15  34
46  28
14  43
7  26
13  37
44  45
14  16
32  17
10  23
21  9
45  29
38  33
5  33
45  22
43  48
29  40
20  50
18  31
33  36
33  35
32  19
28  34
19  25
13  15
20  50
48  27
26  45
19  35
11  36
24  49
19  29
47  17
19  36
11  20
39  45
6  14
8  45
35  22
8  5
46  30
24  42
34  33
34  49
15  51
21  46
17  7
18  16
42  31
16  21
6  6
7  14
36  43
7  43
7  8
19  36
27  50
6  15
43  34
47  29
21  41
17  24
9  37
51  43
8  50
43  8
23  25
27  33
33  42
11  40
32  39
50  34
43  37
43  31
5  33
20  37
17  11
40  42
9  20
49  30
18  15
50  7
8  16
41  45
28  12
7  37
15  26
48  45
49  20
17  25
19  14
48  30
16  46
13  32
9  34
8  51
18  10
42  42
11  25
43  46
14  18
29  32
50  28
32  32
9  9
30  26
27  11
36  34
51  43
15  29
31  9
21  36
51  15
49  34
31  21
13  36
25  16
18  16
24  8
10  25
34  39
43  49
8  33
41  49
42  34
12  33
10  20
38  46
41  30
27  40
17  44
22  7
32  46
10  14
34  8
5  27
38  35
17  8
17  7
29  10
38  20
35  10
44  39
51  20
14  51
38  19
14  51
19  13
50  38
24  34
35  26
35  38
51  45
44  42
35  43
31  6
40  36
17  43
22  12
24  5
27  46
24  47
13  41
33  30
16  43
30  28
20  15
18  50
48  36
8  8
13  37
49  42
28  38
8  25
9  9
17  33
17  11
34  17
37  14
16  48
32  20
43  37
24  39
9  16
24  24
39  33
21  42
23  18
45  38
11  38
41  16
15  33
46  8
32  31
51  28
18  24
50  6
34  14
29  17
29  46
9  16
26  8
33  39
9  22
45  10
13  20
12  12
38  42
48  50
18  44
7  49
42  47
11  46
15  37
38  34
29  41
18  49
28  36
32  38
43  24
41  15
32  14
11  8
11  49
11  40
10  14
12  33
35  28
34  14
9  16
41  45
6  37
11  24
21  25
36  7
29  22
51  12
50  16
25  6
11  25
45  37
51  44
31  25
22  45
32  7
35  24
5  11
34  24
8  14
5  22
30  31
9  10
19  8
10  48
17  12
28  6
16  35
35  5
36  21
36  30
9  39
38  9
47  10
5  18
5  23
5  16
40  11
51  17
14  31
34  19
26  19
8  39
30  34
15  22
10  38
40  25
48  27
23  24
14  18
35  36
22  35
47  19
18  39
9  12
49  18
6  36
27  22
37  46
33  42
44  32
13  49
37  15
30  9
17  42
27  19
37  47
17  47
11  46
40  36
24  26
26  16
27  7
43  37
34  30
10  31
37  38
36  41
44  27
40  25
35  32
21  8
39  20
49  40
43  37
8  43
42  28
17  45
21  25
29  16
46  42
7  19
7  16
51  36
18  11
20  35
35  49
44  15
46  37
12  6
39  28
34  37
19  42
17  40
40  35
16  42
8  25
40  23
6  7
8  28
10  9
25  40
51  15
18  29
21  50
23  45
22  18
37  9
8  34
25  16
21  30
11  9
43  31
49  20
5  21
10  49
12  42
5  17
5  40
43  12
16  8
44  25
51  15
48  49
15  22
25  44
43  30
31  37
25  24
44  44
19  6
17  16
37  13
34  49
11  38
19  27
37  11
13  16
50  17
39  15
15  51
29  48
18  11
39  17
44  29
17  31
46  8
48  21
49  23
23  35
11  12
31  27
50  48
51  30
28  5
32  39
36  19
27  31
22  37
19  10
49  14
43  26
39  46
39  36
22  42
47  46
24  51
40  26
9  38
38  32
27  47
24  47
29  47
21  30
39  30
28  8
37  43
51  45
47  44
50  39
28  37
30  36
44  33
30  9
21  28
7  5
8  29
6  45
14  15
14  23
39  24
37  36
18  40
5  32
13  11
46  23
38  26
45  16
22  24
5  48
21  34
21  14
31  47
9  17
34  32
34  39
16  34
50  30
18  25
12  33
41  31
20  26
22  48
49  34
36  7
16  38
15  8
32  30
8  38
41  47
46  19
13  18
38  28
