12  35
46  16
50  40
49  9
40  39
12  12
15  28
8  33
42  40
34  7
46  50
41  32
35  48
30  34
7  48
15  39
26  44
31  44
28  21
37  48
11  42
33  34
19  29
5  17
46  28
17  20
5  48
41  6
19  21
28  30
18  11
12  41
20  30
19  9
39  18
43  33
12  31
50  5
39  10
16  31
43  45
45  6
50  8
13  32
49  9
14  27
5  20
7  40
33  47
14  48
22  45
41  25
8  38
39  36
33  27
11  35
33  36
45  22
25  22
20  20
35  23
27  30
38  33
9  45
30  24
30  33
25  32
15  46
8  17
27  34
30  28
36  37
23  42
43  21
49  16
13  29
49  28
29  42
30  49
40  8
19  40
23  15
38  13
47  11
35  34
20  15
45  46
11  38
34  10
32  12
17  51
21  27
15  25
39  45
41  40
49  14
7  34
12  22
23  10
28  14
6  12
23  13
7  8
46  37
39  43
6  38
50  9
31  29
24  16
13  41
45  6
39  29
41  26
51  38
17  16
39  26
47  5
6  34
30  48
12  38
45  36
33  12
9  21
10  38
47  11
34  27
25  45
51  20
35  50
15  19
48  32
38  28
48  14
43  43
7  36
45  35
47  42
31  12
27  5
13  34
17  50
5  27
15  48
9  31
27  25
47  37
42  35
26  31
8  15
19  7
25  39
31  48
35  28
14  45
41  24
13  27
19  5
48  49
49  46
11  16
24  47
49  44
32  24
19  51
32  8
43  37
43  23
23  23
32  18
6  41
20  27
5  48
47  48
37  51
5  32
40  43
9  12
18  50
50  13
6  19
50  27
44  47
37  33
44  26
37  26
8  45
39  36
39  37
51  7
14  6
13  14
22  10
33  6
45  9
22  18
22  43
48  33
35  12
21  8
13  39
37  47
14  41
25  46
39  10
30  10
39  26
6  13
6  39
18  20
45  49
51  44
29  24
49  48
34  43
51  11
42  5
12  43
47  41
47  24
40  5
5  23
20  21
50  37
41  27
33  28
48  30
50  42
48  19
37  6
28  47
41  15
44  8
15  13
16  44
46  16
27  45
38  33
41  31
49  30
51  32
34  22
41  42
51  10
37  36
37  47
49  24
42  5
51  11
5  48
24  5
38  6
18  37
49  49
47  30
31  41
45  14
23  26
35  33
38  31
19  22
8  29
47  18
34  29
46  13
34  12
23  32
28  21
42  19
46  27
40  33
32  36
10  48
7  6
8  35
38  19
44  8
36  28
10  31
45  43
10  5
8  18
12  42
44  19
45  29
33  31
32  45
21  37
51  36
25  46
35  8
35  22
25  20
6  6
26  28
20  49
39  32
36  32
8  49
44  42
19  50
6  40
22  14
9  24
45  40
11  37
14  22
23  6
18  49
10  33
26  5
48  40
48  22
49  42
29  20
16  34
8  8
40  34
6  10
32  31
43  24
25  28
43  22
36  34
28  25
21  21
21  32
29  12
29  33
46  34
33  28
16  47
32  14
42  9
42  31
34  20
27  45
40  13
44  15
20  25
10  9
48  50
5  8
19  42
32  51
8  28
25  6
30  18
46  48
16  15
5  27
36  16
11  19
7  15
50  13
44  22
49  18
13  38
14  35
34  33
12  6
24  45
31  23
34  40
16  41
31  9
33  40
11  10
7  34
15  46
18  29
20  34
24  17
44  39
37  22
35  10
11  25
31  30
51  27
19  48
47  22
42  29
6  37
44  5
7  8
19  24
22  7
7  10
29  15
31  37
36  6
36  51
47  19
29  32
48  11
44  47
38  29
35  50
37  9
38  47
25  33
44  37
50  13
51  51
25  6
8  14
20  45
5  36
34  49
51  27
7  49
11  22
24  16
34  50
20  29
11  30
7  51
22  42
31  19
7  30
6  42
12  28
31  5
29  7
47  13
21  38
21  46
31  39
43  48
8  37
12  32
7  27
40  47
19  37
23  17
31  18
40  6
13  36
37  25
35  30
26  34
40  21
44  45
8  31
10  39
20  12
47  45
15  42
12  35
12  25
28  29
12  12
46  22
25  12
46  23
26  47
41  33
46  20
37  37
11  13
9  20
16  11
15  40
49  19
47  20
14  14
29  36
51  11
37  8
47  22
27  28
6  39
13  44
22  23
15  10
26  48
7  10
36  38
44  9
19  21
21  36
30  38
30  40
46  41
47  6
25  32
5  10
20  40
34  27
44  26
21  50
47  6
42  31
50  47
45  21
36  27
34  25
43  30
20  29
10  13
14  26
40  12
46  9
23  32
16  7
30  14
47  18
16  5
48  44
12  24
15  31
48  7
16  5
48  6
20  24
51  15
18  10
51  42
29  6
21  39
16  17
23  35
26  30
51  39
22  51
28  32
9  37
36  29
26  32
15  42
46  17
29  37
9  20
37  49
51  11
11  34
49  25
29  47
7  20
48  35
45  37
9  28
41  5
27  10
46  36
25  32
15  14
50  44
27  9
39  40
42  24
7  29
45  45
28  33
44  46
38  11
45  20
29  44
22  13
44  29
32  43
28  19
29  12
46  18
21  30
26  28
17  36
43  15
20  9
18  23
17  25
10  48
30  28
39  23
23  32
22  20
27  42
33  13
46  43
29  29
43  33
51  34
38  7
27  23
7  24
48  40
30  28
17  40
28  32
32  26
6  29
47  11
51  50
28  50
14  29
25  42
26  40
27  48
47  10
20  31
13  20
33  14
16  15
51  10
47  11
42  27
36  36
47  43
38  21
9  26
20  46
7  23
6  48
10  46
29  51
32  20
25  18
43  30
41  14
28  14
13  35
30  35
48  37
22  27
8  36
12  14
41  51
38  8
51  39
14  38
37  13
24  10
47  43
20  30
36  15
16  23
36  22
11  47
8  37
43  10
50  51
15  36
20  12
33  33
39  46
39  11
21  23
40  41
32  21
25  25
27  10
34  8
14  16
45  47
12  37
31  47
30  44
19  20
17  9
50  7
32  45
48  22
44  9
48  7
7  24
12  46
35  45
8  33
13  44
11  7
50  44
24  43
49  9
38  24
47  41
28  34
19  39
46  33
7  42
18  41
37  45
37  17
31  27
49  25
26  31
24  21
25  44
30  44
49  13
16  45
11  11
34  22
12  14
30  20
46  49
37  25
40  28
14  5
36  18
43  51
50  11
21  18
38  28
12  22
14  34
46  45
12  31
27  50
24  34
10  9
11  33
33  8
21  45
29  24
26  24
23  19
14  41
35  23
39  14
25  50
13  35
16  39
50  42
6  30
28  44
8  34
37  29
33  35
46  40
28  38
50  6
44  7
49  25
50  42
17  12
18  10
44  43
8  33
26  10
17  28
5  18
14  15
18  37
49  24
10  9
20  42
20  46
35  43
49  5
27  37
42  25
28  28
6  12
16  10
45  8
39  33
25  35
20  9
41  7
44  12
11  24
11  49
35  10
33  29
30  19
14  24
34  45
36  49
11  45
24  36
36  49
12  14
23  26
20  15
33  35
31  31
48  17
12  51
45  34
46  51
30  31
51  8
46  34
17  34
8  13
30  8
33  13
39  20
22  16
33  42
20  44
39  41
49  9
35  31
51  43
41  14
26  40
5  42
41  37
8  27
12  48
39  36
37  21
23  11
22  49
21  28
25  7
19  43
33  35
31  26
49  25
35  34
8  5
24  11
21  26
49  5
33  8
15  24
36  30
36  40
11  19
51  22
5  39
36  48
12  31
35  31
44  35
49  24
28  25
21  15
5  47
51  49
25  21
34  22
38  13
37  43
10  41
47  48
5  21
21  46
34  49
12  50
37  14
43  13
36  23
13  11
37  51
39  17
48  5
19  7
27  31
30  50
38  27
12  8
8  49
9  8
51  22
20  47
38  8
10  49
9  10
31  49
48  39
10  16
23  23
17  31
29  49
33  16
17  20
42  16
23  10
40  34
45  21
44  44
43  47
50  50
14  44
27  45
46  41
14  48
43  40
6  31
41  9
34  7
18  23
11  41
19  23
39  27
27  46
45  13
11  9
11  9
33  18
36  43
31  47
28  17
11  34
36  7
24  48
27  22
30  19
24  35
18  43
24  14
32  22
20  23
50  41
12  45
38  35
28  14
33  9
13  30
19  7
39  8
26  9
9  7
36  21
34  21
12  50
51  16
43  23
30  33
24  32
29  7
48  24
26  28
20  6
51  20
21  47
28  43
51  13
14  39
25  32
5  32
46  27
33  33
50  26
16  7
47  5
42  17
21  33
16  16
12  48
45  46
36  32
20  20
40  30
10  19
26  12
15  13
31  13
11  8
25  9
28  33
25  19
40  17
14  24
21  45
33  6
27  48
7  11
16  12
12  47
30  18
31  14
9  6
41  17
25  41
40  6
5  42
46  34
24  40
20  17
23  49
43  40
18  25
20  44
21  31
35  11
18  33
18  42
21  9
12  16
5  30
38  47
21  50
14  47
5  51
24  30
5  29
51  8
26  41
48  20
43  51
39  39
14  20
23  43
50  8
20  24
49  41
38  17
25  36
10  42
40  22
27  32
18  35
30  18
30  38
23  31
39  23
9  7
23  33
15  6
27  23
13  12
47  19
31  11
23  35
48  33
32  11
7  28
32  26
12  37
11  31
38  15
44  43
36  9
51  24
5  8
19  16
26  35
28  12
8  24
32  39
39  13
25  27
12  23
14  35
21  27
20  41
15  36
51  27
6  19
35  49
9  13
32  30
19  41
44  7
46  13
5  20
25  26
32  42
24  15
41  8
47  21
32  45
13  51
46  24
43  50
45  9
21  34
9  36
23  30
50  42
12  25
7  30
28  13
35  28
15  42
37  16
25  48
19  29
9  19
39  44
33  32
39  16
24  26
9  37
7  45
22  46
27  23
29  8
23  8
8  24
30  17
20  37
38  48
20  31
29  31
25  40
15  31
13  22
8  38
50  8
48  48
42  46
48  28
14  49
30  20
45  10
6  29
24  23
16  23
9  14
14  8
38  42
32  43
26  37
45  5
16  11
37  46
33  42
18  8
29  13
16  36
5  27
48  5
29  43
8  48
35  50
12  7
39  9
31  30
46  28
27  14
29  42
21  40
29  32
6  36
37  31
11  25
47  29
11  41
31  31
36  28
31  50
5  11
48  42
5  8
15  6
48  25
22  47
34  8
25  14
14  11
50  32
13  12
13  49
46  35
11  22
34  13
41  48
7  10
28  41
25  20
15  46
17  44
23  43
7  47
38  37
6  43
17  43
23  49
20  22
29  51
9  22
6  27
38  32
8  15
23  36
9  18
29  14
14  38
11  24
31  33
7  25
45  42
22  44
16  12
18  36
19  10
24  47
33  51
14  25
26  12
28  19
30  35
11  22
21  31
38  43
32  46
27  20
21  49
49  34
19  48
39  26
8  7
45  30
13  29
39  36
9  30
26  51
51  10
33  17
8  51
8  12
31  23
46  37
12  23
7  10
39  43
11  32
28  47
37  27
12  37
29  45
15  10
47  15
40  22
7  26
33  24
29  17
47  33
34  24
46  32
30  35
19  39
34  35
12  51
24  48
37  44
49  22
26  47
5  43
7  28
48  15
18  33
28  6
34  50
17  6
8  19
14  17
29  8
11  19
14  32
14  40
19  25
33  10
39  7
9  35
44  42
18  35
8  18
35  34
34  19
49  31
46  18
23  12
26  39
33  44
37  25
26  26
18  37
31  23
22  14
23  50
44  31
44  26
13  48
44  48
15  41
16  25
6  31
13  17
11  39
32  43
35  6
8  20
24  30
10  48
18  41
6  19
17  19
29  12
21  17
33  13
44  32
37  8
36  31
42  44
8  42
11  40
19  10
47  8
36  51
40  28
20  17
44  21
39  28
5  37
41  44
29  39
25  46
18  27
42  38
33  21
8  16
40  11
10  23
9  35
39  35
8  10
14  7
47  19
5  50
30  22
34  18
41  27
51  6
12  32
47  51
15  35
30  7
16  42
45  14
19  39
5  26
16  50
34  46
11  51
40  49
9  49
19  37
5  10
35  23
36  9
23  31
41  28
8  46
24  27
42  38
9  16
17  29
12  49
33  10
48  25
25  34
24  6
46  49
21  31
46  21
45  33
24  39
20  9
36  29
48  14
38  45
20  47
11  5
50  35
11  40
20  26
19  30
46  21
40  46
27  18
15  49
35  49
11  21
6  19
9  24
42  11
28  11
37  13
14  46
18  44
12  10
36  9
30  38
29  50
27  28
17  50
8  17
11  6
12  49
39  32
47  25
29  10
6  32
36  12
48  29
36  7
8  23
50  9
43  15
34  11
13  10
16  5
6  35
42  33
7  6
46  23
46  25
18  41
15  19
41  20
9  31
22  11
23  18
31  5
6  47
50  43
34  8
9  19
30  27
45  26
7  7
10  14
19  7
13  50
36  11
7  12
41  36
38  30
15  47
18  18
35  7
13  32
32  7
8  37
23  28
38  26
25  41
9  47
46  42
27  22
30  8
17  24
38  18
20  10
31  33
43  31
7  8
13  10
29  51
36  32
38  46
39  27
46  18
41  48
43  35
8  6
25  18
50  17
40  31
33  42
22  43
37  13
43  19
9  16
40  14
38  20
36  34
6  49
30  25
48  42
21  8
20  18
15  19
38  33
32  25
32  34
17  31
44  23
41  14
14  14
8  9
32  28
15  27
9  49
28  34
47  19
50  10
33  26
15  37
11  42
27  6
18  28
33  42
33  47
28  35
51  37
48  27
32  51
50  17
40  45
46  40
46  29
32  36
22  50
30  9
25  43
10  13
5  29
31  27
8  5
48  46
44  17
29  26
7  50
39  37
9  31
43  48
21  16
31  51
32  35
44  12
13  32
8  13
35  44
32  7
20  39
25  19
40  25
5  32
19  48
51  20
33  14
36  7
45  37
39  11
37  19
28  26
20  7
31  23
43  37
11  22
32  38
29  5
14  29
15  36
27  24
42  26
19  47
19  35
18  12
36  40
37  24
12  8
21  11
9  47
50  32
39  40
44  22
13  45
6  43
13  34
9  15
23  12
44  21
22  43
15  34
7  25
13  15
34  25
44  49
39  22
17  31
35  17
32  38
31  46
17  39
48  5
46  22
45  39
34  50
14  47
11  5
18  28
45  36
47  16
25  11
5  7
22  50
47  44
18  17
36  19
31  20
22  10
11  5
30  14
14  43
27  33
24  41
24  30
18  23
9  32
27  38
43  49
35  50
36  25
5  35
45  23
42  41
41  9
44  39
6  40
41  41
21  19
36  19
16  12
5  38
51  48
29  37
14  14
30  48
30  28
27  28
7  35
49  31
38  49
9  33
49  25
37  31
9  5
47  16
13  15
38  39
50  24
42  36
10  40
35  31
18  19
12  41
14  12
20  29
46  16
27  43
49  47
20  28
10  51
24  23
27  47
15  10
22  17
40  46
6  48
15  6
10  44
37  20
26  10
40  46
6  39
8  9
44  22
26  14
16  43
25  27
48  50
5  33
8  17
49  48
6  36
39  17
48  7
7  23
32  15
14  50
31  32
36  42
10  39
7  13
30  7
30  47
23  5
33  17
20  15
9  8
46  20
8  13
33  44
31  30
15  41
35  17
14  14
12  41
7  32
48  36
9  45
44  45
38  7
46  17
20  44
28  51
10  22
6  29
25  41
47  47
8  48
26  18
28  36
47  16
44  21
16  36
49  21
7  10
25  19
18  48
9  45
45  28
51  41
13  43
13  30
37  35
18  44
13  45
25  50
14  15
26  41
50  14
33  51
51  46
36  36
38  46
5  13
33  50
23  49
29  39
30  7
21  9
23  27
46  12
18  7
49  26
43  9
17  11
32  9
14  47
14  30
46  48
10  50
34  13
28  8
9  32
13  50
15  19
41  24
11  8
43  24
44  16
31  43
19  29
23  7
50  14
8  25
15  33
25  13
35  48
7  41
8  17
28  26
23  50
46  49
39  47
32  30
22  44
6  44
14  48
11  21
51  18
28  44
6  29
9  12
46  35
24  43
8  15
39  24
26  16
45  34
28  15
46  33
19  37
32  20
30  49
23  32
46  44
35  12
23  5
11  15
23  46
19  51
19  17
14  18
40  45
14  46
40  27
28  17
41  14
20  22
46  28
49  43
48  38
11  10
12  24
30  31
8  9
20  10
15  22
20  37
50  28
18  47
30  11
47  49
13  12
17  32
14  46
12  11
44  39
46  48
45  5
36  22
28  43
45  31
50  23
10  29
12  17
36  43
11  42
38  9
6  14
5  6
28  43
34  44
7  11
8  12
50  5
39  39
7  25
18  37
5  33
21  34
50  7
34  37
32  47
34  17
36  22
28  16
45  20
33  43
44  19
36  25
25  15
37  37
9  47
30  20
27  14
21  29
37  48
28  42
44  10
43  23
22  31
19  16
33  38
38  13
22  50
49  25
27  13
28  25
27  49
37  10
17  45
27  30
44  38
32  28
13  35
12  42
39  13
12  37
36  18
5  19
9  51
33  40
9  27
11  8
26  12
27  46
21  23
24  7
6  16
34  6
10  49
28  35
6  32
14  13
22  33
42  38
11  29
34  20
13  28
45  10
36  34
36  6
51  23
27  10
26  33
34  44
15  8
42  41
12  43
48  19
17  34
38  37
7  30
33  22
19  46
35  28
29  49
22  17
38  26
37  34
23  39
14  15
27  23
31  16
17  24
20  19
51  37
49  44
41  44
22  38
50  29
51  29
38  40
41  33
29  44
11  42
41  30
30  20
16  21
21  32
41  9
38  17
40  41
10  20
16  50
11  18
47  29
30  31
47  47
11  36
5  7
33  20
8  29
43  39
42  50
22  33
42  27
29  32
48  48
24  37
18  40
35  18
41  32
43  20
33  15
47  50
42  48
36  10
35  38
11  38
48  40
26  27
35  47
13  17
33  21
32  16
9  32
40  40
44  34
26  10
37  26
42  50
21  16
41  37
12  34
34  18
5  47
44  46
28  48
17  15
51  21
51  43
24  16
41  34
13  46
48  46
42  22
48  26
46  29
28  51
33  40
9  44
33  29
14  17
15  44
5  25
45  24
45  11
34  36
21  30
43  47
6  38
38  8
44  19
14  26
29  11
6  36
48  11
24  21
6  20
36  37
9  7
47  28
33  27
5  42
38  10
47  18
46  20
40  44
23  28
18  40
46  19
26  25
44  43
43  36
34  47
34  16
47  24
51  19
36  28
40  50
9  19
10  5
51  6
45  35
44  16
43  43
29  30
33  38
8  39
22  41
14  32
7  9
12  30
34  27
14  10
10  43
32  31
44  30
6  40
19  18
23  44
37  27
13  10
18  42
30  44
10  33
11  31
13  7
32  44
24  6
30  51
43  42
23  51
26  27
12  39
22  21
47  24
20  47
9  18
14  13
37  13
51  38
46  49
38  28
26  14
36  6
26  13
5  50
47  44
23  8
29  5
11  27
45  41
42  18
6  42
26  48
14  9
27  23
49  14
31  24
12  39
7  42
31  33
40  31
49  42
12  11
17  50
29  17
15  29
28  34
29  20
18  18
18  12
8  7
34  16
50  16
29  50
10  50
35  24
20  22
14  32
19  43
19  48
47  21
48  24
47  7
37  46
5  41
23  6
48  21
33  14
26  12
31  48
24  9
39  17
19  29
22  25
23  37
24  21
17  51
17  11
49  40
30  27
9  38
44  22
25  41
31  25
30  37
7  29
34  5
40  46
40  5
25  40
10  24
18  38
28  9
20  36
38  8
32  21
39  36
5  22
31  6
17  26
5  47
32  25
39  17
7  23
13  10
24  34
25  49
44  23
8  29
33  39
11  27
45  44
41  17
41  39
8  16
7  12
25  21
29  34
42  29
46  25
38  28
37  37
45  41
22  6
23  11
33  30
26  47
51  12
14  47
21  46
6  14
44  25
17  20
50  45
36  24
49  27
26  12
35  43
28  39
30  5
51  51
40  45
9  13
5  41
13  16
27  7
6  29
40  44
6  26
17  32
25  12
12  47
48  21
46  45
20  36
21  32
15  17
50  35
17  18
40  22
9  14
22  18
51  22
26  49
29  36
51  32
5  33
46  28
29  32
8  22
51  36
30  17
50  50
25  22
29  48
5  12
45  9
10  21
51  41
51  13
49  43
26  12
13  16
28  28
29  50
33  19
25  6
36  46
46  5
41  16
39  24
9  44
32  37
16  37
11  49
7  46
40  7
15  24
49  23
29  33
43  27
21  41
45  32
31  44
21  12
22  51
36  19
34  42
18  16
19  17
45  34
36  11
5  41
8  39
6  7
17  28
30  30
46  50
6  36
22  46
28  24
16  48
8  6
12  36
44  48
33  51
43  5
5  42
13  37
18  6
51  50
47  32
48  44
36  33
45  37
44  38
39  17
36  45
31  11
28  46
13  23
22  22
43  13
10  34
8  34
12  41
20  25
47  19
35  19
35  39
43  25
16  29
47  24
21  51
47  29
41  38
36  21
25  41
14  30
44  6
39  13
22  39
33  11
38  11
22  8
34  33
47  32
46  33
28  30
10  51
8  6
24  40
12  41
30  40
24  34
14  22
40  27
20  37
35  47
14  23
32  6
44  44
38  43
6  49
25  46
5  16
13  42
29  15
25  39
44  18
22  28
17  16
37  37
38  27
11  30
39  37
48  10
48  43
16  22
10  44
23  43
39  19
31  47
45  19
36  17
16  10
45  9
27  28
18  36
40  5
41  45
15  25
40  32
9  17
51  7
17  37
43  8
15  12
7  45
8  50
29  13
16  30
16  47
31  12
44  9
40  42
30  40
23  29
38  28
44  39
28  9
44  15
15  12
36  45
28  35
14  49
43  38
32  23
39  13
20  40
46  45
47  40
11  14
21  34
17  36
7  47
32  25
11  26
36  37
42  16
30  13
50  46
5  10
46  15
33  7
11  29
26  43
33  30
51  33
33  35
18  38
41  16
8  45
19  6
37  7
18  7
23  30
9  30
14  30
46  14
34  45
31  7
22  29
25  17
40  33
8  20
50  8
28  42
30  28
42  39
42  9
49  36
24  32
45  37
48  30
50  31
42  49
18  21
33  23
38  36
11  21
44  43
6  16
40  24
44  44
50  5
39  39
44  47
32  36
26  21
44  25
12  17
46  39
5  25
44  13
9  27
23  40
44  26
14  32
27  13
7  40
36  40
24  13
28  40
44  33
18  18
6  38
46  5
22  41
50  12
12  12
24  43
12  40
48  34
24  11
5  47
6  13
33  8
24  38
47  15
34  39
23  8
5  46
11  32
24  19
31  25
24  48
25  43
16  13
44  27
42  11
13  48
51  32
48  36
41  48
33  46
32  35
41  43
8  44
8  13
43  9
21  41
21  23
41  26
27  9
40  31
11  6
6  46
45  44
50  20
11  42
39  44
9  5
46  43
5  50
27  17
13  28
16  44
28  19
11  31
44  45
45  50
31  8
19  45
10  41
34  15
40  28
14  30
13  46
18  22
19  41
48  26
44  19
36  34
46  16
22  10
17  25
8  37
38  38
46  27
23  15
35  32
22  42
33  20
5  21
50  39
40  39
36  26
8  38
38  14
42  8
17  46
12  12
43  26
49  22
16  42
32  19
50  14
37  42
27  24
17  40
21  13
34  45
44  28
31  12
40  19
5  30
47  21
37  36
33  30
5  8
18  50
44  42
37  11
47  40
36  13
18  18
51  21
51  39
31  47
21  20
23  22
32  18
20  44
7  9
40  44
21  46
44  38
51  23
10  24
37  29
27  9
25  43
18  44
43  27
47  11
20  11
20  22
30  30
49  17
24  12
9  17
35  23
26  10
50  41
15  12
14  20
43  51
16  21
34  5
50  42
31  45
44  13
31  50
14  43
8  7
17  46
20  28
10  34
20  34
40  49
34  28
32  13
19  39
35  48
33  43
39  29
36  6
22  7
46  7
42  7
37  40
36  12
44  33
38  45
33  27
30  49
36  11
22  7
7  24
36  15
11  25
25  35
31  29
33  5
17  30
26  17
13  19
32  48
50  49
11  44
5  39
29  26
18  9
41  37
27  35
28  14
5  20
47  50
16  50
21  47
32  48
31  28
31  47
47  46
10  31
14  41
6  22
51  12
35  5
6  44
10  8
40  39
42  5
12  11
27  28
33  16
29  23
12  39
41  28
49  9
29  44
29  16
35  13
9  17
23  31
25  18
28  16
11  14
7  47
19  39
39  14
10  21
23  8
48  43
23  47
20  18
37  19
6  34
8  5
36  50
31  19
42  46
45  16
30  36
28  35
31  41
17  20
28  5
33  48
35  49
21  40
19  39
25  39
25  47
22  33
42  51
9  29
12  24
24  24
25  21
31  9
33  48
44  17
24  22
26  34
44  22
6  30
17  16
5  35
36  38
26  14
37  26
47  41
23  21
49  15
22  8
22  41
41  28
5  14
40  46
25  47
11  40
41  34
5  17
40  7
5  16
20  41
31  10
13  33
6  15
9  21
38  17
18  16
27  22
43  25
25  51
10  43
36  20
28  31
42  5
23  22
26  51
6  24
15  29
39  16
47  20
27  40
18  22
40  7
11  38
10  24
24  5
11  13
5  25
23  28
44  32
25  20
27  11
36  34
29  38
14  46
44  41
27  29
27  38
38  33
24  5
38  15
25  43
30  42
6  33
15  28
36  20
23  44
50  38
8  33
45  9
32  16
28  20
44  42
18  13
35  36
26  32
6  31
24  11
21  42
18  9
43  16
35  35
50  17
27  36
16  17
19  26
39  23
50  6
49  29
21  25
17  48
10  28
43  34
50  24
44  38
34  13
29  42
40  30
38  51
38  9
50  7
50  28
23  19
41  30
44  7
47  18
45  20
9  32
8  46
14  44
26  25
47  22
45  27
16  8
36  45
48  18
10  33
48  42
38  36
5  5
29  34
9  34
23  29
23  34
24  17
18  11
29  16
23  29
21  51
9  8
6  33
47  51
17  34
27  39
14  48
34  27
10  26
9  5
22  41
10  17
51  22
48  23
20  32
25  13
35  51
44  43
39  17
26  32
43  35
32  34
38  9
8  23
30  40
25  44
8  42
17  35
24  23
37  34
7  51
5  49
30  6
8  15
51  18
48  45
14  25
13  28
20  49
46  10
15  18
24  19
18  42
19  29
40  22
31  10
10  38
38  33
17  24
22  45
14  44
47  31
11  15
31  14
39  40
30  29
26  37
46  20
40  17
6  36
10  29
27  8
19  41
38  33
43  36
23  34
49  7
28  48
44  7
10  22
10  49
30  18
22  24
45  49
32  37
16  37
24  27
50  7
25  26
17  17
50  41
44  35
19  26
31  47
13  5
48  10
18  50
29  26
6  35
22  39
19  23
30  43
33  37
37  40
47  40
9  33
24  37
24  8
10  19
18  28
41  39
38  16
24  8
17  44
5  12
23  22
18  12
46  50
6  7
15  22
49  14
24  39
21  45
10  37
25  40
16  39
39  12
37  43
18  43
7  36
47  18
25  24
17  28
38  27
26  40
37  44
27  7
39  43
16  24
37  8
44  20
23  18
47  5
34  26
20  33
26  12
49  22
28  20
34  35
22  48
41  46
39  22
28  18
30  48
48  33
40  37
39  48
24  31
17  50
28  17
42  50
42  21
15  47
12  9
38  21
15  13
36  38
47  6
27  50
27  42
41  5
50  22
30  32
37  23
43  40
11  32
29  51
27  9
11  20
26  30
35  40
6  45
48  8
23  36
28  12
34  8
45  16
26  25
12  15
21  47
14  39
35  22
32  21
45  13
24  42
38  50
32  45
19  6
19  34
19  44
6  26
16  24
6  29
49  6
37  38
23  45
26  51
22  14
11  36
38  26
45  9
44  23
32  22
35  12
17  36
9  26
30  38
13  38
44  36
23  36
49  37
37  15
18  22
9  41
45  40
17  41
31  5
7  7
40  31
37  35
44  18
22  50
22  26
50  12
44  25
10  45
44  14
44  42
22  49
44  25
20  37
24  19
8  7
51  13
8  24
24  29
46  41
46  51
24  26
51  49
15  21
11  41
23  20
7  12
46  19
16  16
46  49
22  16
42  21
7  25
5  16
21  49
22  20
37  44
41  5
51  10
47  14
19  7
12  44
19  11
51  23
23  16
50  32
7  19
37  36
20  11
48  7
29  42
32  19
18  43
36  25
13  33
29  40
44  31
13  28
10  28
37  16
36  6
34  12
33  32
15  50
7  44
19  5
24  21
14  17
10  51
13  32
37  18
12  43
20  45
19  19
7  50
49  27
9  25
29  45
31  36
28  9
28  49
26  7
33  30
15  11
9  13
44  38
41  25
31  21
21  39
48  7
51  9
19  14
16  40
30  38
38  37
6  7
36  47
30  35
48  29
15  34
9  40
47  6
13  9
34  22
42  44
6  5
14  27
5  36
49  33
48  42
9  40
29  47
18  5
10  37
12  33
42  27
34  38
30  26
32  42
28  6
14  17
17  18
25  20
18  21
18  15
38  5
47  10
43  8
49  14
41  34
39  43
29  50
51  37
32  9
12  48
22  12
51  43
32  28
11  27
49  6
28  46
32  38
38  6
32  31
21  38
16  39
14  41
20  14
6  37
48  47
29  25
21  13
23  40
7  7
11  15
47  17
9  42
12  30
25  25
26  44
24  35
9  49
13  8
45  32
43  22
26  35
46  21
8  38
20  18
5  18
39  13
34  9
10  20
25  30
24  50
12  39
10  20
27  41
25  30
41  21
41  33
29  28
12  31
18  6
12  36
51  30
5  17
35  28
13  15
11  11
25  29
18  45
30  41
38  46
30  47
36  19
13  21
19  42
35  31
24  34
49  17
47  8
45  50
44  7
30  37
33  5
26  14
6  18
25  42
23  23
22  36
30  21
23  38
48  45
9  38
10  9
29  47
43  51
32  19
23  20
15  24
32  51
51  30
28  37
5  24
29  37
17  11
51  45
28  47
50  17
33  31
8  31
20  48
23  31
31  19
9  9
25  25
11  43
25  17
19  48
26  11
7  44
23  7
9  29
42  15
16  34
10  20
26  22
51  39
37  14
28  15
48  50
29  30
46  40
18  28
49  49
5  24
33  36
23  21
24  39
10  27
40  21
9  12
46  32
45  31
21  25
23  9
10  50
20  33
34  30
33  23
14  33
12  20
16  24
38  38
39  46
27  34
24  48
44  25
20  44
23  25
13  29
18  22
8  46
21  34
36  47
43  33
6  20
26  46
31  7
18  50
24  18
26  23
29  32
42  22
29  12
19  10
18  25
37  47
47  29
9  33
6  16
33  21
26  47
29  21
38  14
40  25
43  13
40  18
37  33
17  27
16  16
46  42
44  10
8  42
38  12
49  38
24  17
51  24
35  28
34  38
49  29
49  38
49  10
47  38
10  49
29  26
21  14
15  18
13  30
44  50
44  18
41  36
21  44
10  10
19  38
5  33
24  41
37  30
51  35
47  19
46  17
7  21
21  12
22  19
42  9
11  11
15  14
42  34
14  21
23  45
40  29
17  32
19  47
50  38
38  18
9  7
22  45
29  24
5  27
44  29
31  48
39  13
45  44
43  43
27  11
32  48
28  14
14  18
18  47
13  38
8  28
23  20
12  25
12  5
21  33
37  42
44  37
31  44
7  25
42  38
14  49
33  41
8  26
23  17
42  13
37  13
46  22
41  15
20  20
7  31
24  46
9  15
35  8
11  49
13  34
21  12
48  6
29  34
43  32
39  24
51  34
21  40
33  30
6  40
11  29
8  18
41  17
36  15
40  48
48  31
50  35
27  34
14  39
42  14
50  40
14  51
29  17
25  47
12  40
5  31
19  17
10  35
19  25
37  43
38  28
15  48
24  21
27  28
21  43
42  33
27  19
27  49
42  41
25  12
10  13
39  25
36  27
47  38
24  40
7  24
7  44
24  8
38  20
18  26
30  26
37  48
35  47
23  35
11  49
10  35
42  6
47  33
30  18
19  15
48  31
11  45
44  17
11  37
23  11
43  23
5  47
51  45
45  10
22  14
29  37
38  19
50  32
29  22
47  23
17  16
20  7
44  28
29  5
30  23
20  14
50  18
14  12
7  19
39  39
40  25
9  42
8  15
10  37
9  26
10  37
32  20
24  7
34  46
30  45
23  23
31  8
13  7
38  37
9  11
42  40
34  29
24  48
43  38
42  36
48  27
51  22
20  29
49  6
41  19
51  12
40  45
16  26
19  11
31  42
23  21
11  12
39  30
43  18
46  29
22  6
19  33
30  25
46  6
10  28
6  45
30  14
20  40
33  41
38  17
36  24
29  45
36  24
20  32
17  22
49  13
51  33
48  28
6  10
12  19
45  20
17  48
23  23
9  32
41  9
48  47
51  30
14  39
28  49
19  14
44  28
24  40
11  38
35  23
13  7
6  21
13  45
46  38
44  13
13  18
40  24
21  12
51  39
42  17
21  18
7  23
30  38
13  23
46  47
39  9
27  21
38  9
23  34
32  41
38  7
44  13
5  42
31  19
12  6
49  44
27  32
20  15
22  5
33  24
15  24
38  35
41  34
31  5
9  27
29  46
37  41
35  19
28  25
10  8
48  50
20  17
38  25
37  11
35  11
33  15
25  14
40  45
25  35
10  9
8  48
25  18
8  11
8  39
44  24
12  6
32  38
5  28
21  47
22  7
16  16
9  47
7  26
35  18
36  32
46  32
26  11
22  40
24  44
43  8
6  7
36  39
48  26
7  18
13  24
50  30
29  17
40  50
50  13
5  10
10  40
19  36
11  17
47  29
29  15
29  6
46  18
8  31
34  26
49  18
32  18
5  23
50  36
35  33
36  19
43  44
16  33
45  46
22  14
24  21
22  30
33  29
16  35
10  38
44  7
30  7
36  48
14  45
37  51
25  41
30  5
8  19
10  33
19  23
7  7
44  16
23  35
36  44
35  21
6  10
37  10
36  29
7  9
49  29
11  9
17  45
10  37
39  43
5  12
40  29
24  7
24  22
49  45
41  49
10  11
18  15
37  44
31  22
24  40
6  37
29  45
39  16
10  30
51  11
14  22
48  30
41  23
24  36
34  28
36  30
31  30
5  15
32  49
47  6
41  32
19  45
5  33
50  16
18  13
51  10
12  29
14  42
16  7
50  33
34  20
26  15
5  24
13  19
17  35
40  25
22  45
13  18
14  43
18  20
27  11
42  49
8  19
10  22
41  11
41  49
8  27
24  49
44  7
35  29
9  45
18  26
21  25
22  37
35  33
48  33
37  39
15  17
35  6
23  22
29  43
46  22
11  35
44  25
41  14
41  34
11  22
12  29
8  15
50  30
7  49
51  21
24  8
11  34
26  23
41  42
15  22
23  19
41  41
33  27
11  42
30  25
46  14
30  21
12  37
50  35
25  21
14  42
44  40
7  35
45  9
26  12
25  51
38  11
42  28
31  17
7  11
8  51
23  50
18  30
28  23
47  39
22  22
45  12
24  40
23  50
14  19
5  42
36  11
36  47
13  48
14  24
13  42
14  16
8  36
26  31
33  23
41  6
37  31
26  49
8  42
38  7
13  35
37  12
36  48
23  11
40  21
18  24
27  11
34  30
36  8
28  5
29  27
19  49
15  10
22  38
16  45
35  21
43  7
47  31
39  10
26  47
14  51
12  48
10  6
17  13
24  27
51  19
13  44
50  14
47  48
42  14
28  29
5  26
50  41
15  22
25  40
46  45
42  19
49  42
44  48
6  44
14  26
35  45
34  10
27  42
28  44
16  49
10  11
43  43
40  14
38  31
14  39
20  15
38  12
10  17
28  5
26  15
36  51
35  5
46  42
44  37
24  44
38  23
35  32
15  14
35  15
48  51
13  35
48  47
40  7
42  8
31  33
15  20
18  44
35  35
48  7
13  10
25  25
39  42
9  51
14  19
44  11
18  27
17  36
43  16
47  9
6  25
15  7
47  31
21  36
50  28
29  46
18  43
21  24
46  7
6  50
38  50
5  44
15  8
37  31
39  41
35  30
14  36
36  44
18  12
17  49
32  5
48  20
36  10
39  24
17  18
42  33
30  35
17  26
35  46
14  37
13  43
36  43
12  25
47  38
38  16
18  23
34  24
17  24
47  39
48  6
46  19
13  11
37  7
17  28
7  22
41  50
18  22
21  43
35  23
8  39
40  19
14  44
5  50
30  44
46  8
15  22
33  36
8  12
15  16
7  6
48  22
24  36
8  51
41  18
31  7
35  10
6  22
30  31
30  7
46  43
19  15
9  25
46  35
44  13
37  45
46  45
42  40
6  49
27  21
19  13
35  26
43  39
13  50
29  48
31  32
41  11
46  35
11  9
27  42
20  16
13  42
8  36
34  40
26  39
13  34
42  20
43  21
12  28
7  17
16  32
22  45
35  16
43  46
18  28
27  15
16  31
25  28
5  18
6  34
16  28
7  24
10  22
44  30
15  44
7  21
6  38
44  23
30  31
8  28
10  28
28  50
7  12
32  29
44  17
36  15
25  24
20  31
23  22
12  39
43  8
13  5
46  14
35  9
32  14
51  38
35  40
43  51
41  42
31  7
22  19
41  41
40  51
47  7
39  44
41  43
46  21
5  14
49  29
32  12
25  14
40  18
38  17
42  49
29  35
46  48
33  50
22  16
22  16
38  16
47  9
26  31
51  38
18  39
30  5
10  49
19  21
45  7
17  26
9  7
46  12
11  51
15  7
45  47
37  8
10  29
49  31
19  5
37  50
40  49
49  24
10  27
9  23
46  37
6  24
12  36
28  17
19  44
35  36
47  34
34  19
42  26
24  17
29  24
8  13
38  12
33  20
24  6
26  10
50  9
41  36
13  21
19  9
6  41
35  28
34  25
31  44
29  42
27  7
22  16
46  16
25  24
41  50
35  30
24  16
34  26
36  39
10  6
24  49
40  47
33  15
31  30
46  23
30  43
22  21
41  45
36  16
16  41
5  49
29  18
9  20
36  10
7  10
51  43
11  11
10  44
18  36
51  17
16  48
41  23
13  17
39  45
28  15
39  50
8  31
18  29
18  7
26  44
27  26
35  46
16  13
31  25
16  48
33  10
51  16
30  28
36  46
10  25
48  36
19  39
18  20
6  41
44  13
21  8
17  47
37  34
51  39
40  47
33  7
24  44
14  40
42  28
8  28
46  25
7  27
19  37
37  43
49  45
15  12
20  9
20  48
14  24
15  25
28  23
26  41
20  16
18  13
39  29
51  19
51  29
32  42
14  6
31  25
10  23
9  49
6  17
35  48
34  31
10  43
13  21
8  39
39  35
9  42
26  51
49  20
45  9
50  41
50  15
25  12
21  16
42  47
13  34
51  24
14  30
10  37
38  33
29  41
48  23
9  9
29  47
9  43
11  30
15  44
45  29
12  11
9  42
39  36
9  27
44  6
15  24
44  30
30  14
27  22
9  22
12  35
42  49
48  30
25  41
17  19
45  31
27  28
32  42
22  31
17  44
34  11
46  34
39  7
30  48
16  7
48  22
24  13
23  11
21  19
14  20
31  10
30  45
47  19
30  24
9  5
51  12
14  30
44  22
34  29
42  7
5  27
6  47
23  12
51  28
6  26
25  18
25  15
16  41
49  45
18  13
43  11
31  37
25  26
36  10
42  19
20  16
50  16
14  48
50  45
34  32
17  23
36  44
14  34
20  8
12  14
41  14
15  16
20  26
31  41
41  51
8  27
35  33
24  24
27  9
14  7
33  9
20  16
32  16
21  23
7  21
14  38
34  48
15  27
28  33
47  49
19  28
25  34
50  28
48  16
31  51
15  34
45  36
27  31
26  15
21  46
9  11
28  25
9  47
49  46
36  28
45  44
37  25
44  7
21  18
18  22
36  25
21  8
24  43
16  10
46  38
40  27
17  47
19  41
26  20
50  36
15  19
31  38
39  16
44  7
25  23
51  33
34  37
39  36
32  17
27  5
50  39
50  14
23  5
18  6
38  9
18  13
50  17
42  29
46  42
12  17
16  7
23  41
16  37
41  33
20  32
38  36
24  40
6  48
36  5
13  38
7  40
50  51
14  42
30  23
42  10
50  33
13  36
49  49
46  30
46  7
5  29
23  17
46  30
18  49
27  11
28  49
9  39
36  30
6  23
21  9
35  10
6  5
25  49
40  28
45  17
23  27
28  7
14  41
22  31
31  33
27  49
42  33
5  14
29  5
44  43
49  23
21  35
17  49
19  11
22  13
28  30
11  7
30  35
44  10
15  18
13  35
15  12
19  30
34  23
30  31
42  38
21  35
12  24
31  39
48  16
20  9
17  15
21  44
40  13
31  49
31  41
38  11
33  41
29  15
15  43
33  37
37  33
34  51
12  36
41  27
38  9
8  19
41  21
23  29
24  13
19  13
29  25
16  23
30  7
26  11
48  15
17  16
47  12
12  15
41  23
17  8
11  37
43  9
12  24
27  50
23  43
23  44
6  37
43  11
51  47
41  13
15  34
25  14
5  31
16  43
46  33
14  40
18  31
29  14
15  19
12  28
47  8
14  8
40  36
42  32
15  51
23  8
47  19
51  26
36  28
35  25
39  42
29  31
27  11
51  26
20  13
31  40
14  5
7  18
26  14
26  21
46  46
51  27
14  42
35  46
23  5
24  29
26  24
14  17
36  13
45  47
27  19
44  26
40  46
19  9
14  25
36  29
13  46
21  17
16  5
30  40
50  28
30  17
27  27
26  6
29  10
14  50
47  44
26  28
28  31
34  30
23  38
37  25
7  48
6  51
26  7
27  21
51  5
37  40
42  20
12  28
13  17
7  9
18  50
17  48
23  40
28  24
22  31
9  22
23  9
43  48
41  35
29  39
38  49
14  43
25  43
50  9
28  41
35  21
21  8
40  5
22  22
27  33
36  51
17  7
34  37
29  9
39  42
34  51
5  8
49  35
51  33
20  43
18  43
19  28
51  46
18  43
14  9
16  42
51  32
7  36
5  22
20  9
18  16
30  16
23  16
14  40
40  51
31  12
38  13
47  44
38  18
8  5
37  42
8  41
31  10
37  30
8  21
37  26
38  12
48  43
7  20
18  32
31  46
50  5
48  19
9  15
43  31
37  48
51  32
27  47
22  34
17  30
47  19
15  32
40  28
37  41
42  36
49  33
50  13
21  27
39  6
42  31
36  44
11  9
16  13
50  43
17  23
10  20
7  9
29  31
19  10
17  27
9  9
13  39
40  25
16  30
27  43
10  42
49  23
7  13
15  40
19  15
5  23
6  36
47  15
26  32
22  17
25  33
45  45
42  12
35  37
47  36
14  19
34  24
18  30
14  41
13  39
16  21
29  33
42  35
13  22
19  50
29  22
26  44
29  5
23  44
45  12
47  29
27  42
27  5
8  15
39  37
40  9
45  47
16  20
38  27
26  11
8  40
51  15
26  16
45  12
46  40
24  45
12  10
35  8
10  42
33  46
49  23
24  18
22  17
46  39
16  14
11  10
37  10
47  29
24  10
13  50
43  9
27  44
33  6
39  9
18  29
31  22
25  40
13  44
9  8
19  5
46  16
19  12
7  31
34  29
49  16
30  18
33  19
24  11
14  33
15  29
51  46
17  17
41  41
39  44
47  24
39  31
45  25
30  18
6  11
46  22
34  35
51  39
15  37
21  22
22  36
30  25
29  8
35  10
43  34
23  47
48  37
15  14
42  49
25  50
22  34
6  29
32  5
22  23
46  29
26  42
31  23
12  36
37  18
51  13
25  46
9  26
8  33
28  30
20  21
41  12
18  22
40  6
23  8
24  50
17  8
17  13
17  30
21  33
39  16
19  8
11  29
27  25
47  8
43  28
20  32
12  20
17  51
32  23
48  18
27  26
20  29
24  16
13  33
19  21
5  47
24  21
47  43
33  20
39  26
26  10
40  31
24  10
47  41
29  15
12  30
36  40
43  20
18  47
42  18
15  39
34  47
50  50
27  40
6  17
45  43
28  14
13  26
26  39
6  50
32  6
21  44
46  13
16  41
8  47
14  28
39  41
12  45
6  6
14  14
21  22
26  25
27  17
50  6
8  48
45  12
18  15
26  11
25  42
21  38
31  17
23  39
30  50
21  41
20  16
37  6
42  33
24  24
27  35
7  33
21  34
49  47
31  24
11  47
40  18
17  20
7  47
42  42
10  18
7  16
36  21
26  40
39  39
43  22
44  16
48  5
16  46
51  37
31  31
7  15
42  36
44  36
31  16
23  7
24  16
51  22
38  7
36  18
19  13
23  7
51  51
9  27
24  34
27  9
44  5
15  37
51  21
30  10
11  48
22  7
24  19
10  38
25  6
10  26
9  41
6  39
45  29
21  48
6  48
43  44
47  27
33  37
11  28
11  14
42  48
22  22
49  13
11  23
39  14
50  40
34  10
30  51
20  47
24  19
22  43
50  49
30  48
22  23
10  50
19  28
8  43
25  32
38  8
28  51
41  47
27  22
48  38
30  6
9  16
50  6
9  24
31  21
35  5
18  37
30  36
8  38
21  30
12  19
46  40
9  40
33  26
46  28
44  15
18  34
