37  25
43  44
5  31
11  25
36  42
8  6
11  42
37  31
26  46
15  11
40  49
43  15
19  45
50  48
6  26
39  18
47  32
29  16
15  48
12  5
36  44
11  30
19  35
7  37
13  11
26  35
48  46
19  10
45  5
19  41
50  31
10  32
38  43
42  50
26  33
37  25
10  10
37  17
33  18
9  49
7  20
46  14
27  20
44  10
51  42
32  26
17  33
37  14
14  13
24  50
10  23
51  20
43  12
48  36
26  17
10  46
43  33
12  50
42  41
42  43
32  34
50  18
36  30
29  19
9  26
31  45
42  51
17  39
11  39
33  14
9  9
48  45
25  23
39  33
46  37
50  21
34  15
16  38
40  21
19  28
51  27
12  27
32  50
51  19
36  39
41  8
48  8
36  10
30  44
8  30
6  10
49  7
50  24
13  48
33  26
19  46
44  36
33  17
11  30
8  31
36  23
11  49
27  31
46  11
15  36
43  10
45  37
13  25
32  48
42  20
16  44
32  16
22  50
17  45
33  16
5  35
39  50
13  9
41  6
43  27
42  14
15  6
27  34
47  29
19  46
8  27
27  47
37  42
22  6
24  22
46  8
40  50
26  8
49  21
23  44
17  42
34  8
37  50
41  36
23  20
24  24
6  38
26  24
14  51
40  29
39  45
39  34
39  7
31  40
7  30
7  38
44  26
35  33
29  29
13  21
36  51
46  35
50  6
29  26
50  45
10  6
49  46
47  44
20  22
34  9
6  17
29  17
13  32
18  6
9  11
29  34
27  6
34  37
47  26
15  26
33  21
5  47
8  10
48  48
26  50
29  36
48  49
45  13
26  37
10  20
48  49
6  5
17  37
46  31
7  19
35  29
14  48
29  5
13  27
33  7
15  46
21  46
8  5
39  20
22  18
43  6
28  50
18  35
26  25
50  39
35  12
14  42
50  15
49  26
50  15
51  6
11  35
27  14
11  47
45  25
21  29
30  36
41  34
42  50
45  12
15  42
27  10
32  20
13  31
45  32
10  22
48  40
39  22
28  25
26  27
38  12
51  26
40  9
20  46
35  12
29  41
35  9
43  35
49  21
44  8
33  21
9  40
28  18
43  23
7  47
28  42
28  18
31  26
30  50
13  35
13  46
24  32
51  47
20  38
42  19
22  48
23  31
50  14
33  35
51  40
23  26
10  12
29  22
32  50
34  35
32  43
12  23
13  8
18  38
29  18
39  6
14  12
21  51
50  21
40  44
42  32
13  5
31  32
46  8
48  32
39  31
17  21
27  44
7  28
20  6
8  34
51  49
40  26
22  12
28  12
25  23
35  5
39  33
45  40
29  30
25  25
22  23
48  5
44  17
31  36
7  14
43  9
46  20
10  32
38  10
14  11
8  25
18  40
49  33
8  14
33  50
26  34
26  35
23  40
16  25
51  11
11  50
26  28
45  8
46  45
39  44
9  22
7  31
20  37
9  48
49  5
50  18
14  14
21  42
38  19
6  19
49  31
20  39
32  33
39  42
26  24
10  29
33  10
29  29
37  5
29  21
41  17
35  25
19  43
49  26
11  19
19  21
46  43
50  37
21  44
5  22
45  27
38  35
14  14
24  18
22  29
41  41
50  27
8  26
18  47
21  41
36  5
18  31
31  28
14  50
45  39
47  27
23  49
13  12
43  18
5  27
20  38
10  29
21  18
41  50
26  23
25  6
40  34
27  28
21  13
26  25
5  41
30  49
51  49
36  25
5  33
29  21
30  27
10  18
25  42
30  47
22  17
28  38
22  13
24  36
36  25
18  10
28  16
27  40
29  6
17  31
36  27
50  11
22  17
27  24
39  20
5  32
45  39
19  24
23  34
49  42
38  48
23  36
17  34
12  23
6  35
23  43
8  18
11  11
41  29
7  10
47  9
35  7
6  31
23  25
15  15
42  10
45  23
7  36
40  24
23  47
10  51
11  22
19  42
8  5
27  22
33  47
12  47
11  43
19  17
18  21
6  20
12  17
15  26
27  51
48  14
13  29
14  37
26  20
15  46
16  49
37  20
30  7
32  27
7  34
26  24
33  34
9  8
43  37
6  35
20  26
32  49
48  44
17  7
32  42
25  12
21  37
34  8
31  42
24  14
35  21
13  30
24  10
27  44
23  16
15  7
27  30
12  15
41  30
33  34
34  40
32  7
49  50
51  32
47  50
39  5
40  32
32  50
16  14
22  47
22  24
21  26
42  21
8  22
30  19
14  42
49  48
30  48
47  17
16  13
17  6
51  32
50  18
36  8
28  50
18  6
34  36
27  51
16  24
15  21
9  19
43  44
25  47
44  20
29  20
31  11
31  20
26  29
20  13
32  21
41  15
44  12
5  49
13  42
14  32
36  15
34  33
30  37
15  30
10  14
24  41
49  22
50  33
32  6
20  11
49  39
27  14
33  18
33  33
37  16
5  32
6  15
29  41
32  20
15  41
39  9
27  12
9  26
48  14
32  32
33  22
49  37
13  6
10  41
21  21
31  31
5  26
29  50
24  14
50  40
16  18
17  12
45  48
38  38
31  44
34  34
7  51
41  15
30  29
44  39
35  25
8  30
31  20
39  7
37  40
14  31
19  39
6  31
12  46
47  21
45  31
32  8
40  38
41  43
15  13
7  26
13  45
47  19
29  40
10  24
41  45
50  13
27  32
40  26
28  41
43  15
33  5
37  33
15  39
24  38
30  31
46  23
11  35
33  43
41  24
19  36
19  22
25  26
6  42
37  21
45  34
42  39
19  23
23  11
29  9
25  39
11  28
18  26
16  13
6  10
43  17
16  22
5  23
12  9
26  5
35  51
34  18
25  10
46  42
39  16
17  6
48  26
36  37
29  13
25  10
32  20
20  26
18  35
50  35
39  30
17  28
16  40
26  29
17  15
31  22
39  17
42  8
30  31
5  31
40  51
28  19
8  32
39  9
19  45
49  20
32  34
51  46
24  47
42  35
31  24
19  29
31  18
9  15
8  10
25  34
9  47
38  10
48  30
27  29
47  18
35  13
17  36
36  49
13  36
35  29
36  37
47  37
48  12
5  23
41  35
32  32
9  46
48  25
39  23
30  34
42  9
36  11
25  31
16  49
24  23
10  13
17  20
43  20
42  48
8  35
35  50
43  7
11  13
17  5
17  41
13  42
35  11
49  21
42  16
25  42
10  39
5  26
23  44
7  22
12  11
27  32
5  32
5  44
32  19
23  50
23  33
24  6
15  44
5  47
47  49
9  16
23  22
17  30
14  13
26  19
21  40
24  35
29  20
51  46
29  42
19  26
36  14
10  46
25  36
44  15
49  48
40  6
12  33
50  42
20  30
29  15
8  12
33  49
39  47
19  22
33  34
43  48
7  33
32  25
7  22
25  44
10  7
27  15
47  39
9  21
26  15
51  44
51  10
45  50
28  32
26  22
48  32
22  15
49  29
18  31
29  49
45  25
42  27
21  31
35  10
46  16
11  48
31  20
20  46
10  47
21  12
44  16
35  26
16  17
19  12
25  36
51  35
6  48
50  33
11  51
8  49
49  17
5  41
18  34
28  23
21  15
16  7
42  10
29  27
29  20
33  41
9  41
20  41
24  44
36  33
50  11
11  25
24  37
31  24
19  35
38  49
45  37
44  13
18  33
23  49
7  35
5  45
45  22
22  16
16  6
44  27
44  20
9  50
5  6
36  46
25  47
15  13
35  39
46  21
16  9
7  11
31  25
9  18
48  41
49  19
30  50
33  40
42  27
38  19
18  36
12  47
40  24
10  46
33  7
39  50
28  32
14  19
22  46
35  47
26  16
22  7
14  5
28  32
14  19
36  11
12  12
7  47
16  16
6  10
17  14
49  38
39  28
20  42
34  28
16  17
24  17
9  49
25  5
32  21
10  21
22  31
16  49
25  13
12  10
5  15
16  8
9  15
6  16
48  48
29  25
35  12
27  30
24  33
47  40
27  11
14  50
51  41
36  12
34  51
45  38
38  20
47  12
21  24
51  44
10  34
19  8
22  38
19  43
41  7
11  47
29  37
48  11
48  38
46  38
22  10
45  23
49  12
17  11
48  48
51  42
45  40
38  7
23  40
38  27
29  13
11  10
29  8
6  31
21  25
41  12
29  32
44  31
8  30
29  13
42  31
15  13
9  12
20  48
30  36
18  35
49  18
33  19
7  18
8  32
37  20
39  13
33  46
31  10
23  27
34  41
47  28
26  16
42  37
8  36
10  46
43  36
11  18
27  5
22  36
39  37
37  8
50  42
42  31
40  43
46  32
22  30
30  32
31  47
17  27
10  44
50  50
44  23
9  30
10  51
37  43
36  29
5  29
39  16
16  38
14  35
5  41
45  30
8  20
28  41
50  36
32  49
18  15
45  13
47  23
8  37
7  49
42  47
7  35
49  26
32  18
39  6
19  34
39  30
35  25
5  46
21  39
5  35
43  7
14  12
14  51
16  11
10  24
31  22
18  50
28  7
44  44
10  5
33  47
35  37
36  47
20  48
46  17
9  50
36  29
26  43
21  31
12  48
6  13
5  11
27  50
22  49
12  14
21  30
33  40
6  28
25  40
20  26
28  7
19  11
39  13
50  16
34  42
42  8
35  46
29  29
17  41
13  37
14  45
33  23
30  47
21  39
21  7
49  15
16  12
39  36
46  46
15  11
47  13
49  5
47  15
39  27
24  5
7  43
35  35
40  14
39  42
30  6
28  32
8  38
46  14
46  32
23  11
46  29
11  33
20  49
45  18
25  8
39  40
10  42
28  23
31  26
7  27
50  34
45  28
16  37
43  6
35  21
7  21
21  18
42  14
24  10
50  16
15  28
24  10
28  11
44  21
18  50
43  21
19  37
24  6
8  45
35  42
48  17
50  35
48  35
51  21
12  49
32  11
11  6
19  28
15  33
42  40
36  18
15  33
48  20
10  42
47  7
40  32
43  26
46  8
35  29
42  16
27  19
10  14
30  34
5  36
6  22
46  10
41  8
27  15
18  45
5  5
19  47
7  26
12  38
43  25
46  24
22  10
6  25
34  21
46  36
5  9
44  11
38  49
12  17
41  46
18  44
18  49
43  26
49  37
11  26
20  10
18  31
39  44
25  10
11  18
12  8
34  17
28  31
8  27
10  15
51  32
37  46
48  41
47  14
12  39
24  51
21  34
17  46
48  19
36  13
24  14
49  49
15  40
50  34
13  46
12  39
48  35
35  47
47  50
37  25
47  41
24  32
5  30
21  12
25  40
27  38
48  11
19  18
32  19
9  49
26  11
34  27
34  11
40  17
35  12
19  47
24  19
38  10
25  8
47  9
50  8
14  26
11  32
20  24
46  8
32  48
23  16
40  34
11  24
39  48
17  23
20  45
35  30
38  18
29  16
9  12
16  42
48  31
31  50
33  10
25  17
40  13
20  45
31  31
10  16
22  38
7  41
37  7
45  38
17  18
16  9
46  20
11  50
14  44
21  17
45  12
14  42
24  13
10  51
5  29
16  45
8  6
33  25
17  16
28  46
28  13
31  42
22  48
28  12
30  38
33  34
30  16
37  38
44  33
27  28
45  11
50  26
13  28
25  39
10  11
17  35
43  8
6  35
50  49
22  12
21  5
48  9
28  49
14  18
41  19
21  39
30  14
38  24
17  9
48  34
45  25
41  12
43  23
16  42
36  46
21  51
8  46
48  51
33  16
40  36
45  12
23  8
28  24
29  22
24  19
20  12
7  51
30  46
33  45
44  51
11  24
24  24
7  39
32  44
50  5
42  31
10  50
30  32
32  38
37  28
35  23
13  22
33  18
20  44
11  9
43  7
46  31
49  35
45  36
46  13
45  9
44  42
36  49
37  24
39  40
14  44
36  41
17  38
28  33
49  36
47  39
50  24
51  40
12  18
35  8
14  36
27  36
7  24
50  14
35  48
32  22
50  46
23  48
8  41
6  21
50  24
24  41
41  34
25  51
9  49
50  38
36  39
38  17
19  44
28  40
28  22
14  26
12  29
47  44
5  34
40  17
35  23
47  49
13  5
36  15
21  9
23  45
49  37
26  26
16  20
27  26
44  32
51  21
37  34
7  49
33  35
49  39
7  46
25  51
29  49
9  5
11  8
7  42
17  27
24  6
13  31
45  35
42  47
18  19
10  41
16  51
11  18
50  40
32  40
19  22
49  46
13  44
49  37
12  8
21  36
14  38
35  12
5  25
6  47
51  37
20  32
12  10
6  46
44  35
31  32
15  42
19  43
21  46
18  37
13  9
38  8
11  22
47  40
31  13
19  19
42  42
8  17
44  25
45  36
31  27
18  25
38  43
29  35
8  20
8  28
44  36
31  35
25  30
17  45
24  29
5  51
35  32
51  29
14  17
38  41
51  50
31  49
39  48
8  20
18  49
8  51
43  38
21  39
45  14
33  13
49  25
44  18
30  18
47  8
30  27
29  5
45  47
6  31
25  46
45  39
17  20
41  43
14  25
34  7
17  37
51  39
33  41
26  50
51  12
25  41
28  42
28  20
33  35
15  26
8  16
11  20
6  41
41  5
41  35
10  27
44  45
37  38
33  33
34  29
19  9
39  21
15  9
24  32
27  15
13  28
36  42
14  8
38  42
7  41
7  10
46  42
7  35
35  31
19  47
10  36
29  32
9  46
45  19
14  6
45  29
21  17
32  27
19  50
34  12
35  35
40  26
42  24
12  8
5  11
9  45
32  29
15  8
44  40
48  24
14  43
10  23
17  25
50  44
42  34
37  46
31  27
20  48
38  35
34  9
50  26
21  6
21  9
7  25
19  51
44  26
16  18
27  16
48  48
49  38
43  22
14  24
19  14
5  30
26  8
21  22
26  44
44  47
13  43
47  11
32  23
49  43
32  21
11  7
41  19
18  15
39  19
36  36
29  15
30  31
5  41
50  25
29  12
51  40
39  30
35  17
7  32
36  47
26  10
19  40
14  34
50  48
46  13
25  37
32  51
14  25
17  34
19  51
11  8
15  18
18  33
20  47
5  19
17  27
12  32
49  46
17  29
48  19
25  10
29  18
30  22
33  46
46  31
20  16
19  34
27  32
27  27
11  13
24  33
12  11
31  31
32  35
40  38
32  41
35  45
26  31
30  32
49  14
15  18
32  41
51  51
49  24
37  46
48  34
26  44
50  48
39  47
28  17
11  5
23  25
21  35
31  14
34  22
31  10
42  42
41  49
10  29
41  12
41  32
14  11
11  19
38  29
12  15
45  43
18  13
6  37
39  41
32  24
38  32
36  25
23  17
16  31
5  26
12  36
45  34
31  31
19  35
44  40
20  15
27  41
28  28
41  5
15  29
17  29
29  33
51  34
37  16
39  33
47  47
5  21
19  12
20  29
6  44
42  38
47  40
38  27
43  35
40  10
9  42
26  39
20  31
25  13
5  28
30  23
37  14
45  11
48  47
14  29
7  37
27  48
16  38
31  16
47  44
11  43
27  34
28  40
50  51
22  31
48  18
27  25
27  34
14  44
43  20
35  5
9  29
32  8
23  30
31  25
36  22
23  32
43  41
18  40
48  12
40  25
50  8
11  6
38  14
22  23
8  8
25  39
46  23
10  45
14  43
5  22
18  40
6  42
11  36
26  8
6  39
45  23
42  51
12  18
25  45
26  33
32  28
16  44
36  50
47  43
48  15
32  30
47  21
34  20
36  13
40  40
7  15
21  24
16  21
49  49
37  36
48  29
26  31
14  6
21  22
41  35
9  20
7  30
6  24
49  20
18  26
34  39
50  28
34  16
12  35
6  31
38  48
40  50
8  36
28  15
39  41
48  5
33  6
26  35
47  23
15  32
6  41
9  47
10  48
34  32
50  36
40  16
45  11
36  36
49  21
30  16
11  23
29  13
44  40
28  7
9  23
44  46
29  18
7  41
31  33
20  40
40  30
28  45
14  7
17  25
47  36
20  14
36  8
32  26
36  37
46  23
20  8
14  22
5  24
46  12
14  48
44  43
23  13
34  25
43  34
9  29
34  45
7  48
41  23
14  41
8  46
36  39
47  23
34  11
46  15
47  50
12  10
31  43
31  36
15  7
30  51
5  34
46  37
34  14
6  30
35  39
13  47
49  6
44  44
35  39
31  10
46  20
24  40
22  5
11  46
42  27
20  39
32  26
31  8
34  18
38  8
23  33
32  24
8  31
28  16
42  15
25  15
49  5
38  24
16  47
38  27
42  31
38  35
30  50
14  32
20  11
50  25
9  16
28  13
23  44
12  35
5  6
30  36
10  29
17  26
50  23
26  27
15  33
19  34
22  16
15  9
23  26
39  17
20  44
26  50
16  37
36  20
12  30
42  20
33  25
7  26
37  49
39  27
8  43
33  23
51  24
34  8
49  36
15  40
51  32
32  12
28  48
6  29
25  39
17  43
36  37
39  7
19  42
22  36
42  35
19  36
40  37
25  51
51  15
25  24
23  42
5  38
43  46
10  18
46  22
21  30
26  50
50  24
23  51
25  10
38  51
5  23
31  26
40  15
7  38
31  23
50  12
14  40
35  46
42  47
34  12
20  29
47  10
48  12
35  23
34  44
28  40
23  32
42  15
18  51
15  5
46  34
39  5
25  8
38  42
13  19
17  17
21  14
43  13
21  19
27  49
49  25
47  33
29  32
22  44
10  49
31  29
38  44
34  39
42  18
37  30
5  45
5  31
49  20
28  43
16  24
15  13
10  38
33  30
10  9
28  15
40  24
29  8
11  19
23  41
34  43
29  50
11  28
34  30
46  32
37  8
41  39
31  41
31  51
20  7
9  41
40  37
30  8
6  10
37  5
26  8
48  37
33  22
50  5
41  7
33  5
36  41
9  15
15  24
39  10
21  14
44  24
43  33
36  31
46  23
26  39
48  21
30  26
25  45
16  17
40  19
46  30
32  50
15  47
48  6
45  19
10  38
13  24
36  39
37  49
46  30
13  49
31  48
12  21
39  18
19  21
37  46
34  34
13  15
12  8
28  18
16  30
45  44
47  46
42  21
25  10
22  36
18  42
14  23
39  45
33  49
15  51
23  31
27  15
37  10
5  14
44  35
30  8
37  30
45  6
41  26
44  22
12  29
50  46
26  27
15  32
20  6
6  20
33  9
46  27
11  9
20  9
17  30
23  11
12  13
26  7
32  23
21  15
33  29
44  41
40  32
47  25
23  12
36  50
23  10
32  9
7  20
12  26
40  9
32  50
11  13
49  40
37  49
19  15
49  26
21  38
20  31
37  14
18  23
15  42
50  31
14  49
21  27
33  41
45  30
6  38
6  38
48  18
24  21
8  22
30  44
12  20
19  11
46  16
36  15
49  19
24  10
45  9
6  25
40  48
37  24
32  35
28  14
22  41
23  16
9  23
16  23
9  21
39  45
27  18
43  51
19  14
18  22
24  39
51  11
7  30
33  24
47  43
40  34
15  18
14  9
11  41
26  23
36  36
43  13
48  8
35  37
48  37
23  28
33  16
43  30
9  14
46  21
13  28
34  48
44  6
35  34
26  32
50  7
28  37
19  36
33  19
47  10
48  34
20  5
42  35
11  19
6  35
11  27
36  33
22  36
28  29
12  32
43  14
27  26
23  46
8  20
12  39
28  51
27  9
6  24
17  19
50  8
50  20
15  45
46  12
44  45
9  22
49  13
16  50
32  29
33  28
32  14
32  22
9  12
36  30
41  19
16  16
32  38
21  30
39  49
42  6
36  24
12  51
42  40
32  47
50  13
45  10
33  6
48  31
31  12
23  16
7  45
39  32
8  32
30  26
20  23
32  49
17  46
51  17
43  34
20  19
41  11
13  47
44  5
8  50
48  6
7  40
30  43
22  13
44  48
31  15
48  47
42  21
18  30
14  10
35  7
24  13
33  45
45  28
38  48
11  9
48  38
12  34
50  35
48  45
49  30
6  12
49  33
30  47
43  21
50  7
39  51
27  5
49  16
17  31
50  47
24  26
12  9
28  27
38  35
27  41
47  29
45  19
46  11
43  6
45  43
34  11
22  49
40  8
5  33
13  12
41  36
38  12
43  27
18  14
12  35
32  5
51  15
35  32
23  7
15  26
39  24
22  38
21  33
46  37
21  26
46  27
19  12
24  36
33  21
36  51
46  20
23  39
25  7
9  16
43  21
13  35
14  18
33  20
29  30
22  36
49  44
39  32
15  27
12  40
36  43
19  10
50  10
37  7
37  14
47  20
45  24
5  17
30  32
23  38
35  18
38  37
34  23
24  43
30  42
11  21
38  44
43  11
23  11
9  37
21  40
48  19
50  29
26  8
35  20
42  25
40  8
37  46
11  41
7  40
26  43
16  11
8  10
31  20
5  36
27  13
42  32
50  38
41  5
10  32
27  19
5  31
11  35
43  39
48  10
11  6
21  22
37  45
13  42
11  10
21  19
40  31
26  22
18  18
49  50
19  11
31  27
22  39
8  38
43  36
37  16
36  51
20  49
37  16
21  5
34  21
20  38
37  50
35  27
50  8
5  21
30  15
42  46
16  17
24  26
8  10
23  48
43  50
29  42
24  10
19  30
48  5
38  26
51  12
33  39
8  31
37  6
20  11
17  24
38  31
41  28
22  44
22  25
26  26
32  22
13  36
16  27
36  14
29  42
17  9
35  47
24  15
17  10
27  6
27  21
13  40
22  35
35  40
26  44
25  12
18  21
26  11
32  18
35  24
41  13
35  36
37  30
23  30
17  29
14  46
50  25
31  9
39  16
6  19
7  16
13  33
6  18
20  6
22  22
39  12
10  12
7  17
51  6
32  28
48  40
35  29
33  7
6  24
40  48
35  38
19  48
47  25
17  41
42  51
18  27
38  31
11  31
8  37
29  5
41  33
32  47
49  36
35  40
45  27
11  37
31  23
29  25
47  14
38  36
50  33
13  19
8  14
14  33
12  23
20  24
47  42
8  24
35  23
31  33
38  11
45  46
27  23
13  27
48  39
12  49
49  19
22  36
45  24
15  47
37  13
31  38
19  33
18  44
26  24
27  44
21  16
14  22
20  28
9  30
37  9
36  19
26  48
21  26
25  44
38  38
28  46
41  46
25  11
39  44
19  26
40  25
12  5
14  42
10  19
22  19
20  49
50  17
23  34
26  15
39  12
29  7
51  50
27  30
51  41
20  13
50  43
17  40
51  42
51  6
44  29
14  28
33  50
32  7
37  37
31  51
47  11
25  50
12  26
49  39
43  40
11  50
19  34
49  17
11  36
28  48
13  12
29  7
30  17
29  43
6  44
14  13
44  9
32  45
7  16
28  31
36  8
51  21
18  12
10  26
33  45
8  20
13  31
47  23
30  42
32  43
30  5
30  29
24  8
50  27
42  38
6  42
28  21
31  31
15  21
8  48
17  28
50  32
38  24
39  22
17  25
21  47
38  41
44  17
9  23
8  51
37  51
6  5
51  35
47  35
29  50
13  29
19  41
35  31
33  17
9  39
18  33
12  12
40  33
32  39
46  50
15  16
22  16
29  30
43  50
37  43
8  11
11  23
43  21
23  32
18  37
32  26
43  22
8  5
16  43
45  32
43  30
51  46
46  15
23  40
35  27
33  16
25  36
28  22
8  10
39  32
50  28
18  37
31  40
41  24
9  31
31  18
10  5
41  32
46  26
8  11
42  38
14  25
42  21
14  26
13  38
20  28
21  12
31  38
31  24
6  39
48  40
24  37
46  13
43  24
22  39
28  15
6  32
38  48
44  29
14  47
27  15
42  46
29  33
44  23
31  45
12  20
35  5
7  7
20  38
50  14
48  28
20  38
5  44
6  12
16  12
14  11
27  31
36  15
42  49
32  25
50  8
13  7
19  29
24  21
17  31
24  5
45  36
31  49
26  8
40  39
50  46
39  38
48  13
34  42
47  20
49  23
6  48
18  41
8  45
10  9
5  30
16  23
30  32
51  37
26  11
45  38
43  6
44  32
30  42
45  11
49  22
48  41
5  15
51  24
47  40
8  10
33  7
36  30
7  32
40  10
30  41
38  31
23  51
49  16
6  20
25  11
14  17
42  29
45  6
47  51
42  33
6  28
37  29
46  26
6  12
47  38
32  8
14  23
35  28
28  26
15  38
23  27
32  27
49  48
18  18
22  6
20  10
49  35
42  44
39  30
27  19
7  32
26  31
44  45
50  34
35  13
13  30
40  34
44  37
9  27
34  33
5  51
32  21
12  8
16  21
18  13
28  18
45  11
39  37
32  30
21  46
12  6
48  6
22  13
8  33
14  23
29  32
27  10
27  35
26  15
29  24
28  17
44  38
46  10
13  34
21  27
21  24
14  12
5  38
45  14
26  28
29  34
38  8
22  5
18  33
23  33
48  39
30  11
30  50
7  5
50  17
23  44
24  13
24  22
47  19
27  15
30  10
50  13
39  31
21  43
23  17
16  33
36  50
30  41
28  11
23  10
27  44
9  47
5  8
47  37
39  22
48  13
36  48
32  30
44  40
32  51
26  45
10  38
34  12
46  30
15  36
41  44
40  33
5  7
5  34
23  37
7  29
16  43
10  51
42  8
48  46
21  37
28  32
45  46
7  38
39  36
40  46
20  8
36  25
5  33
7  16
8  45
6  18
50  26
17  7
12  22
25  6
35  6
33  8
43  28
10  31
9  39
46  14
39  8
43  43
30  30
23  41
44  31
23  18
33  11
17  22
11  11
30  35
8  35
32  20
38  11
25  34
13  32
23  11
42  16
32  50
44  19
6  39
14  10
16  42
42  38
49  22
46  40
38  18
44  47
43  15
12  44
47  45
24  36
23  35
26  51
20  7
33  43
38  33
15  40
47  21
5  7
19  12
39  15
17  6
12  8
22  50
49  43
44  34
35  50
27  41
40  49
46  33
19  50
24  49
10  10
41  16
40  25
36  18
13  8
19  47
43  45
12  7
25  23
44  49
15  15
34  7
18  25
5  9
42  38
44  19
16  20
15  23
7  29
20  41
26  18
21  10
37  49
30  33
29  6
39  49
16  5
16  16
17  15
14  25
28  31
29  11
48  49
28  20
48  49
51  27
36  11
26  10
45  45
41  25
23  25
45  45
29  37
9  40
24  40
16  14
42  23
6  19
17  44
10  19
12  21
29  40
27  25
33  30
47  13
48  19
42  38
8  29
42  10
8  11
22  11
18  28
34  25
13  11
41  8
44  25
48  40
24  44
50  42
27  50
46  23
35  48
45  28
32  30
44  47
41  29
6  21
46  10
50  38
43  38
48  16
16  10
23  12
25  49
41  30
42  18
45  42
47  5
35  20
23  39
11  39
36  23
11  46
31  36
9  23
21  8
46  44
42  12
42  18
49  40
40  9
35  43
12  40
14  40
13  51
45  31
50  18
44  32
39  12
37  21
38  24
11  7
46  19
50  7
13  30
31  34
14  30
44  27
36  5
38  6
44  37
23  22
13  48
15  29
46  32
32  27
31  46
13  37
35  5
42  26
17  8
40  32
40  50
17  36
14  40
25  31
28  40
47  51
39  50
31  18
46  5
10  15
45  14
28  13
10  16
17  19
12  14
51  23
30  17
51  47
8  50
11  46
12  24
9  17
28  34
43  11
49  10
22  35
51  8
16  38
11  24
20  17
44  39
29  15
24  35
8  37
28  19
17  50
14  48
25  20
9  20
46  12
39  45
7  19
17  24
36  34
10  29
45  8
19  42
10  27
34  25
13  27
31  17
30  41
17  24
26  50
29  34
51  24
25  25
24  30
5  44
35  14
14  46
9  50
45  13
49  14
32  33
40  22
30  20
33  30
43  11
18  40
47  9
25  37
17  13
7  43
43  24
44  41
38  11
30  31
18  44
25  42
37  35
30  35
18  49
40  17
17  6
25  43
33  16
10  18
46  9
15  11
17  28
50  19
12  33
31  5
6  46
16  22
8  38
28  9
31  47
30  18
43  41
17  17
41  21
16  28
8  20
17  50
11  15
51  5
13  21
25  36
6  20
47  8
29  33
9  46
32  45
13  20
39  12
49  25
22  42
44  22
12  17
42  31
46  36
13  38
22  6
10  8
6  48
13  46
40  7
14  10
30  48
15  33
20  47
15  33
25  13
9  10
11  38
19  24
42  10
45  25
41  35
12  33
25  44
28  29
38  43
26  27
10  46
18  7
31  16
37  27
28  11
33  30
14  46
41  33
34  36
23  48
25  18
29  25
15  10
9  6
49  30
6  40
41  31
22  33
29  16
46  40
27  23
39  31
45  41
12  50
19  16
10  26
41  40
9  28
38  12
15  16
36  15
46  49
16  5
9  33
17  18
5  49
51  23
27  29
45  30
13  31
21  35
5  24
38  11
13  29
25  22
26  25
31  13
24  22
47  41
21  12
38  32
37  39
39  44
16  49
24  46
9  49
45  17
46  47
42  45
44  49
41  20
11  50
42  14
51  24
7  27
26  20
34  12
15  35
9  15
18  19
14  21
20  23
42  46
19  20
16  38
45  11
6  18
41  30
16  44
14  45
46  15
39  50
31  37
48  34
11  24
47  15
39  36
13  20
12  28
21  23
23  44
44  45
13  31
32  34
38  28
19  34
17  45
5  39
31  32
35  29
13  23
19  26
46  32
38  35
15  20
15  10
46  42
42  43
10  48
40  31
47  37
51  30
34  37
38  38
10  5
46  28
5  39
48  19
47  33
16  47
17  21
16  17
51  35
7  27
17  23
37  21
44  16
8  19
25  14
44  14
21  41
10  25
13  11
24  34
24  25
45  40
5  50
12  6
48  34
32  15
22  44
46  22
48  47
46  35
36  20
49  9
25  39
39  35
16  40
14  51
9  12
14  18
10  39
37  30
29  26
5  44
25  16
33  23
39  47
13  37
49  40
21  30
41  30
23  40
10  10
6  35
45  48
42  11
24  32
23  32
28  24
32  41
51  46
23  6
37  8
33  25
6  44
39  28
37  23
6  35
42  45
14  48
36  48
43  45
20  35
32  11
41  39
9  42
51  38
51  20
22  17
30  11
44  50
19  15
15  19
15  37
12  15
46  34
19  19
35  44
35  18
44  32
12  34
25  43
41  22
17  16
15  22
9  30
22  28
21  26
27  39
9  21
36  18
39  19
26  49
18  27
31  39
39  45
29  35
8  40
6  33
12  9
31  36
49  20
26  32
19  15
27  23
27  29
9  40
11  20
26  5
34  32
15  41
22  48
37  11
10  6
5  22
50  24
43  31
32  9
36  47
45  16
16  28
7  43
19  6
46  48
23  38
15  24
51  39
18  40
7  15
41  46
43  16
36  8
11  13
27  14
50  48
14  9
6  39
46  46
18  48
21  29
37  38
43  29
47  51
30  42
6  43
22  33
44  5
27  31
18  44
40  48
46  43
50  35
46  23
14  31
27  13
8  46
34  45
6  38
35  45
37  19
36  48
21  44
12  14
6  28
30  49
20  23
5  33
39  47
42  35
47  32
26  12
15  46
23  16
28  29
39  19
25  16
12  20
30  28
46  37
15  44
22  22
10  5
51  35
46  17
34  26
44  49
11  29
48  38
31  31
32  12
33  14
6  5
30  38
33  20
49  18
36  9
19  49
36  22
45  21
36  8
42  22
18  14
35  36
29  17
15  37
19  25
24  39
43  46
18  29
12  43
20  47
45  14
29  34
7  7
17  49
32  35
11  24
12  26
50  20
25  6
24  10
42  9
6  9
25  42
11  38
15  13
38  27
49  50
8  19
41  27
20  38
28  37
12  48
40  39
34  34
51  41
50  49
32  12
40  51
45  8
18  11
26  10
21  27
29  25
6  18
10  15
49  35
24  7
7  40
40  24
16  5
47  26
21  22
50  21
11  28
28  8
38  44
29  18
51  39
19  19
51  48
17  41
43  19
23  19
27  21
14  26
48  11
24  20
6  13
46  18
46  26
34  30
49  49
9  34
11  35
8  44
51  22
17  50
30  32
40  15
43  9
47  6
18  37
30  47
11  31
35  18
39  13
30  9
50  25
9  12
16  13
38  37
51  19
16  22
21  47
50  7
47  15
45  11
49  10
16  47
47  37
30  14
41  28
23  23
28  50
30  36
7  33
29  7
10  47
22  24
40  12
22  14
43  51
24  17
42  34
38  23
26  29
46  39
26  38
48  24
10  13
41  20
51  9
29  43
47  11
24  5
36  6
16  49
51  13
5  46
46  20
12  40
29  42
10  17
24  14
11  7
29  46
15  9
49  38
10  32
17  7
7  38
44  44
25  31
11  12
19  6
45  17
26  11
10  10
17  26
24  5
10  12
18  23
43  50
16  24
22  46
9  39
22  27
51  24
13  20
21  49
8  22
35  45
24  47
12  42
6  29
42  23
35  15
37  29
8  11
51  38
42  51
51  37
21  26
41  51
5  6
39  39
36  40
16  48
19  40
5  42
49  28
6  12
41  12
13  39
49  6
19  37
8  18
23  27
17  8
43  48
11  18
36  48
20  35
42  7
50  16
21  34
31  48
39  9
51  28
34  38
41  16
6  11
12  51
45  43
5  39
51  37
45  51
25  22
43  49
29  48
12  33
40  22
15  28
46  28
32  10
12  40
10  49
16  37
14  38
31  44
43  37
45  7
35  12
7  38
20  49
14  43
39  9
6  16
20  27
28  5
28  26
26  41
37  41
29  43
45  50
8  13
51  50
43  39
45  28
10  37
31  47
35  39
48  6
42  15
14  19
46  37
18  30
44  47
12  21
16  38
23  21
45  23
30  38
31  25
23  17
33  50
34  42
38  23
25  44
37  31
14  41
34  36
39  21
18  30
38  18
45  47
40  11
38  34
23  32
24  11
25  44
15  50
8  40
29  37
19  48
12  10
40  15
21  7
30  36
51  26
19  28
47  41
31  41
16  24
42  34
5  23
51  44
40  44
49  13
7  14
20  22
31  26
41  36
40  27
15  35
32  34
16  47
32  31
17  31
32  40
26  36
11  27
22  42
50  50
50  24
5  27
43  37
21  15
25  26
5  25
18  19
21  49
47  6
41  8
49  34
10  28
27  13
27  50
22  33
21  33
9  5
29  45
36  20
41  50
34  39
49  16
31  15
8  51
22  17
50  16
9  46
22  8
48  44
33  34
49  22
20  36
39  23
6  18
33  46
40  5
35  27
32  25
38  21
9  10
16  12
16  19
5  25
27  27
32  21
23  25
41  40
23  23
18  23
34  16
15  21
36  12
43  13
12  37
24  35
48  39
5  49
9  47
36  17
28  26
23  14
49  29
27  33
6  14
12  27
26  9
25  42
46  18
19  32
33  7
28  22
43  9
48  28
50  36
28  42
6  32
31  30
41  29
45  25
29  14
46  37
13  27
50  9
7  33
27  25
11  19
20  38
38  37
13  23
19  12
24  15
29  27
5  13
26  20
24  14
9  29
13  34
21  22
7  21
20  19
9  14
13  18
11  39
19  12
15  51
47  51
6  19
37  14
48  28
48  22
7  8
29  29
21  31
7  9
43  22
47  9
43  45
36  20
9  44
10  17
47  46
50  7
21  28
11  30
15  16
17  43
32  44
46  20
46  41
20  18
41  33
50  39
8  44
39  31
46  6
29  10
7  6
48  48
23  11
12  11
33  15
42  8
43  26
42  7
39  25
42  14
14  6
21  44
21  36
22  30
34  41
12  15
22  33
48  14
45  47
13  33
18  28
27  51
38  51
47  30
20  40
33  50
37  50
35  35
33  42
15  6
8  31
42  16
20  13
9  30
36  18
37  33
22  15
8  50
40  21
31  29
34  44
22  37
50  29
7  12
32  46
39  6
7  31
35  5
6  17
19  17
21  15
31  22
40  14
42  45
18  17
46  29
46  42
31  32
16  39
13  47
20  48
5  43
44  25
9  38
25  6
45  47
5  25
39  9
24  18
49  19
6  45
17  14
36  48
24  16
49  35
6  16
21  38
27  27
25  25
20  12
17  11
14  26
13  43
44  5
21  42
35  51
17  48
11  33
9  10
45  16
30  13
44  45
25  21
44  19
18  44
32  32
36  14
29  49
33  33
27  24
21  22
9  50
45  51
30  40
27  47
31  18
33  14
29  7
17  21
6  13
48  15
17  49
41  31
51  39
41  40
15  21
47  16
28  30
21  29
11  25
34  6
51  14
21  5
51  27
51  50
37  8
44  41
11  48
17  12
20  23
11  12
12  51
24  27
19  48
12  48
31  46
14  41
17  18
19  10
51  26
21  31
49  47
6  49
39  37
20  50
21  13
5  27
24  5
47  9
20  13
43  34
26  46
33  30
46  16
25  33
42  9
38  33
6  48
49  41
47  51
17  28
16  35
48  12
51  38
39  24
44  46
13  51
5  50
33  10
35  41
11  18
29  20
14  33
17  6
29  7
47  25
49  5
35  51
15  36
44  39
27  35
42  46
5  34
14  27
26  5
40  51
36  30
43  23
10  18
26  45
18  27
8  31
8  25
17  48
24  15
42  6
42  51
50  11
32  40
9  45
41  33
29  36
22  5
39  5
48  33
22  22
43  40
21  12
28  13
40  8
23  19
49  45
42  22
49  20
50  47
26  46
38  34
43  44
15  20
6  25
45  42
31  34
10  13
23  38
16  24
6  16
20  35
19  48
41  45
47  48
18  51
33  5
43  44
29  50
15  27
10  40
24  18
29  49
5  6
41  32
5  11
45  32
18  45
48  44
32  7
7  11
20  8
18  43
7  14
10  50
28  28
25  19
11  30
39  41
14  12
41  39
13  43
45  28
46  41
12  32
50  36
36  25
5  29
5  19
17  15
12  36
38  51
23  15
5  40
24  26
46  31
27  33
47  16
22  32
20  10
15  43
35  22
47  46
45  24
13  21
47  45
8  19
27  13
24  43
33  42
27  10
27  29
34  49
23  26
26  20
20  34
38  9
50  21
49  46
50  14
6  42
31  50
34  6
48  8
12  39
8  50
11  26
10  26
9  50
16  34
32  39
7  36
26  43
39  44
41  49
32  10
36  30
5  49
44  32
43  13
42  27
21  44
38  47
11  37
30  35
9  19
39  39
45  8
27  41
27  16
16  32
5  24
23  45
18  12
36  11
50  41
46  41
24  26
33  6
17  10
25  27
39  17
26  27
50  29
51  50
18  44
50  47
50  27
51  5
43  10
9  42
24  41
39  6
14  10
28  16
30  24
37  20
6  13
9  36
16  11
13  8
23  11
24  29
10  5
31  26
22  33
8  7
51  49
46  7
7  12
15  15
13  48
41  30
24  51
19  45
51  38
25  5
33  46
24  34
49  47
20  10
26  51
28  9
48  33
12  37
50  35
31  12
29  16
25  15
27  51
34  43
25  33
26  47
38  48
11  37
50  37
36  29
32  6
10  25
47  24
42  33
46  37
44  42
8  7
22  46
18  26
51  39
39  28
50  20
50  29
24  10
21  23
46  49
7  43
28  19
40  48
16  40
12  9
12  42
49  21
23  44
17  15
27  8
33  6
46  27
15  35
51  17
43  16
32  44
31  40
19  16
5  12
45  12
48  6
33  25
15  46
25  17
21  26
15  46
46  41
19  41
18  28
11  5
14  26
49  48
6  16
31  37
32  11
37  20
18  28
25  39
12  13
24  45
40  15
33  24
27  49
46  27
22  21
22  13
19  40
29  50
34  51
38  51
49  33
8  24
40  7
49  16
15  7
31  20
18  51
12  18
28  8
5  31
50  7
15  15
43  33
18  51
40  48
46  6
19  50
44  40
33  18
28  37
8  44
45  20
46  41
9  18
20  34
39  10
48  18
22  37
13  17
39  47
8  35
49  25
20  49
25  5
14  39
40  51
47  20
7  47
30  8
5  15
32  47
47  29
51  38
50  51
23  42
47  14
19  50
20  24
49  37
30  37
26  49
31  41
22  23
12  38
31  9
35  8
35  44
51  43
34  37
48  37
26  24
21  45
6  16
6  30
22  49
26  23
42  20
47  6
27  17
13  14
33  6
14  42
46  17
15  21
19  32
45  48
49  20
37  18
26  51
43  48
40  6
19  44
25  10
8  47
39  33
17  10
23  8
43  37
13  29
49  18
11  9
43  14
22  9
50  25
33  34
46  16
9  41
24  38
19  17
30  18
51  22
26  13
15  50
5  46
16  5
28  45
20  8
7  35
29  39
42  19
21  40
20  37
34  11
24  11
14  6
38  42
34  49
6  11
28  30
39  37
37  38
47  23
28  24
49  35
13  14
36  32
45  35
15  21
5  30
37  24
19  11
28  11
35  31
8  36
10  20
28  27
22  17
47  32
12  8
25  46
18  35
42  44
36  34
48  23
5  39
36  16
8  49
47  37
34  49
28  10
36  25
40  7
7  6
8  50
13  45
26  18
28  21
16  14
34  12
13  44
9  33
41  40
34  11
30  29
24  46
24  38
51  39
26  12
23  37
40  30
21  45
26  29
25  51
21  45
8  37
35  33
36  19
6  27
15  41
19  23
36  16
21  46
27  40
51  10
48  28
47  23
9  43
33  18
37  46
44  13
20  17
10  25
19  25
19  10
48  26
50  28
26  13
31  42
43  46
36  29
46  11
10  45
36  42
35  5
21  8
39  49
27  50
32  15
38  17
11  33
44  14
6  33
45  33
10  29
8  36
23  21
48  14
14  29
22  29
9  7
11  42
19  44
15  20
12  35
9  8
34  33
51  15
5  30
38  46
49  34
31  13
44  6
30  27
17  36
7  8
40  19
14  7
5  37
29  42
43  50
50  35
11  40
39  43
28  27
27  10
7  6
27  12
33  47
47  38
48  45
36  31
44  7
47  7
15  42
37  32
5  42
20  46
9  9
15  28
19  23
43  22
30  44
46  37
51  14
31  26
17  21
37  47
21  16
45  48
24  18
45  35
22  15
14  24
33  35
6  8
18  30
27  42
43  41
28  45
33  6
34  20
36  11
46  7
25  25
41  35
18  44
27  12
46  46
44  19
12  17
8  30
7  31
10  11
6  12
38  48
28  5
16  31
34  28
14  12
40  20
24  24
42  30
49  46
25  51
48  6
5  7
10  20
8  50
42  27
24  48
18  35
33  18
5  9
23  15
43  17
51  31
42  45
38  18
19  35
21  13
36  11
8  37
32  30
21  18
50  46
9  29
10  18
49  21
47  30
47  16
25  23
19  37
10  40
6  11
41  39
10  6
23  50
7  37
35  9
21  47
49  46
38  31
42  34
10  30
26  50
23  36
25  33
27  18
30  37
32  38
42  43
37  9
32  5
20  19
25  11
6  6
37  24
16  26
28  34
35  26
27  40
22  19
43  26
47  29
24  21
33  20
42  42
23  14
30  38
22  35
40  40
28  32
8  38
18  40
45  13
49  8
6  43
26  23
9  33
43  5
39  46
48  8
36  17
46  45
25  35
30  36
29  33
7  20
34  5
35  13
31  23
19  8
21  48
32  51
46  7
31  20
24  24
36  26
18  36
13  46
8  32
42  31
13  46
43  21
18  5
30  40
33  40
45  7
14  32
40  37
44  40
45  12
48  45
47  32
23  48
22  19
31  32
16  37
21  37
12  31
28  32
41  6
15  46
46  42
24  32
25  28
7  30
30  17
34  16
48  22
38  8
33  38
34  34
21  45
49  15
17  9
10  39
19  46
5  38
12  6
28  30
10  6
9  34
16  49
16  23
27  34
5  14
37  23
9  48
21  20
39  19
50  10
48  38
48  36
25  48
11  37
49  33
48  7
7  19
23  37
48  44
42  46
22  38
45  8
31  14
8  17
47  34
21  6
32  29
36  34
26  31
15  5
47  28
8  17
15  49
34  23
42  35
28  7
51  14
7  18
28  29
49  44
37  19
7  39
50  49
42  51
7  39
22  36
37  42
21  36
19  26
46  6
29  5
22  18
40  40
13  8
9  48
14  23
33  50
28  11
25  45
19  7
20  32
36  27
39  13
19  38
8  12
18  45
51  17
45  25
23  39
42  42
28  21
37  14
13  51
9  30
34  26
44  51
40  19
32  19
21  45
7  42
16  7
7  7
14  13
31  12
31  35
49  32
12  37
47  39
48  41
49  26
50  14
12  17
8  30
32  19
6  19
33  44
42  14
10  46
50  8
19  14
36  6
8  25
21  10
49  45
32  6
16  5
34  20
27  15
8  16
41  50
37  10
6  46
48  13
27  9
10  17
23  28
49  32
43  17
48  27
20  40
18  13
40  11
40  29
22  43
7  47
34  44
21  5
29  5
50  36
48  23
32  17
9  32
44  11
35  27
7  39
46  9
47  10
6  40
36  28
14  18
17  38
37  15
41  50
28  27
8  26
5  48
23  10
49  10
6  31
11  21
40  39
9  8
47  5
42  24
47  20
5  35
22  33
24  49
14  48
15  48
17  39
13  6
32  39
37  27
26  45
51  49
33  38
10  33
46  20
48  32
42  15
35  37
32  30
22  10
15  41
12  40
11  21
37  40
37  36
51  17
16  46
37  47
25  38
25  22
31  7
36  35
49  9
33  40
28  28
34  24
29  36
32  41
37  34
27  11
26  14
42  15
10  29
7  29
17  17
20  43
14  5
20  26
11  17
38  15
8  41
11  41
33  27
16  41
21  43
30  20
12  15
22  11
36  37
49  37
7  26
43  47
42  16
51  12
5  15
45  20
35  9
40  17
27  10
34  16
35  24
8  41
51  33
50  27
16  46
34  44
43  46
46  46
6  14
36  13
44  42
11  12
20  17
16  27
42  32
9  16
12  39
51  30
8  14
15  6
33  22
33  48
37  38
28  42
28  21
28  25
46  29
10  14
33  10
42  32
37  19
13  19
14  29
27  34
27  51
26  40
40  29
28  41
42  18
47  8
48  34
28  32
44  50
5  30
10  22
23  29
19  45
47  51
14  39
8  24
28  27
31  14
7  41
7  5
26  51
46  11
38  12
12  48
5  46
31  30
15  28
37  5
22  30
50  33
24  25
18  33
49  18
19  5
21  38
38  27
45  46
42  39
39  33
22  37
38  31
18  17
26  5
9  31
45  33
16  40
27  49
11  38
37  19
27  37
39  32
30  22
12  23
37  38
17  19
10  18
46  50
38  31
20  10
14  17
44  22
41  12
12  13
48  26
12  30
35  13
20  19
42  9
32  26
36  36
36  40
5  50
23  17
34  51
12  7
9  6
51  24
44  13
38  35
13  41
13  34
32  8
47  35
10  33
15  50
15  37
7  11
28  15
48  41
23  37
17  51
23  8
24  16
32  26
23  50
26  33
27  37
16  11
21  30
9  7
37  35
7  36
31  27
35  37
6  9
5  41
21  9
44  32
32  37
46  34
17  38
37  18
43  22
40  48
49  39
45  34
40  27
5  21
48  16
46  28
30  42
20  16
16  45
30  32
8  50
33  30
18  43
27  27
36  38
15  47
13  41
45  34
13  20
10  16
18  13
6  13
21  15
33  12
50  33
35  13
6  44
42  9
41  46
35  22
35  20
39  14
15  35
20  10
31  17
7  39
51  41
49  8
31  17
27  44
37  35
5  8
32  51
19  47
37  17
40  13
26  10
41  37
25  24
30  22
27  20
23  45
38  10
30  27
36  51
13  18
49  35
48  19
5  30
19  41
9  7
13  46
23  5
9  46
34  17
35  46
36  40
40  7
27  41
5  44
13  19
20  19
41  10
31  21
21  48
18  50
15  36
8  28
9  30
30  33
14  16
7  31
25  29
23  7
38  39
15  16
13  27
8  9
23  45
21  11
6  19
29  31
17  44
27  51
19  10
11  39
19  34
33  37
21  30
51  44
6  40
5  5
50  33
51  17
48  36
18  43
51  29
16  12
47  32
39  47
28  20
43  8
6  6
38  24
19  29
24  39
37  41
6  31
19  48
41  17
26  32
44  26
44  49
41  26
51  36
43  12
48  5
28  31
20  48
48  24
12  43
34  44
47  11
29  8
17  51
43  37
51  33
36  51
23  6
34  50
7  35
34  18
45  50
11  43
19  33
32  18
7  32
15  46
46  44
18  18
40  33
47  13
48  20
17  35
27  44
34  23
30  23
21  44
28  47
39  39
34  10
43  32
11  10
31  42
48  28
14  33
51  34
43  14
36  44
20  8
38  16
39  50
46  26
45  42
37  28
27  11
36  42
34  18
24  43
22  7
5  28
49  9
30  43
9  31
48  5
8  15
15  47
24  26
10  25
30  35
21  9
9  40
18  30
43  50
24  11
28  34
33  42
12  26
33  34
22  6
26  24
12  10
24  36
51  25
12  11
24  22
36  10
47  38
30  20
23  11
45  21
37  33
50  40
29  40
33  9
43  11
50  35
12  19
24  40
18  7
9  51
32  43
15  21
41  42
41  47
47  27
36  31
50  30
6  39
29  12
44  47
5  19
9  12
50  36
8  39
45  46
8  45
36  33
19  18
43  37
23  13
10  35
38  9
20  46
11  18
48  25
19  5
24  28
16  46
23  38
51  13
19  11
18  43
49  6
29  48
46  16
21  25
14  37
34  38
30  18
33  42
14  20
32  44
12  28
25  15
23  41
42  16
48  50
8  23
11  35
23  40
27  28
12  19
51  37
7  12
8  44
13  8
47  38
20  33
39  36
42  17
32  46
48  49
25  43
5  33
6  24
20  50
18  41
36  9
51  21
29  31
27  27
35  49
5  40
36  9
25  13
40  5
39  12
5  13
51  32
5  11
9  10
7  19
30  25
26  24
44  6
48  46
39  6
39  37
35  22
33  50
31  36
16  8
51  42
9  27
22  42
33  46
47  17
39  21
17  20
14  45
40  10
13  15
34  36
38  48
11  15
21  20
43  19
18  8
11  41
34  49
17  22
27  33
15  24
37  34
48  33
34  32
34  15
31  48
36  35
6  10
33  49
35  49
34  47
12  42
42  26
30  19
29  40
39  43
24  31
29  33
11  46
32  44
38  10
26  16
32  31
45  50
10  42
34  27
15  45
19  10
30  13
43  16
31  51
8  26
44  27
44  45
22  38
16  6
17  15
40  24
33  5
13  14
29  38
32  25
43  23
12  15
21  39
22  11
30  18
39  24
29  44
36  20
38  21
14  49
16  49
44  41
8  41
47  50
51  46
12  19
19  13
51  46
50  48
17  32
46  9
51  10
40  44
45  43
14  8
28  29
7  30
15  20
24  18
36  21
51  11
37  21
10  38
16  26
48  12
47  45
27  19
29  17
38  45
14  17
26  43
14  10
51  24
31  12
46  49
10  20
5  38
6  38
22  11
25  47
22  46
18  46
49  31
25  31
41  50
15  45
46  44
17  49
32  47
10  33
36  42
32  7
8  14
14  48
25  7
36  32
10  44
28  22
15  6
35  26
31  7
46  6
34  42
20  46
8  37
5  40
37  50
37  45
24  40
35  5
32  32
48  5
15  36
34  12
14  41
11  13
13  27
51  42
37  33
22  36
50  31
33  41
20  47
21  24
30  40
6  51
27  17
19  38
19  31
19  42
35  27
18  49
41  35
50  17
43  29
5  12
27  28
42  41
39  49
11  17
50  44
16  26
24  14
21  37
46  13
43  14
9  30
8  49
45  33
22  7
22  16
50  51
26  23
21  46
16  33
51  30
50  20
50  50
40  6
35  19
48  22
5  15
46  31
6  11
38  6
29  9
25  42
42  18
11  28
51  18
9  37
38  30
45  20
34  27
22  21
24  37
17  11
20  20
49  20
6  29
33  49
28  46
10  23
5  45
49  12
29  24
28  35
15  18
37  46
36  45
35  47
11  23
28  31
44  13
7  36
41  22
46  42
19  42
17  48
36  36
49  48
38  45
40  13
9  18
38  10
19  35
33  30
35  22
47  17
20  10
16  21
10  27
44  45
8  33
21  21
42  18
7  36
21  19
22  35
20  11
21  10
34  27
35  21
40  34
48  45
49  16
5  32
21  47
7  17
14  8
5  45
32  8
38  10
31  44
34  34
37  36
40  51
45  13
35  46
6  30
40  7
47  50
26  30
9  15
32  50
8  7
38  21
9  42
22  51
42  45
18  10
6  23
21  45
20  40
26  25
17  39
45  29
27  17
50  21
23  22
30  28
28  12
36  17
11  47
44  6
32  15
47  14
42  27
34  29
25  28
32  24
15  47
31  7
24  16
22  46
48  20
42  26
51  20
9  24
28  47
34  22
16  29
36  27
16  11
21  24
11  10
12  50
48  25
19  32
21  10
46  45
22  21
5  7
36  22
30  22
9  10
42  30
32  42
22  22
47  37
14  50
39  12
8  18
28  47
21  21
20  26
35  21
13  21
14  22
21  9
25  25
48  25
17  7
9  37
26  48
50  25
47  48
50  20
28  18
38  34
7  27
34  36
6  29
48  39
49  28
51  12
37  16
29  32
27  35
6  24
33  21
15  28
47  41
6  36
37  6
27  26
21  36
12  34
29  50
26  23
17  32
45  26
33  19
8  18
40  24
10  16
50  9
51  19
18  44
34  14
16  32
46  13
51  25
26  37
43  49
27  10
37  49
50  31
44  34
8  45
16  51
5  15
49  41
15  11
46  50
31  20
30  21
17  10
45  23
26  19
7  40
8  43
20  13
21  38
49  35
13  26
42  32
40  32
24  33
37  47
35  41
19  34
7  32
23  30
50  37
11  24
48  45
30  7
35  35
15  18
47  39
35  31
33  49
38  22
39  15
7  10
5  19
45  25
16  7
11  40
25  41
48  15
47  20
32  27
43  18
13  9
32  7
12  39
26  43
23  40
42  42
15  22
5  46
38  7
36  27
40  38
51  40
39  30
6  23
30  7
41  15
40  15
49  22
15  25
35  43
50  41
17  36
25  9
30  46
40  46
38  13
14  12
39  42
12  14
38  17
21  8
20  5
35  39
25  17
5  50
29  32
24  19
48  36
5  6
17  34
45  18
21  35
26  42
45  14
30  19
40  40
31  13
22  11
49  7
31  40
8  23
41  37
11  33
23  38
39  6
44  34
35  15
10  6
29  47
10  15
37  23
15  42
16  43
45  45
10  30
48  32
21  28
18  48
6  25
11  13
34  36
45  5
36  10
44  41
46  50
25  24
22  48
37  29
22  51
18  38
28  43
15  51
50  19
49  43
49  25
50  30
45  36
49  26
12  19
10  12
22  38
34  30
33  33
43  22
48  9
19  28
16  18
43  10
49  11
8  5
49  18
25  5
7  45
20  29
23  48
22  33
8  6
29  45
34  41
25  27
17  34
47  33
42  19
28  20
45  5
9  5
7  29
40  7
35  32
11  25
46  44
31  43
32  16
17  51
28  13
19  36
23  13
49  38
49  30
35  48
9  13
34  14
14  13
9  20
39  43
18  7
39  26
18  20
50  50
24  5
15  48
49  12
39  37
30  46
36  16
10  13
8  48
8  49
31  22
43  31
42  31
19  45
15  40
32  39
30  33
11  22
47  33
11  14
18  20
10  40
26  17
21  47
32  45
7  7
44  28
15  29
26  13
36  37
29  15
24  5
27  41
34  41
32  20
43  13
42  48
17  22
20  31
25  21
13  36
25  31
7  45
47  40
7  20
25  25
18  39
51  27
29  33
48  24
49  37
36  28
32  40
32  19
46  6
13  44
35  50
37  31
9  7
24  26
14  32
31  33
25  42
38  40
47  26
20  22
21  26
8  30
33  39
31  22
27  29
20  23
11  22
22  31
35  12
30  20
32  31
17  31
36  26
44  14
6  51
11  19
8  46
18  29
17  15
11  42
31  30
20  7
15  45
8  11
5  37
23  16
50  30
34  47
50  47
29  51
12  27
40  47
50  22
32  29
42  45
21  13
8  40
36  48
32  29
10  40
48  44
51  11
29  34
33  20
40  24
20  49
31  36
8  47
51  32
6  39
12  26
10  9
43  28
36  41
48  28
16  39
37  9
29  49
51  31
25  30
45  45
30  50
22  5
13  7
43  26
44  39
5  50
41  29
43  10
34  13
6  51
44  5
16  9
10  32
23  17
26  48
20  41
27  21
42  29
51  40
47  34
10  41
6  31
28  16
20  41
5  5
50  18
34  33
17  41
29  5
19  21
18  33
24  44
9  32
35  49
37  50
18  33
18  26
49  24
10  9
39  5
34  47
6  33
16  42
36  14
50  15
9  45
36  37
48  33
7  42
16  9
28  31
26  19
5  43
19  13
21  40
23  5
29  39
41  38
27  44
19  11
9  25
31  31
50  12
15  21
7  43
33  6
5  39
28  18
42  36
44  20
49  38
24  29
45  8
41  29
34  49
12  20
45  9
47  7
37  10
5  6
43  22
7  37
15  38
9  29
31  48
6  21
42  35
21  28
30  37
28  12
31  39
46  27
20  27
47  32
20  51
29  28
22  46
9  44
8  23
9  41
29  14
14  19
44  39
41  28
26  26
5  40
49  9
19  12
49  51
7  9
36  7
40  31
37  45
47  37
47  38
31  19
24  50
15  14
44  21
48  27
31  38
48  36
42  42
7  12
41  22
28  6
34  10
50  9
23  46
8  38
36  28
29  46
6  6
12  26
47  27
38  22
45  27
41  14
34  40
6  41
28  40
36  15
6  28
31  20
31  36
42  31
8  31
43  31
14  11
37  20
13  10
43  21
32  31
29  32
18  35
17  40
33  36
26  19
20  29
21  8
10  10
8  15
44  11
45  25
21  31
34  23
23  12
11  16
9  27
24  37
23  6
11  31
23  32
41  22
13  50
47  34
5  37
31  29
18  21
28  31
14  46
40  18
41  38
49  45
14  37
51  51
12  38
51  41
32  10
32  44
36  6
14  16
41  6
23  9
41  10
13  39
10  25
33  40
35  10
38  44
49  38
8  31
39  35
44  42
5  43
13  28
28  20
29  31
40  44
32  45
7  29
40  35
46  15
26  40
11  8
25  42
48  16
22  24
29  11
30  12
7  14
14  44
21  37
11  43
7  5
39  23
14  44
7  30
38  12
18  46
30  9
50  13
15  41
19  16
27  16
26  32
48  29
38  19
16  15
48  12
19  13
24  11
20  29
31  21
25  29
21  21
48  5
6  47
40  15
23  9
12  33
31  45
31  7
36  22
12  38
15  15
48  26
14  36
44  22
32  42
25  50
11  37
28  12
14  27
32  22
21  37
9  15
9  46
46  32
38  12
40  14
36  34
8  6
27  26
23  26
23  20
43  51
51  33
10  14
5  24
21  27
19  14
39  47
50  34
15  46
41  6
26  37
11  5
40  23
19  11
29  51
26  47
25  49
37  16
51  21
19  26
34  12
50  49
29  17
49  31
37  29
14  31
41  17
32  8
24  27
25  29
9  30
45  47
39  36
22  46
26  47
12  32
38  7
7  5
17  30
23  42
24  38
29  13
32  11
23  30
12  11
42  14
26  32
29  49
22  33
28  7
28  39
21  20
22  24
50  44
5  18
13  23
7  6
18  44
25  14
11  5
13  20
45  32
47  50
31  29
48  48
32  36
42  16
29  17
29  29
38  13
19  34
24  34
30  16
36  27
22  41
22  27
40  30
6  38
46  19
20  47
25  47
29  45
40  41
28  29
46  48
8  48
29  41
7  42
49  19
8  9
27  5
18  38
36  8
38  35
47  31
25  28
31  13
41  43
30  47
13  39
11  7
18  46
21  50
7  24
41  10
11  34
45  47
46  27
29  25
34  33
16  26
25  47
6  48
29  19
46  18
51  24
27  42
14  48
51  32
16  31
16  46
33  15
18  51
18  17
49  51
37  48
10  12
38  49
31  47
40  29
13  51
25  7
27  43
38  7
5  38
17  6
44  14
34  38
35  11
13  21
26  37
15  20
18  8
43  49
26  23
11  29
38  13
50  11
30  47
26  25
35  32
28  33
51  37
45  33
27  28
33  15
13  34
34  51
51  40
14  46
26  14
37  49
37  13
26  36
15  44
33  7
28  28
40  45
5  12
49  35
51  16
22  16
12  19
45  10
27  41
22  50
34  22
47  33
31  11
41  27
16  48
18  22
22  26
45  14
43  48
32  30
13  39
26  20
35  8
7  19
8  9
13  35
51  8
49  30
16  34
8  29
20  15
22  31
6  48
49  38
29  10
17  44
50  38
39  42
10  10
8  32
51  45
31  32
14  20
18  46
22  40
32  14
23  26
41  17
37  34
46  34
26  23
16  32
48  12
40  35
14  19
28  9
51  50
31  19
26  27
10  14
16  5
36  42
18  42
47  47
24  5
5  33
41  29
22  46
40  31
26  34
45  51
22  37
43  6
37  15
31  19
17  50
7  47
49  26
11  37
10  46
39  38
17  50
30  45
22  11
29  40
8  20
23  20
45  19
37  20
41  46
45  5
9  35
27  17
20  10
8  39
5  46
7  18
19  6
14  45
26  26
48  26
22  48
28  40
31  12
31  43
33  47
48  35
10  50
50  6
23  27
46  23
22  26
31  35
44  46
43  31
43  49
18  48
22  9
51  43
28  33
32  41
16  22
19  28
50  26
18  7
15  23
29  25
12  38
19  45
38  18
51  23
18  23
41  14
18  37
14  42
48  48
5  45
17  7
28  24
33  44
26  7
41  51
44  26
11  37
10  21
25  47
30  29
27  27
35  45
49  6
12  17
47  38
16  35
41  50
20  35
39  22
28  30
13  7
19  10
19  17
48  20
48  46
13  38
45  32
31  43
45  35
28  39
41  10
50  10
46  24
17  46
40  9
39  24
43  18
23  47
50  5
46  30
8  41
18  28
24  15
6  49
11  46
40  35
18  13
18  28
47  24
39  46
30  45
27  25
6  32
44  33
35  22
41  36
39  20
48  50
18  27
21  46
18  6
44  31
22  47
8  51
47  33
14  20
28  9
21  8
42  40
28  50
6  30
48  5
32  48
43  12
8  40
32  49
11  29
32  50
26  30
44  41
7  27
37  6
19  44
5  7
22  20
12  15
16  10
27  32
6  50
32  44
21  38
22  33
32  9
16  32
16  24
22  34
46  10
36  31
36  15
6  28
39  28
47  18
51  18
29  12
17  17
19  30
11  46
28  8
44  49
37  34
8  25
38  12
50  13
31  16
7  40
12  42
45  44
12  40
39  33
12  49
24  22
10  18
34  18
7  40
33  7
46  46
12  50
45  50
32  19
32  26
46  49
50  40
23  33
38  25
28  45
9  28
33  20
36  30
21  18
42  50
22  40
20  37
19  38
19  36
36  46
8  26
8  43
11  24
14  16
34  49
35  49
38  29
13  47
26  39
13  34
23  29
22  20
10  40
10  22
44  33
6  13
49  24
33  46
40  26
34  51
49  44
7  36
50  8
37  9
17  22
34  44
5  19
49  37
32  31
14  37
41  7
32  47
33  5
44  34
43  23
16  15
17  49
47  15
22  11
18  10
40  29
35  7
15  21
14  25
50  42
34  39
23  23
15  22
20  48
49  34
27  44
15  17
29  22
20  25
12  30
11  22
31  23
38  8
25  15
41  47
29  44
17  31
44  49
19  32
9  16
7  36
15  20
14  49
32  34
7  29
26  51
20  38
12  45
32  17
6  14
37  22
42  37
35  36
27  6
42  23
42  42
14  38
36  13
28  48
26  21
34  37
50  28
40  43
51  44
50  41
36  15
42  6
44  22
14  15
46  49
37  8
13  16
41  5
11  34
5  33
37  29
47  38
26  23
39  35
6  28
7  12
8  25
26  8
34  19
16  18
47  47
20  34
16  47
22  7
35  12
10  43
50  46
36  29
36  38
51  27
24  14
45  9
38  12
35  45
50  42
43  20
35  36
30  50
50  27
47  30
38  16
34  10
40  35
10  33
19  14
9  34
46  51
9  16
34  39
31  25
14  49
46  50
17  12
30  46
20  29
37  46
16  32
14  29
44  44
21  45
41  49
29  25
35  39
12  38
49  39
8  20
21  34
49  43
51  35
7  30
30  44
22  42
17  31
25  18
27  34
10  21
28  27
20  34
30  19
25  28
11  5
24  16
17  36
10  49
20  48
41  39
10  18
15  44
9  20
49  35
12  36
6  19
45  30
16  11
49  21
21  45
48  44
15  30
10  6
37  34
48  35
48  15
31  37
31  46
10  44
31  11
24  12
16  36
27  34
45  43
23  15
19  45
44  34
12  46
38  23
35  51
15  40
29  19
36  11
24  51
43  22
26  26
45  32
18  26
5  40
20  45
17  43
45  48
33  38
49  36
35  14
33  41
39  16
28  31
38  50
14  7
39  11
28  42
25  41
17  20
47  30
50  38
17  10
25  5
14  42
43  30
29  48
41  10
20  44
26  13
13  28
23  40
7  30
30  30
24  19
9  37
38  5
22  7
23  38
12  23
13  22
40  14
42  43
41  40
16  41
46  28
40  43
13  51
39  39
18  33
37  24
37  11
33  43
29  32
16  36
26  11
26  34
37  44
10  25
12  44
19  16
5  27
28  14
45  40
30  34
23  8
30  20
27  38
20  39
46  7
22  47
44  22
22  22
39  22
31  16
24  29
49  34
14  19
16  49
42  43
29  27
45  42
24  32
32  45
30  26
44  22
13  13
40  29
23  50
20  24
21  41
7  48
24  23
26  49
51  37
13  12
21  35
11  33
9  40
49  32
42  12
27  33
43  43
51  28
33  33
43  13
49  27
11  29
46  31
20  23
34  44
18  37
44  24
31  5
45  29
26  16
15  28
24  19
32  10
17  8
27  48
6  18
44  6
36  21
10  42
44  17
39  24
45  18
19  46
22  44
41  12
36  20
8  32
28  27
21  33
22  48
49  40
9  34
36  46
38  5
6  50
7  46
33  31
20  51
46  42
36  21
8  48
36  45
49  41
26  35
37  29
22  22
44  17
38  26
39  18
37  29
41  32
48  44
26  8
44  7
11  19
43  14
12  22
49  38
8  48
21  36
34  28
25  20
31  26
45  22
20  41
18  28
23  32
6  50
7  44
27  34
37  11
35  39
21  6
6  45
28  40
37  46
30  38
33  9
10  24
32  25
41  22
51  49
36  19
30  34
40  21
26  45
29  7
13  26
26  30
33  31
47  48
34  44
18  22
12  14
46  16
33  20
12  17
33  20
50  36
39  20
43  19
26  15
51  33
45  11
12  50
17  42
30  20
28  32
48  16
20  31
26  15
6  29
25  27
46  23
20  9
38  48
41  13
38  27
7  33
27  29
29  47
25  23
37  35
21  16
10  23
13  30
37  7
18  15
28  17
44  40
39  16
26  46
41  17
15  41
44  10
19  37
37  48
17  17
13  39
34  14
43  27
15  9
34  10
11  32
48  6
25  34
25  41
47  26
49  23
41  28
42  28
16  26
25  13
36  30
41  13
15  37
35  38
15  7
40  8
33  46
41  43
9  13
46  41
36  48
19  26
20  11
24  13
44  42
45  21
40  45
5  45
23  24
18  22
27  33
41  24
43  14
44  20
46  10
11  6
50  44
30  41
20  5
43  12
11  6
36  34
39  12
8  17
50  32
28  28
33  12
44  9
43  8
40  19
31  23
19  19
46  48
27  32
11  49
19  11
33  51
13  43
10  24
12  41
11  18
51  22
16  10
32  41
44  17
39  32
51  36
5  41
20  6
38  32
37  19
47  48
16  28
9  24
43  17
26  26
47  20
50  46
17  10
34  5
5  50
44  19
43  15
51  42
46  31
51  27
25  20
40  22
41  37
49  39
34  41
29  18
38  17
16  11
51  46
40  10
15  41
8  34
28  29
37  32
13  34
13  21
40  16
6  50
7  35
25  36
15  6
15  23
35  33
50  22
29  18
48  46
44  24
25  28
48  22
42  7
26  33
11  40
47  49
20  5
42  26
7  43
32  25
5  33
41  48
