18  38
16  41
49  35
8  16
39  27
28  10
15  34
41  10
34  8
10  18
17  11
19  32
51  18
8  38
30  37
23  21
13  42
8  36
35  39
31  27
6  26
10  5
51  39
31  32
25  37
15  14
34  29
47  51
6  7
21  43
7  11
27  37
21  18
12  23
9  36
25  50
27  30
23  41
9  36
40  23
38  27
5  25
14  17
8  6
41  13
11  38
12  12
20  32
45  35
14  40
42  21
42  46
24  41
20  33
36  39
45  9
36  41
23  36
36  32
35  15
47  19
20  42
29  17
31  36
16  34
38  7
6  45
16  12
24  10
45  45
35  6
18  29
44  45
49  20
29  16
5  6
25  29
5  16
48  6
40  39
50  26
49  11
31  28
18  31
46  8
19  10
45  31
41  11
38  8
43  50
42  37
44  45
48  26
50  44
35  26
39  25
9  43
38  30
8  35
38  40
29  36
43  6
51  19
34  14
50  35
7  13
34  38
45  6
40  46
9  8
21  44
27  21
43  45
15  40
46  47
39  47
43  34
36  8
21  49
26  29
7  50
19  46
45  9
13  16
48  21
6  17
42  28
9  38
41  50
18  16
7  8
42  39
34  21
31  19
47  41
14  34
28  29
45  43
48  31
13  18
24  32
7  19
27  40
7  15
13  13
8  41
8  19
14  49
32  50
47  37
23  44
21  16
28  44
40  17
13  43
51  27
22  19
36  32
25  14
6  5
30  20
47  37
42  31
33  25
33  42
46  35
19  30
49  38
21  5
7  17
9  11
39  35
31  38
26  48
35  43
5  14
5  11
47  8
18  39
17  7
28  44
31  11
38  25
22  46
27  29
37  45
33  27
14  36
18  12
31  10
41  27
28  22
46  42
40  28
23  41
17  24
23  15
24  35
18  28
21  46
14  12
41  15
10  40
7  29
5  10
44  33
37  16
21  18
49  11
5  11
17  5
20  39
12  30
19  49
41  8
18  14
20  21
50  20
11  45
48  21
12  19
26  31
13  16
16  41
27  21
9  35
23  29
20  41
48  28
22  27
24  47
42  41
41  16
5  38
48  49
9  30
41  27
27  15
14  15
37  11
25  51
36  10
47  18
39  35
6  26
44  45
45  28
22  50
7  27
38  19
28  13
37  32
35  15
6  35
32  13
26  21
12  29
29  51
36  40
30  8
28  9
46  49
16  10
22  16
44  9
11  11
31  13
34  23
37  18
35  28
39  26
46  41
30  27
13  44
6  15
16  17
38  7
31  15
7  51
37  16
29  43
33  8
29  10
36  34
19  9
12  16
39  10
33  9
15  22
25  8
29  39
25  17
49  32
11  48
28  30
37  45
41  17
27  41
42  12
30  24
20  44
18  9
47  39
31  14
21  19
35  12
42  23
16  44
40  34
24  16
26  23
37  23
49  17
18  26
44  12
19  15
43  33
45  14
36  51
8  33
38  19
48  49
33  47
34  18
17  14
50  24
34  35
46  36
22  38
46  16
8  38
50  12
20  45
51  29
28  44
29  14
38  13
21  30
24  17
37  45
35  37
49  9
40  24
25  21
24  14
7  42
32  48
51  8
9  24
30  22
34  40
6  29
35  37
40  35
10  50
7  10
21  7
24  16
17  7
26  39
45  15
47  17
37  41
9  40
34  41
43  42
22  32
22  15
37  36
26  51
43  11
18  29
37  46
38  42
42  50
38  10
22  34
36  26
41  5
26  49
21  30
8  25
46  39
6  35
23  22
43  23
23  18
31  50
8  46
17  17
16  50
40  47
38  33
25  47
48  28
17  29
24  50
45  41
22  12
51  32
18  11
26  47
13  7
7  11
42  41
28  34
47  51
29  26
43  8
25  25
21  8
5  25
48  34
29  11
35  42
25  25
19  38
47  15
34  12
31  47
12  40
38  48
24  30
40  38
22  41
34  39
31  46
38  46
28  49
6  41
16  49
5  27
17  50
37  33
19  49
13  46
23  46
8  39
16  33
24  15
42  46
8  18
36  5
17  8
22  21
41  47
11  10
18  50
24  48
19  50
38  28
31  46
20  50
33  28
20  21
6  28
18  35
17  40
30  48
11  7
48  43
38  6
22  37
32  47
5  12
26  32
24  15
14  5
18  6
43  42
37  49
7  26
33  14
48  16
24  37
12  39
23  39
51  17
19  11
18  19
36  11
48  32
33  50
36  40
38  16
10  28
49  46
43  36
27  8
16  48
35  43
40  28
19  18
17  5
31  37
29  22
37  33
44  22
10  30
26  51
28  30
34  41
33  34
43  43
31  17
24  47
39  32
51  29
22  6
46  48
6  29
29  40
12  49
32  14
17  38
42  48
31  16
7  7
18  44
10  48
21  23
26  25
38  40
11  7
32  39
43  5
10  8
42  40
41  28
23  25
42  26
21  7
26  10
50  7
11  17
19  18
41  6
18  36
40  19
26  14
42  23
36  17
18  8
21  23
28  17
33  33
31  26
11  15
20  44
45  9
28  38
9  46
45  23
48  42
26  14
41  19
6  39
51  41
25  11
28  51
6  16
21  49
35  11
18  27
50  49
10  36
21  11
20  44
20  7
39  9
51  12
24  40
14  9
9  40
22  37
35  7
33  10
20  23
49  27
30  28
47  12
49  28
11  31
30  22
44  25
42  11
41  42
26  19
45  5
45  22
6  10
16  23
24  33
20  13
49  10
45  19
39  25
31  41
41  16
20  23
48  7
49  22
46  24
28  35
22  5
32  20
9  34
28  14
12  49
50  16
24  17
22  28
17  5
12  21
45  31
40  15
15  16
16  46
16  18
16  21
7  31
39  29
11  39
49  5
35  19
43  26
18  45
25  36
50  14
28  26
17  38
39  29
21  37
17  30
36  27
25  30
42  37
48  21
44  40
45  47
27  25
18  20
9  36
48  48
8  23
39  38
33  33
49  22
23  33
23  50
9  40
33  47
25  48
32  25
28  51
6  14
46  32
32  48
16  12
22  48
27  51
21  28
10  50
14  50
40  32
38  44
17  20
37  33
37  33
32  28
30  44
24  13
47  24
38  32
32  9
14  25
42  43
15  19
38  33
31  28
40  30
26  8
20  44
50  12
26  8
43  42
45  25
11  37
51  24
39  50
14  37
51  24
38  5
41  34
36  8
33  39
8  22
24  42
39  9
7  28
25  40
44  19
36  10
43  6
16  15
26  37
45  19
48  27
31  13
22  45
36  5
27  27
37  48
15  19
40  29
45  32
43  8
10  20
16  37
39  30
42  8
20  5
26  45
25  24
27  21
51  21
36  13
16  7
27  7
42  39
26  9
30  10
20  25
39  18
38  12
46  22
25  35
42  11
26  27
33  16
50  24
11  22
16  51
6  50
5  49
26  37
37  13
11  34
40  22
32  47
50  38
46  7
33  16
16  42
35  37
13  21
15  17
35  16
27  30
11  17
27  36
24  18
50  24
37  32
20  40
41  35
33  7
46  14
49  14
38  51
43  45
5  51
22  17
7  16
41  8
43  28
42  41
14  15
44  49
49  47
49  12
24  8
22  35
31  51
16  31
27  45
16  35
10  9
30  9
21  10
21  35
48  9
23  47
38  34
10  44
17  41
14  41
31  19
15  40
40  8
21  38
15  19
46  49
34  39
14  12
13  8
30  41
25  21
6  34
45  40
9  7
11  7
41  43
17  13
38  6
43  11
35  9
38  14
38  43
12  51
45  19
19  45
45  39
32  5
6  13
18  34
34  6
17  33
5  38
47  33
41  25
23  11
44  13
15  36
46  13
40  25
6  29
36  16
22  47
11  7
5  7
45  28
14  44
33  17
24  5
8  23
25  6
43  23
12  46
41  18
42  28
39  9
23  40
9  39
11  18
35  48
50  38
26  23
42  44
43  51
26  40
26  51
10  18
38  35
10  42
16  14
8  43
45  47
35  13
45  40
26  6
7  16
47  9
15  49
43  28
33  14
20  47
48  12
50  37
8  26
17  9
21  47
29  51
41  44
44  15
24  21
47  22
42  7
12  18
22  41
49  48
42  5
6  41
47  13
36  40
47  45
33  35
25  40
38  17
32  23
45  33
13  5
47  29
19  26
23  24
26  5
30  5
31  50
34  41
47  13
36  18
30  9
27  7
11  47
15  28
46  34
8  51
41  17
33  20
15  44
17  11
23  7
12  9
8  41
32  26
22  40
48  29
48  40
14  28
23  34
27  36
26  33
41  23
24  18
43  23
19  29
40  46
49  29
11  37
33  41
46  35
44  5
48  43
23  38
45  41
36  35
38  37
5  30
43  22
28  8
19  10
34  8
24  25
21  44
34  42
44  40
21  20
6  50
25  32
20  11
29  26
7  15
36  14
17  24
39  33
10  41
24  49
25  21
28  18
36  18
17  19
44  6
36  23
43  33
14  33
46  19
42  14
34  7
50  7
42  41
50  48
13  8
49  50
45  34
33  39
12  13
24  45
43  13
28  16
22  26
12  23
47  19
49  23
11  9
47  48
38  9
41  44
28  15
17  21
10  32
33  46
11  45
36  16
33  27
37  50
48  47
6  8
32  25
40  36
41  34
32  27
24  12
23  20
19  21
28  38
7  35
47  15
36  20
9  14
21  51
15  22
47  11
32  40
48  13
19  25
42  31
47  20
14  19
44  37
48  43
19  43
51  7
19  7
20  19
7  30
11  8
9  46
22  8
14  47
8  42
21  22
15  38
12  7
11  23
47  50
49  46
16  17
45  43
21  47
30  22
48  6
16  7
48  21
42  35
19  15
35  40
9  32
23  12
41  50
39  34
35  25
7  44
8  36
7  13
34  21
22  51
39  26
17  29
48  42
36  15
44  36
6  26
20  49
6  28
7  48
31  37
25  10
26  20
12  37
41  11
43  23
5  13
33  25
42  47
50  50
9  40
44  40
20  5
7  31
19  41
22  43
25  45
14  36
40  14
31  14
40  39
24  37
33  32
8  38
32  12
25  14
25  23
18  46
29  26
46  33
45  37
20  48
9  31
26  16
40  44
5  40
30  27
36  5
47  47
38  45
6  45
46  11
5  13
37  18
8  37
34  38
24  10
34  5
40  15
16  15
44  32
24  28
40  50
6  13
27  47
37  38
19  20
25  33
7  27
14  32
18  41
37  34
20  45
28  49
51  49
30  46
26  22
27  45
26  5
37  39
20  10
23  45
40  33
10  49
39  7
49  40
47  51
44  35
17  36
34  41
28  39
13  37
39  16
7  38
34  38
15  42
41  38
50  17
33  6
50  45
8  8
42  29
17  29
26  19
15  27
51  44
29  13
19  6
11  21
28  9
46  28
8  14
7  39
16  26
12  44
50  16
19  22
30  24
6  48
37  23
14  32
28  28
42  9
29  47
34  16
23  17
47  13
42  36
21  34
34  32
19  45
29  45
18  42
50  7
17  21
32  51
51  41
23  27
44  31
34  51
36  11
11  25
22  39
25  18
40  22
38  20
18  23
15  6
35  35
47  45
38  5
7  9
20  36
16  6
46  35
41  10
27  39
18  40
13  44
47  5
49  46
30  33
6  31
19  26
26  48
33  5
40  7
20  48
31  23
41  10
24  12
30  24
11  6
11  35
17  13
37  10
15  35
18  17
43  37
21  33
24  7
44  6
22  10
42  34
37  49
