25  5
44  22
15  27
33  23
10  20
28  29
6  48
29  23
19  41
17  27
21  43
50  40
31  44
33  24
21  35
26  28
11  17
13  9
38  31
49  24
51  7
38  39
9  19
49  7
13  41
39  7
5  13
17  21
44  41
29  9
19  10
33  48
10  6
24  29
32  8
8  47
11  11
50  12
12  34
47  23
38  7
39  14
29  41
40  48
19  16
23  14
31  38
50  36
11  15
29  50
46  18
48  32
18  51
48  28
28  25
22  46
16  29
8  49
14  38
22  27
33  42
44  22
32  22
50  35
6  30
15  17
38  18
38  39
30  7
16  51
35  36
14  30
23  41
20  22
45  20
18  37
49  39
11  14
36  25
35  42
49  26
23  14
16  15
38  6
25  9
46  42
9  10
11  22
47  20
14  9
15  23
42  16
24  20
12  25
20  27
44  49
28  21
16  19
21  36
41  38
23  51
16  6
46  7
33  46
36  33
6  33
28  16
10  22
35  45
49  42
8  23
41  51
5  6
15  50
48  22
33  35
23  41
42  9
19  45
37  35
24  48
49  26
38  17
19  37
10  50
8  8
20  21
42  16
17  15
9  7
34  51
35  21
26  50
22  46
43  48
32  39
48  6
7  11
25  29
46  42
13  28
23  7
10  49
14  43
34  25
31  21
5  17
9  16
9  6
14  26
42  46
16  25
33  43
20  23
23  28
19  50
46  21
10  32
29  15
33  6
19  28
29  47
47  33
14  44
19  23
20  51
10  16
11  11
32  39
5  26
14  45
38  28
34  12
19  30
50  8
24  47
20  34
41  20
48  47
36  49
46  24
51  12
19  40
42  34
8  26
40  17
19  19
12  14
49  24
36  49
9  13
36  15
20  35
10  37
22  50
34  6
5  48
30  25
24  38
36  42
14  32
32  37
34  9
39  29
24  42
29  33
33  35
5  35
35  24
49  12
28  25
15  14
8  42
15  18
19  49
38  49
10  18
20  29
29  6
49  51
31  6
40  16
50  31
16  15
8  20
50  50
43  21
34  48
33  47
16  43
39  5
34  25
18  48
31  21
47  40
19  45
43  49
25  34
14  50
43  46
31  25
22  20
45  27
48  44
6  6
20  26
6  26
28  28
33  40
17  19
5  32
32  24
32  14
18  31
12  33
9  49
9  30
36  29
11  18
20  16
17  27
12  31
22  8
7  18
42  37
12  49
27  50
36  43
49  44
41  22
16  50
45  28
21  6
46  26
15  20
12  19
12  40
32  11
39  13
7  25
20  14
50  8
21  21
30  32
25  6
39  44
26  13
36  13
41  24
10  10
26  45
24  27
41  9
14  38
13  35
43  41
28  45
20  45
21  45
49  41
28  14
38  21
29  25
39  43
19  39
31  21
51  13
31  12
28  24
22  43
48  15
13  14
44  15
6  13
51  25
10  7
28  15
30  33
31  46
25  47
24  12
19  11
51  12
35  51
5  30
24  27
31  43
8  39
40  27
40  47
35  27
22  35
33  51
22  22
36  38
37  24
8  42
42  7
34  19
8  15
16  16
22  29
34  47
37  19
34  8
26  17
12  16
6  15
5  21
20  27
10  13
24  47
45  15
27  51
26  45
14  20
26  12
12  13
28  45
5  11
43  48
6  44
37  24
45  24
22  17
8  13
23  47
36  40
43  25
47  29
30  14
23  23
27  32
18  18
12  43
6  16
39  9
18  46
36  12
31  43
41  21
8  42
18  33
47  43
31  25
41  40
21  17
40  33
21  37
44  14
10  7
43  31
27  6
12  39
41  47
46  40
24  36
33  13
31  28
6  50
30  17
31  41
38  30
5  25
34  11
19  24
30  7
25  35
35  31
34  20
21  19
14  42
48  44
11  26
50  32
14  40
16  6
34  22
31  44
50  13
34  23
41  35
44  8
40  26
38  7
18  10
16  47
8  8
43  23
26  17
23  48
50  45
42  36
47  25
11  23
40  38
45  46
25  24
28  18
43  42
32  36
19  9
20  44
51  39
30  43
20  11
44  30
15  6
7  40
25  26
6  5
16  10
43  45
7  42
26  14
40  20
28  50
6  14
39  9
27  18
13  13
26  31
18  24
30  39
16  50
49  16
47  25
43  42
48  42
44  5
22  10
46  5
17  50
11  23
19  49
22  10
42  26
23  29
36  40
32  12
48  11
51  20
45  16
5  29
11  18
21  20
25  38
25  51
5  25
21  46
47  12
11  30
45  36
33  46
12  22
34  9
19  29
43  45
49  48
47  41
50  13
21  15
48  14
44  29
24  15
18  41
34  35
24  40
10  25
43  37
40  43
7  14
23  37
43  28
40  18
15  38
18  13
19  42
25  12
20  12
37  40
10  12
36  18
33  14
19  29
50  10
49  7
30  17
9  39
38  22
18  25
45  40
37  34
49  40
38  21
37  23
39  14
37  11
6  19
17  24
51  12
45  8
47  21
28  51
13  13
37  43
35  16
21  36
37  40
35  41
37  45
51  36
12  27
9  13
51  45
34  27
7  21
43  9
33  20
34  13
18  25
21  9
20  13
36  23
18  35
17  45
46  50
32  37
43  8
18  32
18  27
28  22
40  9
9  10
24  28
8  45
10  40
22  45
22  14
37  25
43  21
13  35
45  51
46  46
26  39
7  50
7  13
20  10
25  49
14  9
46  29
40  42
41  35
40  19
38  11
49  12
31  40
26  37
5  38
48  48
31  37
8  43
29  18
43  33
42  11
46  46
46  47
37  35
33  50
9  28
50  51
48  41
6  21
45  31
34  18
37  42
37  8
34  27
27  8
34  14
41  39
8  17
19  18
10  12
23  16
13  42
47  37
49  9
27  29
8  49
38  34
41  43
43  24
48  31
27  45
48  38
25  51
5  14
50  20
37  34
42  37
5  12
50  35
30  38
20  28
17  36
47  45
15  47
18  5
22  34
5  30
35  22
51  48
15  33
29  22
48  32
31  15
10  11
30  41
48  17
31  24
16  13
44  50
41  41
24  25
16  9
40  11
35  31
14  23
39  7
39  11
7  33
27  40
30  30
44  12
37  51
13  31
44  23
49  32
51  27
7  18
37  24
48  8
31  11
17  40
29  12
17  24
14  46
21  5
29  31
45  23
34  46
25  40
22  39
44  22
37  10
34  29
40  38
45  25
38  27
37  7
51  29
6  6
18  27
36  5
43  34
6  48
44  19
20  48
40  20
24  9
35  45
20  47
43  7
31  6
32  27
50  48
46  48
14  33
23  31
23  21
40  32
38  26
14  29
7  12
38  51
32  45
43  51
17  42
15  47
45  49
33  31
37  30
33  31
29  37
11  21
16  5
16  12
29  16
32  16
28  38
7  51
19  34
21  51
20  16
9  11
31  8
10  27
16  23
19  24
6  35
44  17
38  30
14  35
25  43
12  47
38  45
15  26
45  31
27  26
31  15
28  48
20  42
10  45
5  30
43  37
16  9
43  18
44  20
14  24
46  41
50  43
27  49
8  42
16  31
15  39
31  27
39  12
13  8
10  14
8  11
37  42
39  12
23  24
49  8
44  51
11  18
35  19
43  12
38  51
7  15
24  50
30  22
20  25
23  21
31  12
35  48
30  13
31  50
46  30
10  13
37  40
46  42
15  51
40  17
35  10
9  9
20  40
28  6
24  14
46  46
24  41
11  10
43  21
48  13
43  9
28  25
23  29
6  36
49  44
9  48
10  41
15  9
21  45
38  19
42  40
42  30
14  20
47  19
21  30
5  25
16  36
11  14
29  18
28  31
28  47
15  42
24  25
49  42
21  35
49  23
46  18
21  27
51  5
21  13
37  6
29  11
5  34
36  18
21  9
9  26
25  38
23  42
38  6
32  49
17  38
31  36
22  20
45  32
19  32
17  6
23  43
47  39
19  21
19  48
26  15
31  23
49  49
28  10
6  8
22  36
45  32
17  39
8  27
30  5
48  12
28  29
11  49
36  6
26  27
19  23
20  37
9  29
45  33
50  9
36  49
29  46
29  9
35  22
42  12
16  43
7  8
19  30
36  16
48  18
50  25
22  50
35  22
24  36
6  8
12  13
14  45
28  17
16  43
26  38
20  36
46  18
14  30
19  49
10  47
43  9
23  21
14  17
40  45
8  32
33  22
5  45
19  51
47  11
27  30
40  21
29  23
30  33
24  9
22  37
5  19
48  24
13  16
13  8
12  45
36  23
51  27
15  9
9  50
24  33
38  30
10  26
25  7
48  7
34  26
19  28
49  49
7  30
23  31
15  25
13  15
36  36
9  27
43  23
32  14
15  26
32  29
6  48
33  47
30  14
29  19
27  25
9  30
12  33
8  5
38  46
24  50
38  41
6  49
48  15
19  26
32  41
30  5
24  32
39  22
28  45
33  14
14  19
5  10
25  42
51  24
39  33
46  41
15  19
51  12
29  32
51  51
5  17
9  17
42  28
26  36
46  26
31  36
10  14
17  19
13  30
40  15
34  39
48  41
44  34
27  25
7  15
48  7
42  25
33  11
30  22
5  20
33  50
22  11
27  48
24  42
48  24
43  7
5  10
37  40
9  27
33  41
8  51
40  6
25  28
47  9
39  47
27  17
5  51
6  50
47  49
24  21
32  26
24  42
44  37
49  31
20  51
49  19
18  43
36  27
39  19
30  38
29  27
51  8
46  20
12  27
34  7
35  5
50  18
20  25
16  30
35  35
35  30
10  27
7  51
49  37
42  11
36  14
30  29
43  39
8  49
28  48
13  22
33  23
9  45
37  34
28  5
14  43
44  26
27  15
49  35
39  39
45  43
43  16
35  51
32  32
27  21
15  45
46  6
19  32
41  6
31  21
14  22
26  35
12  27
50  11
50  37
25  48
28  25
45  6
38  10
33  15
7  50
36  24
25  30
38  23
7  23
36  12
44  5
48  30
43  27
38  28
17  9
42  36
12  30
15  7
38  43
24  43
14  7
45  47
51  38
27  37
46  38
19  7
24  29
38  43
25  9
48  17
36  15
40  7
41  20
39  9
38  14
24  7
28  49
49  14
30  23
19  36
22  7
33  13
46  25
7  39
32  21
17  5
36  11
11  39
8  5
37  12
29  18
12  14
23  47
23  19
35  46
23  22
47  7
39  34
26  24
36  14
6  34
14  33
28  28
6  29
19  38
11  49
17  44
24  11
27  37
17  28
32  21
31  39
36  8
31  28
46  27
45  22
16  37
42  34
41  7
19  9
31  29
30  40
49  29
32  10
6  44
32  22
47  7
20  22
36  34
42  16
14  45
22  28
16  51
5  34
16  9
27  23
39  43
10  45
6  22
11  21
26  21
35  23
26  14
36  48
5  13
23  30
47  45
37  17
14  27
10  8
17  23
27  48
27  20
48  24
14  36
47  11
10  20
48  19
28  19
9  23
33  42
34  29
41  34
16  38
44  32
15  30
39  43
43  50
27  18
38  10
22  17
8  31
7  44
35  24
28  41
35  19
10  40
13  24
48  47
36  12
18  33
29  37
48  35
10  32
44  16
20  29
23  13
10  23
8  27
10  23
40  26
51  41
44  40
31  37
8  33
37  23
5  45
46  41
18  10
27  10
30  37
38  40
10  21
18  39
40  15
6  11
37  51
42  19
16  46
12  22
39  41
46  12
39  5
14  30
19  16
14  33
33  19
8  30
23  38
29  34
37  49
48  23
35  45
7  25
27  18
40  25
50  48
25  31
28  26
29  32
47  7
21  19
50  45
44  40
35  51
42  34
9  7
31  23
34  41
8  14
41  44
31  27
35  26
17  11
28  49
27  49
28  32
9  10
42  13
33  35
25  16
26  35
27  11
36  39
45  7
20  5
49  10
42  5
34  23
23  13
34  17
25  44
34  8
27  17
44  14
48  42
31  22
51  9
17  41
12  19
33  6
9  31
35  22
43  5
47  26
22  11
29  18
47  17
16  34
37  43
7  40
37  13
46  25
32  43
36  21
42  45
20  22
8  15
34  26
22  47
17  36
7  19
38  25
32  8
12  43
16  50
5  29
50  17
25  16
13  10
23  42
15  34
12  31
50  14
47  42
12  18
47  8
18  21
22  22
50  45
38  50
25  28
12  23
29  49
42  30
19  32
34  34
9  46
25  5
6  25
45  17
22  34
23  31
27  48
25  8
50  22
33  36
22  30
39  29
10  31
32  32
49  37
12  38
16  44
24  37
11  46
11  17
8  25
41  11
41  13
20  36
41  50
43  20
40  31
13  17
23  46
13  30
31  37
5  43
15  8
48  38
27  22
32  50
5  17
17  29
14  23
45  25
45  42
33  32
40  13
9  25
47  35
22  28
44  31
13  26
11  11
24  28
28  6
29  30
17  34
13  30
12  14
48  28
17  23
48  9
46  7
12  39
44  12
17  38
48  38
12  45
15  6
50  49
22  40
44  17
19  13
38  29
34  32
12  14
9  18
5  22
48  9
11  20
47  27
36  51
14  14
38  43
32  44
18  13
17  37
24  35
33  44
13  6
43  38
25  24
45  27
36  5
39  32
38  31
39  24
47  24
51  35
12  17
20  37
13  35
19  11
38  28
38  44
5  6
13  24
42  12
33  42
41  48
31  39
41  18
35  43
43  47
18  44
26  8
17  19
19  33
26  31
17  27
25  8
41  45
7  34
25  40
46  18
45  48
47  17
48  11
26  11
45  50
49  13
45  47
16  30
6  17
20  23
23  34
19  27
23  41
36  38
35  46
40  14
11  33
48  51
19  20
48  24
44  38
38  37
28  48
6  24
11  21
28  13
28  38
31  37
50  7
12  15
26  39
32  17
24  33
26  44
37  17
16  11
49  51
40  21
16  12
16  31
26  32
35  43
14  6
8  46
21  31
43  45
47  28
33  43
17  26
33  9
38  38
45  8
50  49
43  24
48  21
47  50
46  30
30  14
24  26
43  36
46  48
44  27
19  26
9  48
20  51
49  10
27  48
20  44
49  16
11  12
37  26
7  11
16  11
40  37
51  29
46  9
49  21
24  50
6  51
18  11
30  25
27  22
23  30
48  25
38  34
13  42
40  43
17  18
12  16
37  26
10  44
9  47
18  6
14  5
14  49
23  40
38  19
10  51
8  33
32  33
32  33
51  42
9  31
18  11
24  35
11  51
46  17
15  27
46  30
40  8
43  7
14  38
29  43
30  8
30  29
18  29
45  36
22  5
39  5
39  20
7  21
40  51
32  32
43  9
17  10
7  41
5  25
39  45
47  8
39  48
20  14
20  9
11  29
42  37
45  32
43  39
29  25
12  18
20  30
11  24
14  30
47  12
44  26
9  13
24  24
19  9
50  26
16  16
6  43
26  35
23  39
26  45
38  31
22  20
51  32
20  44
44  29
34  15
36  10
22  36
19  32
47  49
34  24
40  43
42  49
26  19
49  24
41  33
20  33
24  46
16  38
50  45
47  39
32  25
20  42
8  25
46  32
21  9
47  5
43  23
38  11
42  44
28  12
17  11
33  50
38  7
15  14
16  46
17  7
24  6
15  29
50  14
9  51
46  14
33  47
21  30
27  38
33  23
19  30
30  10
16  10
27  45
46  5
27  42
17  5
29  11
31  24
46  36
11  12
29  42
22  39
40  31
11  31
11  24
39  34
41  12
20  39
35  32
36  23
38  12
47  13
13  13
26  51
50  37
10  28
5  35
28  36
23  33
15  16
31  10
25  42
51  31
41  38
16  14
28  32
13  43
46  9
33  18
29  31
21  12
41  11
24  40
20  49
10  7
40  28
47  23
29  30
24  13
33  40
20  33
51  33
16  46
49  27
41  49
32  24
7  34
7  40
51  31
39  10
25  6
36  19
38  19
17  45
12  17
8  33
22  36
10  23
47  15
5  32
19  19
7  13
15  29
32  21
22  18
26  31
5  29
35  10
47  27
51  19
48  6
26  38
30  8
20  10
27  11
7  32
29  49
22  48
25  51
28  17
31  27
7  15
21  6
23  46
10  10
43  23
9  22
20  49
43  47
29  12
29  42
20  48
22  42
41  7
42  36
16  25
17  9
18  19
5  16
21  19
34  28
39  9
49  49
50  41
23  33
14  16
11  51
5  39
14  47
13  31
38  35
21  10
34  45
9  30
20  32
34  48
43  11
12  37
41  25
44  46
24  47
31  34
8  34
5  31
27  23
5  29
51  41
5  32
15  8
28  5
11  37
41  34
17  15
24  29
13  15
31  29
34  30
10  20
17  34
27  48
18  30
21  36
24  11
8  25
41  11
18  17
28  32
42  12
12  20
18  32
16  29
22  6
35  28
11  31
10  38
46  30
43  30
18  51
18  37
50  51
44  20
46  6
47  47
33  7
37  12
25  34
35  23
36  19
8  17
47  30
34  29
9  51
34  9
36  15
36  41
5  11
42  18
20  30
49  11
30  36
44  7
47  13
45  51
49  22
27  46
49  49
48  46
24  8
7  8
17  26
25  16
22  21
47  23
46  17
38  5
13  40
42  39
33  42
10  48
31  18
26  44
34  35
15  19
36  28
26  11
49  7
39  50
36  43
9  31
34  9
36  41
16  51
27  30
39  44
32  26
16  8
13  46
49  33
7  40
47  42
5  11
38  10
23  19
22  42
44  28
47  8
28  41
38  16
33  7
5  16
34  9
31  7
44  38
31  42
28  38
19  6
33  43
29  32
38  6
23  51
19  26
21  9
16  12
34  30
10  20
27  30
45  13
26  13
9  46
26  26
10  24
16  16
38  41
38  43
18  23
9  7
40  14
46  13
24  48
7  32
49  10
7  20
13  48
8  36
41  39
38  51
5  11
40  18
17  13
33  42
40  14
13  11
33  32
22  39
31  42
8  29
18  37
43  47
37  24
49  20
46  5
14  32
26  11
17  22
40  20
47  33
37  37
15  45
39  6
30  24
37  25
16  45
37  10
46  12
46  11
51  16
41  7
37  13
48  42
50  28
5  51
43  34
23  16
39  28
31  30
7  45
25  44
27  25
17  49
43  32
39  34
13  46
40  40
9  5
23  8
50  44
46  18
32  17
32  14
22  9
9  21
48  30
50  15
30  42
50  12
8  49
43  30
47  8
15  43
32  34
37  28
50  23
49  25
7  21
48  38
10  8
26  28
24  20
9  11
46  40
6  21
34  35
46  23
25  39
25  23
38  9
33  9
48  6
32  49
20  25
44  9
14  40
21  45
34  44
50  32
25  25
28  18
14  40
30  17
19  19
51  20
8  11
24  28
20  37
31  21
8  10
9  9
16  35
24  18
47  18
26  31
9  23
32  45
36  32
24  6
21  20
27  17
43  28
47  30
8  42
49  26
12  18
27  29
43  18
25  16
37  12
34  41
16  11
38  41
38  31
9  39
7  10
9  25
45  19
27  25
26  27
28  49
39  24
5  25
23  13
42  7
33  13
42  17
9  15
21  35
46  8
24  38
45  41
8  26
50  30
30  24
43  36
43  50
15  12
28  29
23  43
18  21
31  5
30  51
37  26
40  47
20  42
38  46
50  36
22  46
43  34
5  15
44  7
40  21
35  47
15  10
7  44
42  21
39  18
12  36
31  36
51  18
42  8
12  16
50  24
35  22
29  14
13  48
29  12
10  40
45  25
8  51
40  18
37  6
32  8
11  28
13  14
5  25
51  49
24  47
32  10
9  44
25  11
34  33
12  32
25  39
12  51
12  24
30  28
26  45
8  51
47  12
12  34
47  6
14  6
41  12
51  34
37  15
40  10
45  48
7  39
43  32
20  33
46  20
50  49
32  35
32  46
42  31
19  6
16  35
9  10
43  11
49  27
26  23
7  39
17  51
6  8
8  14
43  19
16  10
10  40
9  21
13  17
17  51
6  48
44  18
40  24
18  7
12  6
37  13
37  23
32  39
51  12
20  31
29  50
28  22
51  32
43  26
43  31
27  42
28  21
40  6
46  24
31  12
25  9
6  46
21  25
16  45
51  31
39  39
12  27
22  47
24  23
45  11
46  15
22  44
31  8
16  20
51  48
42  51
10  27
11  15
24  12
44  37
28  49
42  21
9  44
37  10
24  8
31  15
16  39
51  12
46  41
30  50
16  34
27  48
5  28
51  31
43  31
9  32
10  51
43  44
44  14
25  17
19  14
32  23
26  36
15  5
40  12
37  14
10  30
39  35
28  40
37  39
26  7
43  14
31  40
22  34
11  6
36  20
7  32
40  17
20  16
25  18
5  10
28  29
48  36
14  44
23  44
41  11
40  37
37  6
34  49
8  33
10  9
18  38
12  8
26  46
30  33
41  42
47  12
13  22
20  41
22  19
5  8
23  32
19  15
22  23
15  40
18  15
27  15
47  32
15  27
21  10
50  16
12  41
23  8
49  49
11  18
37  5
32  19
47  33
27  14
40  12
46  42
51  34
19  33
16  37
19  47
34  19
45  8
8  27
33  20
30  28
33  10
38  37
50  14
23  33
15  50
42  20
19  21
21  30
21  45
44  14
38  35
35  27
46  43
32  41
37  42
46  32
10  50
29  33
37  28
18  11
44  19
30  42
27  29
16  7
48  6
15  18
38  27
44  45
47  5
41  44
12  27
7  51
5  38
34  16
32  24
7  26
33  37
18  50
17  32
24  7
28  22
41  33
45  28
48  38
7  46
12  29
14  16
42  48
37  37
26  39
42  5
6  10
8  44
49  23
27  22
12  47
42  9
16  13
34  21
30  19
25  46
12  49
6  37
27  35
35  11
48  34
33  39
32  37
26  31
47  51
16  18
26  19
21  9
32  8
15  23
20  45
33  28
25  25
42  32
42  47
14  29
29  27
22  23
38  23
8  5
44  23
51  25
10  34
50  11
28  49
9  17
11  8
48  29
13  35
31  32
35  39
37  5
15  48
28  28
48  24
14  49
31  40
46  49
30  37
46  11
51  7
43  15
18  8
5  36
25  33
40  19
28  23
27  25
41  10
10  35
37  29
43  8
42  9
6  40
39  9
15  32
21  42
45  43
37  47
28  27
45  24
41  9
18  16
23  48
50  12
9  40
5  17
21  44
28  33
15  10
50  43
6  29
29  29
33  45
31  16
39  9
42  32
15  16
20  19
9  20
46  32
43  27
50  6
11  9
49  41
20  6
44  44
26  27
51  40
6  44
51  10
18  31
25  29
29  41
33  29
18  16
29  5
22  41
9  49
27  43
20  42
41  42
21  18
14  8
7  12
35  32
16  44
13  24
9  51
18  43
13  22
41  50
35  28
39  36
36  31
27  31
30  11
26  25
48  21
49  43
46  34
18  25
36  32
19  39
34  6
42  35
34  9
7  18
37  41
29  25
13  7
43  18
5  23
32  18
20  34
11  42
17  11
13  29
10  40
35  6
20  16
21  8
9  34
6  31
15  13
48  45
38  51
6  36
40  46
47  13
49  14
28  37
42  47
23  5
9  27
9  19
49  6
6  5
42  26
21  51
49  34
31  7
18  36
14  5
18  31
36  48
29  19
39  40
29  30
46  40
21  11
20  49
20  19
49  38
48  35
51  22
16  5
8  7
10  37
14  14
35  32
38  45
13  42
17  45
36  24
5  35
50  28
24  26
14  46
20  41
28  45
34  45
22  45
41  7
47  43
13  30
27  16
31  27
35  17
11  12
15  30
17  20
6  17
38  32
24  8
41  23
47  5
45  45
34  8
39  12
42  41
15  44
15  5
10  42
22  38
41  31
25  49
29  46
48  35
16  23
6  20
20  45
24  8
45  37
19  8
7  11
49  40
33  23
32  41
31  42
35  17
48  22
37  32
14  18
35  48
36  40
27  20
34  5
32  33
5  47
36  33
25  50
9  40
37  28
51  46
42  18
15  5
38  33
27  29
49  39
43  40
30  41
48  31
14  26
43  51
10  39
48  39
39  23
12  37
49  20
35  10
40  33
26  17
41  18
45  6
7  14
39  26
17  15
12  31
47  16
7  14
36  18
27  44
50  23
47  16
26  28
36  37
24  16
28  50
20  27
39  19
50  8
20  25
40  12
49  42
19  30
16  17
32  12
42  27
5  27
18  7
29  39
50  22
23  49
38  15
45  41
23  31
44  45
5  17
21  10
7  15
44  42
10  16
21  46
16  36
26  42
17  43
41  33
16  25
49  16
43  22
12  13
27  26
39  27
39  16
39  12
9  19
28  24
20  41
31  20
21  48
19  11
10  23
24  28
28  40
45  48
41  49
48  33
50  15
20  48
28  10
51  29
19  19
48  32
28  17
28  35
36  18
22  12
24  30
20  38
45  29
51  31
37  15
43  42
39  11
36  38
9  45
36  13
41  31
7  25
24  20
36  26
30  46
15  18
11  16
7  43
28  9
16  7
34  25
30  19
46  24
50  22
14  25
49  28
30  22
28  29
45  42
15  14
24  13
8  30
23  9
42  39
47  16
21  23
6  36
33  17
48  10
36  16
34  11
27  34
16  11
32  13
33  17
13  46
31  37
30  5
7  48
48  33
8  42
13  13
40  44
41  41
41  24
34  10
28  42
46  42
7  32
7  9
38  17
11  43
48  19
22  7
25  48
8  12
36  29
32  42
40  12
29  33
36  21
19  23
47  10
44  39
12  10
48  25
31  13
27  48
40  7
13  6
31  48
14  21
33  40
35  14
34  24
49  13
15  21
24  5
32  39
34  27
43  9
49  34
7  6
30  50
14  41
36  23
11  21
50  43
31  46
8  38
23  26
35  32
37  34
5  13
21  14
27  34
39  27
14  28
25  6
17  31
17  34
39  14
31  43
19  30
41  8
46  9
51  46
5  26
51  11
6  35
15  41
25  31
14  25
22  34
16  37
39  28
5  14
24  43
21  44
43  25
39  8
7  50
30  51
31  23
19  45
49  24
19  35
28  34
51  27
27  38
41  22
19  45
26  18
24  12
35  51
18  35
32  15
16  29
21  20
28  47
42  11
33  44
45  33
49  48
49  7
12  23
6  32
11  45
37  17
34  24
16  44
21  41
6  9
12  17
36  24
49  30
13  11
50  16
5  12
41  12
36  8
47  16
17  32
11  51
33  28
46  12
12  29
20  20
14  43
10  26
46  7
39  33
21  13
18  24
44  13
10  29
11  26
17  43
34  9
15  44
10  15
9  46
6  31
19  41
15  34
46  47
21  25
49  15
46  20
16  20
18  11
22  12
44  28
50  24
47  31
23  38
41  51
25  51
18  44
19  23
6  8
44  28
20  45
9  13
48  15
41  36
29  13
34  18
50  19
41  18
5  24
47  48
50  28
35  16
26  32
39  6
25  32
40  31
20  20
46  17
48  37
15  23
42  40
48  38
25  20
42  39
25  19
18  34
42  16
18  37
9  46
27  12
16  51
14  5
46  15
37  25
11  29
16  25
12  26
42  33
45  19
16  6
33  15
40  11
22  14
27  41
17  14
9  50
36  28
22  38
43  8
23  17
10  25
45  30
49  6
14  31
29  22
6  49
14  19
28  41
18  47
28  29
36  12
29  37
25  34
40  36
48  30
17  41
45  43
50  18
40  25
24  14
31  31
24  16
49  24
45  46
23  26
12  13
46  40
26  20
36  12
26  8
50  30
23  30
34  47
12  15
6  38
42  30
39  45
18  39
39  39
31  21
10  11
32  19
44  17
10  46
37  36
35  22
38  40
5  39
17  12
32  6
44  19
48  50
13  42
51  18
45  47
21  28
39  31
41  46
5  35
22  8
34  43
13  16
17  33
17  9
41  47
47  46
7  22
27  41
15  36
30  15
14  44
17  42
15  35
5  12
41  46
29  41
8  23
23  29
31  9
34  37
6  14
38  31
41  13
20  7
36  35
46  15
18  51
33  46
45  41
45  50
12  18
18  49
24  23
46  39
36  29
42  16
32  8
24  47
19  47
37  34
16  22
17  7
33  30
21  51
5  41
12  7
46  8
50  36
15  31
42  6
12  30
34  37
38  34
48  39
7  5
5  19
13  49
12  12
39  35
44  18
6  48
40  24
44  13
24  6
44  49
17  25
8  40
6  30
48  7
32  20
41  5
27  36
34  5
32  49
46  19
47  42
22  44
46  44
37  44
12  25
47  38
49  24
50  24
47  39
27  38
31  17
9  41
15  9
16  26
6  32
22  28
40  45
29  49
9  19
5  20
7  33
20  5
22  50
18  13
10  36
9  13
25  23
16  13
22  29
36  34
5  31
42  48
51  13
24  32
48  16
46  44
15  21
33  6
29  8
12  21
33  31
14  21
17  6
51  29
24  37
20  6
28  26
38  49
19  32
40  44
5  17
19  51
7  6
43  46
39  15
48  46
25  20
22  46
20  33
48  15
48  30
37  51
43  36
24  36
32  22
39  11
47  36
50  48
37  27
36  17
15  18
8  43
39  41
10  44
18  21
28  41
48  38
26  32
34  8
13  50
30  34
15  5
15  6
14  33
9  50
17  34
24  15
34  49
32  24
19  41
45  29
19  11
7  9
37  50
19  51
12  32
28  7
11  35
26  46
8  33
39  26
31  41
31  11
7  39
26  50
26  32
25  48
9  31
43  33
41  46
14  45
43  51
35  5
40  29
46  32
38  23
36  35
16  44
48  21
14  25
18  50
9  31
30  28
18  37
16  16
15  16
20  10
48  35
51  48
18  12
27  7
34  24
36  38
17  46
19  47
7  39
33  49
15  29
8  25
22  7
34  43
34  49
18  7
19  7
16  41
33  43
27  49
30  48
45  37
19  5
41  42
49  15
41  45
46  23
12  40
17  27
35  45
14  5
26  14
28  30
10  12
38  6
38  40
39  50
51  6
5  22
32  51
8  51
40  24
47  29
27  16
21  46
44  44
31  49
13  49
5  41
19  22
30  27
8  15
5  34
29  46
37  39
35  9
42  22
22  9
5  34
19  34
28  6
23  25
30  30
25  17
22  23
18  43
16  11
51  39
42  28
31  18
31  28
47  31
29  49
15  22
30  7
12  20
22  24
38  15
10  19
7  31
39  29
31  50
39  6
49  38
29  18
47  17
26  35
45  6
26  10
41  19
20  38
40  33
40  35
41  29
9  41
22  21
17  40
13  40
32  45
8  33
5  28
13  38
31  7
39  28
47  28
45  8
11  47
40  31
46  43
15  43
21  45
43  6
17  29
8  13
51  33
18  51
5  6
38  25
44  31
47  11
24  44
27  27
41  46
47  25
49  6
9  35
23  33
33  13
39  6
42  28
21  35
34  35
45  15
31  42
17  30
47  21
38  51
50  50
44  44
41  13
22  28
21  24
49  7
23  40
8  9
26  35
27  16
30  12
14  24
27  38
39  6
29  23
48  15
13  39
9  17
8  51
27  33
12  35
37  41
41  12
9  22
45  36
13  21
34  40
50  18
20  22
18  36
29  45
44  12
15  26
17  41
16  48
15  32
44  40
38  6
10  9
38  23
5  7
13  19
27  8
48  16
31  16
21  21
33  40
13  15
13  35
24  30
12  39
49  18
19  43
14  18
17  9
20  6
48  24
16  27
34  6
31  30
9  30
47  12
51  7
47  35
50  36
39  34
18  44
30  35
38  25
9  35
42  47
46  51
25  39
7  9
12  7
24  15
36  21
45  48
51  10
29  22
20  12
24  12
29  45
27  20
17  47
6  14
44  28
34  13
47  6
38  41
36  17
29  24
21  22
25  36
31  41
22  27
13  46
19  44
50  19
10  28
23  18
8  26
39  35
35  5
46  51
40  14
7  26
13  9
30  33
25  30
42  33
25  27
46  28
35  8
23  9
39  23
27  8
44  33
45  6
23  16
26  14
37  20
42  22
28  35
25  38
50  33
37  41
11  28
44  9
51  6
46  42
32  28
15  39
40  27
29  14
28  30
40  28
41  19
11  5
15  46
15  42
8  26
38  21
42  44
38  49
36  9
33  23
46  16
10  21
31  42
27  8
32  29
13  50
23  48
15  14
39  25
25  6
32  49
22  20
28  31
31  19
40  32
49  32
51  8
16  9
42  48
44  42
10  49
16  12
18  29
24  48
45  7
36  25
9  33
24  51
34  10
49  21
24  27
41  13
24  47
37  24
10  42
21  22
5  44
27  9
8  35
45  27
45  46
32  31
8  49
9  15
7  15
8  41
50  43
30  35
32  45
41  47
14  51
28  30
36  18
20  49
17  32
45  15
38  37
34  51
42  47
25  24
17  8
40  47
13  48
42  33
5  12
48  22
45  30
26  38
43  7
42  11
35  39
41  8
51  31
48  6
18  29
22  6
29  20
22  40
15  37
17  49
24  24
46  27
22  45
38  33
37  34
6  21
39  50
12  39
10  10
40  26
32  13
38  34
51  44
28  51
8  14
50  17
12  49
36  28
40  12
8  33
45  24
31  30
35  15
18  7
22  18
41  19
20  15
37  14
7  18
24  18
27  47
24  34
27  49
8  38
46  10
33  23
51  29
7  47
7  46
19  21
6  6
33  48
34  17
41  43
14  50
11  17
43  34
6  48
34  19
8  29
7  13
32  34
43  11
50  20
17  40
11  43
45  41
47  15
26  25
37  35
39  48
38  31
43  20
27  14
13  38
51  26
36  42
47  39
12  33
43  21
29  44
26  27
22  49
7  35
16  39
9  9
11  5
8  28
29  17
43  28
6  15
40  23
33  41
44  46
21  21
6  37
50  14
13  13
47  12
18  16
43  14
39  13
51  18
9  21
17  18
33  34
49  35
5  27
50  48
29  13
13  14
42  8
26  21
16  43
5  25
40  6
26  13
51  46
17  21
19  49
7  8
28  29
45  39
36  38
41  32
49  46
36  45
12  46
29  28
22  20
6  9
7  13
24  51
14  15
23  50
11  16
8  12
10  28
35  47
42  18
19  44
7  25
25  10
14  25
34  22
46  27
37  13
45  8
19  28
7  48
30  16
41  49
35  15
17  19
25  34
41  50
39  38
35  34
45  37
46  19
36  15
10  23
51  13
26  19
39  31
5  17
18  45
8  17
36  31
25  14
16  26
47  9
30  10
21  23
21  46
13  16
43  17
43  23
50  13
36  44
18  25
17  36
45  48
25  31
15  25
19  19
11  35
46  6
23  15
29  15
26  32
39  41
17  27
39  9
49  9
44  19
26  10
12  31
23  11
41  31
50  15
11  42
9  17
46  21
25  12
6  13
39  41
15  29
7  49
33  10
7  23
17  43
23  9
46  30
26  47
5  14
34  10
25  5
50  50
21  23
17  20
39  9
51  48
17  51
22  38
6  14
6  22
35  43
40  32
8  37
31  36
25  22
21  41
23  36
32  17
26  34
49  34
16  22
24  42
19  17
35  32
37  39
34  41
33  26
20  10
5  14
44  16
24  32
6  15
16  15
28  28
27  11
41  39
11  27
9  21
11  27
28  16
22  39
5  19
11  51
34  50
11  29
24  41
27  17
33  43
12  36
34  45
16  5
36  43
48  29
49  12
15  42
13  5
32  22
38  32
16  14
7  9
10  11
47  16
31  36
23  18
42  23
49  44
13  11
13  40
33  31
41  26
23  47
8  41
19  38
11  51
24  17
14  46
33  37
42  27
34  21
41  6
32  47
7  45
17  30
11  24
14  27
31  44
10  7
10  27
31  48
5  47
24  32
7  19
30  8
34  32
48  40
24  17
31  7
27  9
21  5
17  32
18  50
26  43
47  19
14  9
32  45
34  47
26  44
17  34
36  30
21  38
10  6
6  34
42  34
13  22
19  30
8  17
41  25
17  20
13  31
19  9
33  29
28  8
40  17
18  21
24  17
35  32
40  20
39  11
28  21
15  20
7  24
44  8
45  23
30  27
44  23
27  39
50  49
45  6
41  12
8  39
42  44
50  12
28  28
41  42
37  25
47  21
45  11
16  20
51  20
11  32
9  6
8  30
11  33
51  25
13  12
6  32
22  7
42  6
25  11
38  29
39  12
21  5
25  24
33  35
28  14
36  35
46  17
19  31
42  14
14  21
21  24
21  26
6  33
47  24
49  44
29  15
36  5
26  22
6  22
49  14
41  11
47  35
22  24
15  41
48  43
51  40
22  25
49  45
43  45
23  12
10  45
5  23
40  30
29  45
16  32
16  39
41  40
37  48
33  18
41  43
23  37
40  35
30  13
10  33
33  11
31  28
30  21
13  5
24  28
23  5
27  26
30  37
43  38
45  8
12  48
22  47
35  26
6  26
34  37
11  44
19  37
43  21
42  27
38  41
13  36
20  28
22  48
41  50
22  16
38  9
13  45
26  35
31  24
44  11
16  12
23  17
42  47
51  46
12  23
12  38
9  22
9  49
49  9
31  49
5  36
43  18
18  14
30  7
16  14
9  37
32  44
44  30
32  30
13  16
48  9
42  35
48  33
43  15
27  35
47  24
10  13
13  35
39  48
34  6
10  35
50  37
47  17
10  49
18  18
39  36
47  31
9  10
40  25
31  18
16  30
8  40
50  32
13  27
15  19
22  6
14  35
22  23
48  5
15  18
37  32
32  30
51  7
19  43
11  16
46  46
13  40
38  36
17  21
20  5
6  41
51  35
50  9
11  23
14  45
28  34
18  40
9  26
37  40
31  11
26  25
45  10
44  27
13  17
48  36
35  9
48  10
5  15
28  44
48  46
49  47
36  25
20  19
46  50
25  40
33  13
9  40
10  6
50  13
36  42
36  25
13  20
27  14
20  5
31  16
21  14
14  47
17  31
15  16
10  33
18  46
13  18
31  28
9  22
13  29
27  31
40  19
9  50
41  27
17  41
10  15
14  45
25  25
40  51
12  48
30  31
5  37
22  12
49  45
34  41
51  16
25  8
36  30
47  50
7  44
24  9
50  5
38  34
37  28
50  15
35  44
7  24
10  9
17  13
49  20
50  12
15  35
25  6
38  15
44  15
42  42
16  40
19  13
31  26
47  18
13  8
33  31
51  29
35  14
37  46
26  14
49  46
5  19
43  34
6  10
14  26
30  43
47  46
29  50
8  6
11  26
14  41
38  49
20  41
10  46
33  51
46  24
39  48
50  23
18  50
19  10
23  51
11  26
5  43
22  8
44  45
30  32
12  50
36  29
28  5
27  27
13  46
15  35
37  32
40  33
29  19
29  45
36  9
8  25
51  7
34  25
26  35
29  25
31  7
36  41
6  15
41  48
15  8
13  46
5  9
8  16
8  16
12  22
39  40
11  36
40  50
21  19
15  18
10  6
40  33
28  18
21  9
19  38
13  46
22  34
45  5
15  22
30  30
20  21
45  31
47  26
44  51
41  6
35  33
31  17
15  32
32  40
48  7
27  22
29  11
45  20
23  29
41  18
40  32
36  38
41  39
16  41
40  33
44  14
16  31
46  15
44  33
44  34
37  34
30  10
46  46
31  16
27  13
49  30
36  31
33  18
49  6
16  47
43  27
37  51
49  40
43  50
43  43
47  28
8  30
44  38
44  44
11  24
41  42
26  15
31  29
32  28
6  9
30  11
13  35
8  37
19  31
35  22
22  19
28  40
10  10
46  39
50  45
9  24
40  23
30  10
6  28
36  33
34  17
6  17
12  40
8  46
9  32
27  32
45  50
44  7
17  34
42  40
40  38
28  8
28  35
16  51
27  33
9  30
25  19
19  45
51  10
48  43
21  44
33  37
15  11
17  42
7  49
27  19
43  41
18  40
35  32
48  41
23  7
20  20
42  25
45  11
14  31
50  50
21  11
28  36
21  24
49  34
27  42
16  20
16  48
11  43
8  22
18  49
46  5
46  38
14  30
24  26
9  17
42  5
41  20
51  20
19  18
28  13
12  23
38  47
26  25
42  30
15  39
25  41
19  38
11  14
7  46
50  38
49  6
14  10
18  10
13  5
39  15
8  46
14  14
37  6
18  44
46  19
40  7
31  44
9  22
17  49
25  29
36  18
43  36
41  10
10  38
37  40
31  30
22  7
25  22
16  27
31  8
13  12
31  50
30  35
15  15
26  9
11  46
31  20
42  30
26  35
39  17
48  12
25  36
13  35
27  10
13  30
31  42
35  8
37  25
26  49
17  43
34  14
10  11
39  22
15  36
48  12
6  34
46  40
11  51
9  41
15  5
40  18
11  22
43  8
7  37
16  44
30  17
40  9
12  23
49  19
38  37
26  39
31  15
19  35
51  33
35  34
50  37
40  7
26  19
16  23
23  36
17  43
32  8
27  11
17  25
43  17
40  41
26  31
35  33
20  18
23  19
49  35
31  43
26  39
9  46
27  45
25  43
28  51
32  14
40  47
27  38
49  16
27  11
12  25
36  28
13  18
28  9
43  14
22  21
30  24
41  20
