44  34
17  48
36  20
7  12
33  49
13  37
5  13
11  8
50  49
32  27
46  17
39  12
25  27
5  50
37  47
11  5
12  46
11  38
46  33
22  39
48  6
10  27
35  46
17  22
48  25
23  28
40  6
33  44
43  29
12  23
8  45
14  26
33  42
45  15
39  23
8  32
51  44
13  8
44  30
48  14
16  28
8  45
14  48
48  29
36  15
41  26
25  7
38  44
28  28
23  49
34  35
8  22
13  6
36  16
49  39
27  30
35  12
46  7
25  20
14  22
14  40
37  50
50  20
23  12
10  34
33  47
6  39
44  21
12  14
20  16
41  10
38  19
19  17
42  25
33  42
21  11
41  20
6  14
13  26
20  7
35  30
22  49
25  40
29  19
11  34
6  30
34  7
22  38
42  14
7  19
48  41
36  10
21  29
47  17
7  14
36  33
40  28
17  48
7  41
35  7
39  22
17  34
7  22
14  19
25  32
7  20
25  40
30  40
29  12
11  49
50  18
43  37
32  35
39  20
10  24
39  25
14  34
38  45
35  35
42  23
17  38
40  43
35  49
14  20
14  19
14  43
21  49
28  47
11  50
33  8
29  49
43  42
49  13
45  47
9  36
11  38
37  31
46  38
14  40
8  36
9  15
43  14
7  19
21  34
6  17
35  46
26  35
22  15
8  19
5  49
48  34
11  15
13  34
6  41
12  51
7  36
22  34
45  16
5  21
50  51
41  25
20  43
36  37
16  46
37  21
15  31
5  20
25  41
7  18
26  19
42  48
38  23
11  51
40  14
5  31
44  35
7  10
20  29
20  34
50  27
48  13
30  25
9  11
43  11
38  44
14  5
13  30
32  49
31  22
19  17
28  35
34  44
15  51
29  19
8  10
43  30
42  27
44  7
26  44
11  45
18  50
18  8
24  31
39  13
13  42
29  50
26  25
26  21
32  17
38  36
11  50
7  51
25  44
40  21
29  37
15  48
6  42
26  39
40  16
16  45
14  33
44  7
33  37
14  46
30  40
27  36
33  20
5  11
28  44
25  36
6  30
33  13
20  44
48  19
12  19
35  44
26  44
40  11
11  11
45  8
32  33
6  8
32  42
44  46
7  15
43  6
19  45
40  11
12  22
12  39
47  47
27  38
28  26
16  45
44  27
39  37
18  8
24  6
10  20
51  18
33  34
42  22
25  47
29  8
26  46
5  7
17  34
13  45
51  24
37  46
30  28
42  34
16  46
29  9
38  44
16  41
44  38
6  39
31  20
38  46
17  23
46  35
44  23
47  44
6  5
48  12
20  34
37  32
37  47
42  15
38  6
29  12
15  36
43  21
15  50
26  40
50  8
7  41
12  17
35  11
25  48
21  29
24  12
15  22
21  12
45  25
30  50
40  34
8  39
20  26
38  32
38  22
46  33
46  18
8  48
11  27
41  39
28  49
22  32
30  27
46  32
33  35
28  38
11  9
28  28
7  38
24  23
22  31
36  25
25  29
16  9
38  7
46  40
45  14
8  40
11  14
7  51
42  46
11  25
18  12
46  20
37  30
31  44
31  12
11  38
12  47
24  38
9  6
29  9
23  28
6  9
25  36
40  25
35  50
29  5
44  32
39  40
44  11
8  16
29  27
50  25
19  26
45  45
40  38
13  23
24  35
29  13
26  24
22  11
18  13
11  12
39  17
13  32
13  37
19  51
25  47
15  29
47  6
14  37
46  15
27  46
21  5
29  23
22  24
20  7
34  43
45  27
27  33
25  51
48  22
13  46
16  34
9  34
8  8
48  45
34  27
32  45
40  32
51  29
32  6
46  43
21  19
25  32
48  43
39  21
21  13
21  38
31  35
50  24
19  38
49  19
39  45
21  51
8  24
50  23
44  9
19  31
21  32
24  5
50  33
49  38
46  5
14  50
25  48
27  16
32  51
45  32
9  13
43  10
45  16
27  26
47  41
7  27
7  48
34  44
8  34
15  24
44  21
18  26
30  37
16  27
23  11
48  11
31  39
50  37
35  37
10  5
9  21
7  32
22  28
21  33
5  19
48  28
20  24
19  39
49  38
20  42
35  32
30  46
40  34
13  16
24  19
25  45
44  47
30  40
12  19
22  32
36  28
45  14
26  23
20  6
5  21
45  12
24  51
14  47
13  14
33  48
51  43
27  37
46  13
10  24
51  35
35  43
22  6
36  26
40  40
13  22
10  32
42  42
29  49
24  45
49  43
45  42
26  50
44  13
24  40
43  9
22  12
23  41
48  50
6  51
32  12
13  25
26  19
39  10
15  19
48  35
49  29
41  31
25  43
25  29
50  19
36  25
10  38
23  11
48  47
6  38
14  39
19  43
7  26
27  44
33  29
35  47
26  22
48  30
14  50
11  10
16  16
51  33
16  45
20  30
35  45
47  25
21  20
38  31
39  34
33  23
20  44
7  25
12  22
34  35
22  21
15  15
43  37
28  51
7  7
41  9
44  25
26  50
49  32
23  12
21  37
37  35
27  27
17  47
21  22
22  29
14  23
40  16
6  45
24  16
44  15
42  47
26  11
22  42
51  40
50  49
19  8
49  24
39  26
43  10
46  9
28  14
48  17
51  44
15  6
22  51
37  17
50  29
37  45
47  23
22  46
38  35
51  24
23  12
7  45
14  35
15  6
24  27
43  51
25  12
46  50
46  37
22  38
13  17
26  39
15  42
38  45
22  47
36  25
45  17
35  6
5  48
12  13
50  32
25  21
12  24
6  35
13  14
38  41
40  11
31  42
32  13
38  48
45  40
36  40
25  24
42  45
43  30
28  18
6  51
16  12
12  25
44  28
46  24
14  35
18  44
10  34
39  10
46  38
14  7
47  28
45  10
11  44
40  26
31  8
11  5
6  26
16  23
31  41
33  12
28  41
19  27
27  31
11  29
47  32
44  48
19  40
30  16
25  11
29  18
12  23
44  27
13  6
42  23
35  47
24  14
22  23
31  42
49  16
17  9
17  31
22  18
31  19
23  5
12  34
7  26
37  41
51  47
44  15
29  45
13  28
17  22
41  10
34  50
13  18
49  27
46  24
35  28
38  33
6  14
43  5
45  5
17  17
6  37
22  33
46  32
47  24
25  5
18  42
33  46
10  15
12  23
31  40
37  23
15  12
9  22
8  18
12  13
49  17
49  22
27  32
19  49
9  32
37  49
10  9
35  23
10  26
40  36
24  25
51  6
24  34
41  14
17  39
41  45
32  17
6  5
47  29
31  27
31  19
24  23
39  6
11  22
46  50
24  5
24  17
34  25
17  7
22  49
37  46
7  39
5  15
33  26
20  13
45  30
25  46
39  33
27  9
24  47
50  15
35  12
29  49
42  26
26  32
38  36
26  39
16  20
30  23
42  32
47  29
34  43
48  13
44  23
15  38
50  10
10  30
14  7
20  20
49  30
35  48
47  24
13  38
36  34
21  42
12  51
25  30
50  44
29  23
13  17
25  47
15  26
40  40
5  30
46  49
12  35
41  25
50  7
50  33
45  15
41  48
38  51
18  27
45  47
46  35
42  47
21  19
9  12
24  41
23  16
9  27
41  32
48  28
42  40
32  37
36  13
47  26
47  19
20  20
48  43
37  19
18  9
13  41
34  50
31  33
9  10
37  5
8  26
35  22
38  40
17  32
18  22
13  49
48  29
8  14
37  50
51  45
11  27
13  31
46  35
34  48
38  46
27  7
7  5
50  42
8  50
39  44
27  14
37  32
43  23
9  11
35  41
47  25
12  20
49  29
51  11
33  23
29  16
50  32
8  22
34  36
30  43
26  45
37  19
20  49
37  20
13  47
46  16
30  15
51  44
14  8
22  6
36  26
40  7
46  25
50  19
21  24
32  13
48  43
35  33
47  14
39  39
20  31
41  17
12  28
37  26
30  47
10  21
41  36
42  26
47  50
30  9
47  36
16  24
29  14
15  14
11  49
11  49
33  34
38  33
47  25
29  51
5  33
29  46
41  6
37  46
42  38
12  36
35  37
6  27
11  21
46  42
50  48
40  23
7  35
34  8
5  5
16  6
33  30
31  22
12  30
32  41
31  34
44  5
30  42
21  22
25  51
50  14
18  15
18  7
50  34
50  7
37  30
6  22
24  23
15  38
11  9
41  10
6  47
43  5
35  10
36  30
8  10
44  36
24  51
43  50
22  30
33  11
45  41
16  20
50  15
20  6
31  41
29  31
14  45
38  25
38  51
45  28
18  17
35  30
17  33
17  34
12  27
35  16
19  31
10  51
22  17
17  13
32  35
12  51
46  21
25  12
30  12
49  36
45  39
30  14
8  23
17  5
17  18
26  50
48  44
12  45
32  10
12  15
35  47
37  24
17  22
8  35
8  15
45  39
13  20
37  18
19  20
47  23
6  39
37  47
14  8
21  28
19  15
23  13
48  11
36  27
14  18
48  40
42  49
27  36
35  12
15  17
41  13
33  11
19  19
27  21
30  28
43  18
44  12
49  50
23  42
46  49
23  37
19  42
45  35
12  9
38  38
12  50
25  50
18  15
7  51
51  15
48  20
51  34
23  7
9  49
20  44
31  44
18  5
25  43
22  44
14  33
43  18
15  8
31  36
39  14
21  18
38  11
48  40
42  44
51  10
17  20
23  18
32  42
45  43
51  18
29  12
26  17
35  18
38  22
41  5
31  21
21  22
28  50
27  18
29  43
27  21
33  41
31  5
16  30
39  27
23  43
29  49
51  22
35  40
31  50
46  15
8  38
11  43
49  8
20  30
51  10
10  13
49  50
14  43
21  35
33  16
8  10
49  44
23  45
14  28
49  32
33  36
45  26
46  49
45  43
7  9
11  13
19  28
49  11
6  14
27  45
43  14
28  10
11  47
22  30
26  50
17  49
14  30
35  22
6  25
22  24
41  50
39  34
34  19
30  11
38  15
6  50
18  46
18  26
32  35
22  17
47  17
18  50
34  46
37  25
19  7
5  48
31  33
36  30
5  5
18  20
40  9
47  27
30  45
19  49
27  31
22  51
45  46
49  50
17  29
28  25
27  46
27  16
45  30
18  25
47  28
6  48
15  37
29  37
20  17
20  43
8  39
7  36
10  38
32  36
7  14
17  35
42  31
39  47
51  15
51  50
51  44
51  10
41  18
31  6
49  27
46  19
40  43
30  20
46  14
42  12
39  10
30  48
25  30
41  9
18  13
28  26
12  5
11  21
9  45
6  45
16  13
10  26
24  39
15  47
14  39
26  37
35  23
5  10
33  28
14  39
21  13
36  38
43  41
45  50
50  24
25  6
31  11
15  33
16  48
17  51
50  8
23  21
6  16
35  40
11  42
19  45
20  32
15  8
5  38
21  29
14  26
48  40
30  15
30  46
47  31
11  6
37  40
10  23
36  41
34  6
15  19
26  20
31  13
24  5
14  19
49  15
49  43
14  36
49  44
44  6
23  14
14  21
37  38
44  17
5  42
8  13
38  18
14  43
20  43
43  7
49  6
15  45
41  27
19  8
39  12
44  5
6  51
32  16
32  26
48  37
13  51
51  44
42  29
46  35
17  48
30  9
15  34
19  51
7  23
28  50
31  46
29  37
33  20
14  24
24  27
34  20
28  31
36  39
33  17
33  33
15  13
13  10
15  21
40  31
48  16
17  31
38  27
32  45
31  13
48  20
21  35
45  24
43  14
21  45
15  31
35  32
44  22
21  31
19  37
19  27
24  48
13  20
37  36
12  24
19  25
46  17
11  13
36  24
7  20
9  21
21  39
10  45
21  45
8  38
18  33
40  40
16  48
18  43
39  17
48  10
44  8
48  17
46  35
22  35
39  49
12  30
38  48
26  51
43  11
34  35
21  13
49  22
46  51
19  46
30  24
8  43
5  31
47  34
28  45
5  47
28  15
37  6
33  5
8  48
49  30
23  49
40  41
40  14
16  14
36  8
36  38
22  36
9  29
38  19
38  42
8  24
25  49
17  5
24  22
29  29
41  38
26  24
7  31
29  36
5  23
30  51
36  25
42  17
48  17
15  30
31  7
8  32
43  36
10  32
5  22
24  13
31  27
34  22
5  11
10  31
51  25
6  37
24  37
47  22
47  26
29  25
10  21
34  48
30  28
23  13
26  11
28  32
31  46
8  27
32  13
20  34
38  20
39  34
17  43
15  37
10  25
36  31
49  41
49  45
16  51
51  36
33  10
49  28
17  51
41  16
29  26
11  27
16  5
9  18
28  12
48  37
25  10
42  9
51  48
10  45
7  26
43  34
9  7
13  44
28  6
42  34
47  26
13  29
29  25
36  18
42  23
8  51
38  24
43  8
19  7
7  5
30  6
15  45
13  21
44  31
11  6
39  42
16  47
19  41
11  30
8  21
13  39
23  30
34  36
8  44
30  5
46  30
36  23
40  34
20  17
22  45
7  51
49  5
40  8
41  45
35  37
14  43
36  18
19  46
7  26
24  35
9  29
50  23
8  21
26  30
39  37
37  43
34  46
8  30
46  51
8  19
33  26
23  9
13  35
12  10
11  39
7  35
15  6
31  37
51  50
37  41
11  32
50  42
45  51
5  42
20  39
28  20
33  27
7  16
42  45
20  49
16  27
13  40
20  15
18  12
29  6
27  31
28  33
38  41
36  39
11  37
29  24
47  11
14  33
29  14
16  17
40  47
43  45
47  14
5  40
8  44
8  43
37  48
51  36
48  8
50  49
19  50
17  5
28  31
46  48
26  17
50  12
18  13
21  9
27  21
18  39
43  40
26  30
18  21
9  34
18  10
38  34
50  38
28  5
45  51
40  21
13  19
25  43
37  10
18  22
47  25
33  8
21  13
17  40
51  43
46  36
30  15
50  41
42  39
24  25
5  33
14  16
7  51
17  43
35  44
26  28
39  15
48  11
37  31
45  31
31  46
14  43
24  27
46  35
22  30
25  35
44  32
9  23
48  38
16  15
31  21
44  23
28  43
18  12
31  36
17  20
48  26
46  14
17  19
40  8
28  19
28  25
19  32
50  27
20  24
10  49
36  36
27  32
19  27
6  7
15  38
22  25
5  48
5  23
36  46
11  39
47  40
31  38
12  14
6  50
9  9
10  41
48  33
10  23
16  12
43  26
16  8
38  15
23  50
16  19
36  16
51  46
34  36
44  29
38  11
28  49
6  30
31  13
7  35
32  9
17  44
11  5
39  51
14  13
29  5
27  32
31  31
44  43
14  18
22  24
31  9
37  13
48  51
26  21
12  15
33  20
29  28
18  6
45  13
51  20
22  20
36  27
28  46
51  45
43  26
32  31
46  20
17  5
39  39
8  51
40  25
21  26
19  36
31  28
30  43
43  45
49  51
18  6
32  19
14  30
35  25
46  24
48  47
9  41
36  42
33  12
22  12
22  13
28  46
36  40
40  49
36  25
22  39
51  47
11  31
49  11
18  15
39  15
7  51
21  8
19  47
34  10
27  15
34  7
32  21
33  36
48  50
50  20
41  20
51  21
45  26
44  25
30  32
6  15
16  23
45  28
33  42
11  27
17  29
24  45
34  41
37  44
51  26
41  28
22  39
20  42
36  43
30  35
5  51
45  13
20  7
50  30
5  19
38  31
26  19
45  15
23  20
41  47
45  46
24  5
32  33
14  37
20  46
19  42
13  19
43  36
34  48
37  30
35  43
49  22
17  40
11  22
32  5
7  49
11  40
27  30
22  47
10  11
13  40
37  31
45  29
6  28
5  10
43  7
12  5
37  37
13  10
25  32
26  27
20  18
25  25
30  36
45  36
24  13
7  32
18  19
34  27
6  46
8  7
42  35
38  39
50  20
5  27
38  13
8  49
46  14
47  19
6  10
14  50
6  43
39  49
5  5
15  24
20  41
26  20
25  26
48  45
44  22
35  10
37  14
29  28
51  46
7  5
36  32
8  14
49  50
32  43
50  27
46  42
39  26
20  51
22  33
36  23
12  42
47  29
27  36
49  22
46  28
32  45
15  51
15  39
41  27
31  37
6  51
35  51
51  21
22  21
15  28
31  20
35  42
46  49
11  42
51  36
21  48
18  30
9  24
19  25
28  8
21  40
6  9
26  13
9  34
32  42
35  27
18  48
31  31
27  25
39  29
29  15
35  19
11  14
19  44
20  9
22  15
8  16
32  19
13  8
25  51
47  16
21  29
17  21
21  5
40  21
38  51
30  31
8  51
29  50
6  5
50  47
17  33
50  19
49  43
24  17
8  24
39  30
38  17
30  45
24  45
27  42
46  49
8  39
43  40
37  34
37  10
14  24
15  47
47  29
25  28
48  38
44  35
41  16
20  26
35  19
14  39
31  20
18  40
47  45
40  24
29  39
31  50
10  21
19  40
20  42
18  44
49  11
29  15
41  31
6  45
40  23
19  30
42  33
22  38
18  45
41  49
7  40
43  5
38  8
46  48
12  36
24  39
48  30
48  49
10  23
20  26
48  48
24  36
51  47
17  39
21  7
16  43
19  51
45  41
49  32
12  47
47  48
10  51
7  23
21  48
31  22
45  46
16  37
33  18
34  24
20  6
12  11
46  45
30  37
21  41
19  20
25  30
9  25
34  24
32  48
41  30
25  24
44  7
50  26
31  37
23  29
36  33
31  51
48  34
39  6
10  34
48  43
41  20
14  21
35  32
23  14
27  38
47  7
17  30
35  5
36  35
44  51
21  19
49  16
30  43
17  24
26  46
12  38
37  48
43  31
47  38
19  30
23  21
30  21
27  6
30  24
18  20
19  17
24  8
24  19
40  22
21  28
29  45
25  22
35  11
39  27
29  25
26  12
25  17
26  44
11  39
8  38
5  8
12  13
23  19
48  18
32  46
47  42
50  33
9  45
20  32
19  51
32  43
21  39
8  32
5  44
12  29
9  7
15  44
26  48
41  51
6  42
27  34
44  6
18  40
9  45
12  21
16  36
49  13
34  48
18  6
14  6
21  42
21  11
36  33
46  7
43  15
7  6
51  38
30  20
33  24
11  30
30  28
6  37
5  49
40  25
44  12
16  11
48  23
30  48
35  26
45  16
49  13
45  49
22  26
8  43
15  19
26  47
36  5
22  38
34  38
31  28
7  23
45  30
9  37
44  23
47  42
19  39
25  39
30  21
38  43
28  26
47  50
22  50
34  10
44  46
21  21
6  21
35  15
32  9
8  6
10  27
42  22
24  11
17  50
29  18
43  21
19  27
11  23
38  35
31  11
48  36
30  15
14  46
29  39
17  27
48  15
30  37
18  22
25  27
29  34
40  33
43  27
7  49
24  46
40  30
26  49
27  9
28  50
18  49
31  42
51  34
35  11
41  41
11  9
6  39
51  17
39  38
45  42
46  37
21  30
7  14
27  46
26  22
20  26
9  13
38  37
23  11
40  24
5  10
36  18
40  14
17  43
35  25
7  43
11  14
24  8
39  37
5  35
16  5
39  5
38  35
38  35
26  36
41  7
29  14
25  30
46  27
14  32
27  20
34  45
24  41
42  31
46  10
51  28
37  48
21  51
9  40
46  34
43  12
19  20
12  9
14  31
51  34
30  27
39  32
10  45
13  25
27  33
47  15
8  27
28  21
28  19
24  42
15  8
36  13
27  41
28  40
38  12
38  50
42  40
15  21
15  16
18  34
40  44
37  18
50  31
29  38
45  19
10  50
17  27
30  9
50  25
31  41
25  10
33  17
21  40
31  50
42  31
23  34
12  19
24  38
22  30
34  6
39  31
20  33
17  24
12  38
42  9
15  42
19  46
47  6
49  51
39  13
7  9
33  39
48  26
17  48
17  10
41  27
15  35
43  25
28  30
24  46
47  11
34  51
14  28
14  43
24  43
36  38
30  6
13  30
31  17
44  36
46  35
31  8
7  45
35  12
21  33
20  48
24  34
17  25
42  6
9  41
27  33
17  23
28  41
24  21
42  24
27  24
5  9
51  17
39  47
35  24
42  50
35  31
47  11
27  9
45  46
39  37
19  51
27  51
29  15
14  17
8  8
41  44
27  38
10  12
43  39
12  21
12  9
35  37
38  35
41  48
42  35
46  19
7  42
50  15
19  24
22  16
36  9
50  30
41  35
11  45
13  14
15  24
38  11
21  30
31  44
6  17
12  30
20  45
20  14
24  34
43  40
7  27
32  35
23  20
16  40
49  40
43  5
45  27
9  21
9  9
40  32
8  28
11  50
44  6
6  24
29  28
22  33
47  39
47  42
41  50
36  44
42  48
45  5
38  36
36  28
18  50
49  11
36  27
29  17
22  6
33  48
38  40
14  11
18  41
43  32
40  5
19  37
12  32
24  34
28  37
8  48
19  39
32  19
46  32
8  16
12  17
38  51
14  22
16  6
30  28
22  21
21  15
34  28
48  50
50  31
30  24
13  33
7  33
47  30
50  25
21  14
45  28
14  44
20  37
37  45
18  24
5  40
18  18
7  15
9  42
50  15
49  10
7  10
22  38
33  51
15  29
8  29
17  46
9  13
41  18
13  33
23  22
10  28
45  37
8  39
5  22
15  5
36  47
7  9
12  27
29  32
19  15
17  41
9  8
24  28
8  9
40  40
18  19
39  14
50  21
28  45
38  6
34  9
33  35
39  8
43  25
26  50
49  11
22  10
24  18
14  23
7  25
33  36
27  34
21  47
5  11
18  47
14  44
17  27
25  38
12  40
9  49
27  28
22  16
12  13
26  28
26  15
11  17
51  51
27  19
30  7
24  36
16  7
15  10
38  32
34  22
5  31
14  36
19  48
41  43
12  15
16  9
28  20
35  29
40  5
13  46
8  35
18  19
7  41
31  20
44  37
19  25
23  11
21  16
28  32
40  31
42  24
26  19
46  24
5  15
39  6
20  38
21  43
40  19
49  22
22  21
39  13
25  22
45  23
20  28
12  15
22  43
25  25
18  20
20  13
6  27
27  32
41  42
35  10
8  50
41  32
22  33
5  36
18  37
51  16
38  11
50  21
31  8
41  44
24  14
25  11
32  7
29  25
36  18
10  35
21  6
39  23
49  19
40  32
24  5
40  37
30  30
11  47
51  11
49  27
36  42
26  29
29  35
16  32
10  39
44  17
20  23
21  23
39  8
30  50
28  42
39  46
33  44
28  5
33  17
43  15
14  43
13  8
14  9
50  19
24  42
6  50
37  43
11  28
38  29
25  7
31  50
50  24
5  14
32  49
43  36
30  44
14  46
14  20
46  7
39  40
44  50
15  24
39  20
43  39
7  5
22  35
27  38
45  43
25  11
20  43
12  21
20  30
39  48
17  50
22  24
44  20
23  23
45  15
47  27
49  24
7  46
22  22
8  8
42  49
28  33
49  33
40  50
42  31
43  50
51  33
5  30
17  48
40  16
51  5
8  9
12  8
25  23
6  16
31  37
40  28
51  48
8  14
12  10
40  50
24  34
35  19
6  6
10  21
6  33
19  35
6  33
38  25
50  38
6  13
23  8
5  5
50  17
11  46
18  32
10  46
31  6
33  29
51  10
51  25
15  32
21  36
6  6
48  9
12  10
23  44
32  37
23  48
26  15
18  32
14  41
33  39
34  14
35  15
22  16
12  21
26  18
29  35
26  19
31  32
34  10
46  46
12  12
19  14
42  42
48  19
42  16
22  51
33  18
50  12
42  31
43  14
38  49
18  37
34  50
50  26
23  32
18  33
29  14
8  13
30  27
46  42
17  18
41  47
24  32
42  30
16  7
50  44
12  6
15  23
13  38
8  46
41  47
9  8
28  38
13  24
46  12
40  36
23  20
43  29
30  9
32  35
30  41
35  22
12  35
17  41
21  19
9  44
8  42
42  42
48  5
36  32
15  43
38  46
13  12
34  31
17  41
7  14
28  47
46  17
25  12
26  44
20  32
11  7
50  20
31  44
27  29
14  23
32  25
32  37
38  41
16  44
44  36
41  38
11  10
40  32
38  50
29  49
38  33
32  5
7  9
45  6
10  45
10  47
28  15
33  23
44  30
27  48
23  22
51  7
42  41
27  9
37  33
9  49
20  29
20  42
36  16
45  14
7  45
39  16
40  34
28  32
12  32
43  13
50  26
31  9
29  39
14  13
26  21
17  36
49  10
11  26
47  35
49  19
34  13
15  26
6  33
34  48
6  17
18  34
33  32
16  10
34  17
21  40
22  7
41  12
28  24
20  7
41  40
8  15
23  7
11  18
19  38
17  17
31  51
37  15
33  46
47  34
35  21
36  51
10  15
31  24
30  39
39  9
41  33
14  12
32  42
16  46
35  47
31  20
21  8
9  13
24  40
21  38
17  7
22  45
30  7
41  12
39  50
23  41
20  10
19  29
36  24
26  29
25  19
39  41
17  19
39  35
26  35
13  10
17  21
47  33
7  25
13  17
7  29
40  21
16  10
30  16
50  30
43  36
26  33
49  8
23  33
33  50
14  9
24  23
49  22
6  7
49  20
45  30
48  16
18  18
26  26
41  33
26  26
36  6
15  49
8  21
46  42
20  39
27  42
45  6
29  51
28  37
34  5
31  29
6  11
11  24
22  11
16  26
18  18
47  11
47  43
46  19
27  43
40  46
31  17
33  39
17  30
31  41
20  8
23  5
43  31
37  21
29  50
33  10
49  5
15  50
38  31
17  31
45  17
47  39
5  44
30  9
44  32
27  46
20  6
45  15
32  36
29  33
39  16
13  34
49  21
49  50
6  35
33  36
28  30
44  18
17  9
50  49
34  12
7  13
50  9
14  12
32  24
18  10
23  33
43  39
49  42
49  11
13  39
6  32
25  18
8  42
25  46
49  14
29  37
20  30
24  51
21  15
41  22
32  26
34  43
38  39
44  28
32  48
24  25
33  33
51  37
46  35
42  22
18  5
13  50
14  41
42  20
6  27
33  25
32  33
10  26
13  24
29  31
8  44
16  28
39  39
5  27
6  43
20  20
44  38
20  16
13  41
9  40
16  21
40  11
26  38
19  33
45  47
20  31
24  48
21  48
30  6
5  11
35  6
18  7
31  21
10  46
49  43
21  45
41  45
9  13
35  23
21  5
23  6
10  10
43  27
5  44
47  8
16  14
18  21
25  26
28  45
39  15
25  35
12  24
18  36
17  46
39  49
39  37
22  29
8  10
35  36
41  28
14  31
46  36
38  37
30  46
31  17
50  23
51  28
37  41
7  35
45  9
45  29
8  30
31  30
29  51
31  35
48  37
21  6
38  7
49  22
9  18
46  49
22  26
15  25
10  6
33  31
21  39
21  27
30  50
40  13
17  15
43  5
9  33
37  50
14  11
33  28
28  30
40  5
19  37
10  18
6  46
30  7
31  33
40  19
16  15
9  19
24  27
26  9
24  25
41  8
15  32
33  36
21  22
22  25
12  27
17  45
22  46
26  19
34  23
28  41
8  7
46  19
45  43
22  20
5  34
46  15
31  11
34  22
21  23
43  12
11  29
46  33
36  46
40  51
19  22
51  18
11  16
9  37
6  47
27  17
5  21
32  22
10  8
9  9
47  23
20  12
