46  30
30  36
51  8
48  31
28  9
16  44
24  34
46  5
33  7
31  6
30  32
16  39
28  14
9  30
36  49
11  38
29  25
15  19
32  16
24  31
43  29
28  48
18  41
15  26
34  46
41  8
32  36
39  20
14  18
8  30
46  30
22  33
40  27
10  46
14  49
40  25
36  33
18  37
41  6
36  32
5  42
32  47
22  44
39  7
49  42
36  16
5  13
36  46
33  11
28  31
10  29
32  7
47  22
29  26
8  36
48  31
24  42
33  18
39  49
20  19
49  23
40  33
25  13
22  8
16  33
9  21
17  23
37  36
13  28
27  16
46  48
51  27
42  10
43  23
40  35
15  44
13  41
6  23
9  10
46  27
43  30
19  40
14  9
10  46
24  30
36  30
14  6
31  7
10  38
45  28
43  26
5  43
28  15
48  21
21  45
32  27
17  22
17  8
26  18
47  19
8  14
41  12
23  7
43  46
46  24
25  15
35  29
23  38
12  48
5  38
48  19
10  12
28  7
35  12
49  8
41  24
34  41
37  19
17  24
13  14
15  16
16  36
25  36
15  22
22  20
22  24
6  47
47  25
41  45
31  13
16  28
48  51
51  18
40  20
23  7
12  32
27  35
8  8
5  5
36  36
39  43
37  32
22  27
22  51
22  7
47  28
45  49
22  38
33  13
44  23
24  8
44  32
42  45
35  16
45  19
15  45
30  10
17  6
14  32
37  32
23  6
20  27
24  34
23  45
20  25
20  45
21  27
21  50
51  5
45  22
38  15
27  29
20  24
32  26
43  29
37  28
7  30
44  36
36  50
13  19
34  45
23  29
39  40
17  50
11  6
49  47
51  16
12  46
11  45
31  44
35  22
45  22
17  44
15  18
47  38
19  38
10  13
31  8
6  6
35  45
43  27
17  51
45  38
16  21
47  11
35  29
30  15
5  13
22  24
49  12
23  37
10  35
48  6
11  30
30  40
14  17
25  51
22  23
6  15
17  12
45  24
8  34
8  51
34  40
41  5
34  33
17  9
24  34
19  40
5  17
20  19
41  14
9  45
50  42
36  13
41  12
11  38
42  19
9  22
27  11
33  20
19  48
34  5
46  36
21  12
29  25
30  18
40  35
22  17
13  18
50  40
35  16
39  49
38  38
24  25
10  24
49  18
21  37
30  46
33  30
47  26
38  26
45  37
39  23
12  11
41  8
9  5
18  9
8  46
44  46
36  35
45  49
11  16
38  13
38  7
37  45
22  33
26  45
29  43
13  17
29  44
16  25
42  15
26  6
25  7
36  22
33  21
18  29
24  50
14  24
48  7
40  18
51  13
17  36
10  24
27  37
41  49
7  31
41  50
19  37
16  34
35  13
37  9
24  27
50  32
8  30
23  28
39  22
38  25
29  26
15  30
50  16
27  39
24  22
6  25
39  33
20  47
50  43
41  46
18  8
41  51
9  14
43  11
9  26
30  16
35  37
14  5
5  37
39  32
15  32
42  7
14  38
38  40
49  30
16  21
18  48
35  19
35  12
27  45
49  27
21  8
43  43
33  42
29  48
33  22
20  38
48  32
36  8
37  48
9  23
41  28
18  5
18  21
30  19
25  21
45  32
21  27
29  6
50  22
42  14
10  17
35  29
34  10
15  49
11  30
41  37
41  17
17  35
32  23
21  43
18  12
9  8
14  25
46  5
27  43
29  5
38  49
12  21
33  32
27  21
20  5
14  19
10  16
14  13
32  22
49  39
41  12
42  17
18  8
16  40
47  13
29  7
44  27
46  26
38  13
50  35
27  39
18  36
39  38
7  24
36  6
7  35
23  19
40  45
31  29
47  30
9  6
43  5
46  42
33  33
22  24
34  47
27  15
51  49
43  37
45  47
8  15
47  21
15  18
14  11
21  13
41  19
38  18
24  9
12  44
23  43
29  27
47  47
46  41
23  9
51  28
40  43
12  44
45  23
29  37
35  51
50  20
16  15
11  36
27  28
16  8
38  8
10  28
7  26
22  41
46  41
26  34
11  18
14  48
46  32
38  15
31  26
48  25
39  40
40  10
38  28
38  13
9  45
36  50
18  43
30  36
34  10
8  29
27  37
20  14
44  31
27  30
47  28
27  18
25  45
36  9
21  51
42  33
24  25
24  30
11  8
25  28
16  47
30  48
43  23
11  40
48  30
15  10
13  29
39  9
50  27
34  15
14  9
30  22
12  41
10  45
30  34
25  42
48  21
45  9
9  45
14  34
39  9
33  38
19  22
33  38
24  19
22  44
14  11
43  26
46  38
38  5
33  18
11  42
43  15
10  14
31  42
51  46
30  29
14  50
31  11
23  29
31  41
50  36
49  19
19  36
5  9
34  32
17  25
47  48
23  46
18  36
48  22
8  40
8  11
20  23
48  50
28  9
28  38
23  14
12  31
14  40
17  41
43  49
25  45
29  20
5  5
39  29
25  5
42  35
34  11
25  26
10  22
44  24
30  25
13  34
28  21
18  10
9  6
20  21
19  46
31  37
5  24
7  23
25  14
13  49
38  35
14  42
5  21
25  20
24  41
50  7
49  30
14  17
49  10
48  33
33  18
20  25
20  24
21  49
14  50
23  18
16  44
31  28
18  44
41  39
40  33
40  12
7  46
35  46
26  41
28  30
19  9
29  39
15  29
44  39
37  21
50  27
7  37
16  30
31  18
41  39
13  9
26  45
44  10
22  39
20  23
29  42
19  47
39  42
36  34
40  27
39  41
15  48
11  46
37  28
8  39
26  26
32  17
39  35
14  27
11  16
14  33
16  27
45  25
16  17
35  22
49  30
14  19
28  46
19  42
16  14
30  46
23  46
38  8
22  49
23  49
50  14
30  37
30  19
24  26
47  45
24  28
17  6
33  28
51  49
11  13
25  19
39  13
22  51
17  48
22  36
37  46
50  6
39  43
24  40
8  25
40  31
42  11
11  38
17  16
18  38
18  28
48  35
5  43
42  43
30  6
16  16
10  26
48  48
39  27
27  10
39  18
25  24
44  34
29  41
51  16
43  26
6  5
27  7
36  16
22  50
41  12
34  47
10  8
18  9
14  44
26  36
19  49
19  50
39  23
9  48
43  40
9  19
22  16
19  51
11  36
30  41
32  30
23  33
40  27
20  24
7  49
21  34
26  20
47  26
10  34
12  7
27  29
48  6
19  20
45  19
39  19
9  40
22  50
23  40
31  7
39  33
43  10
20  30
8  41
32  10
7  27
26  36
25  36
6  27
18  24
47  47
31  21
13  41
49  48
18  36
5  37
9  21
33  20
36  51
23  10
49  46
42  24
40  38
21  32
21  42
20  17
6  21
18  5
29  23
24  42
18  40
34  17
39  30
32  42
31  51
12  47
14  38
31  6
12  5
17  20
45  33
35  27
35  32
33  28
25  36
44  11
24  24
39  16
43  43
45  35
11  11
31  13
21  40
31  18
28  48
19  48
39  17
27  35
8  33
44  33
25  30
40  35
41  41
39  18
32  8
51  33
42  37
45  20
36  36
6  25
36  48
42  51
20  19
39  46
43  23
22  26
24  34
46  21
48  38
32  33
20  51
15  30
24  17
20  24
24  5
37  6
25  48
51  42
17  6
50  21
36  33
13  37
51  33
29  26
17  16
32  12
5  50
17  6
50  20
47  47
41  26
41  16
5  9
6  32
13  48
15  43
42  19
28  5
51  22
6  9
24  51
23  6
6  22
33  30
12  36
48  20
40  36
28  31
45  9
44  34
26  51
15  17
43  13
40  23
17  16
6  46
22  16
50  19
31  40
33  24
45  49
12  7
48  8
39  48
12  27
33  13
34  15
22  32
6  41
22  6
39  10
26  20
31  47
24  11
46  25
33  30
38  32
17  47
49  5
36  6
37  47
46  18
35  21
26  26
31  16
15  28
46  39
15  38
44  21
34  14
33  39
7  11
31  7
7  34
7  6
13  14
43  40
6  8
27  34
21  12
13  39
5  18
25  16
15  21
17  13
45  32
19  5
12  20
14  21
43  33
32  12
16  8
7  45
24  6
20  32
26  6
35  50
16  24
39  8
20  38
27  29
17  27
34  17
14  24
19  11
22  26
24  42
16  39
34  27
50  21
14  7
21  49
35  41
11  24
37  41
33  39
28  48
10  12
31  45
35  34
31  11
17  10
49  6
31  48
30  13
27  7
22  22
24  47
25  44
22  21
21  38
8  37
29  6
7  12
15  19
7  37
32  14
43  25
51  10
31  40
47  37
11  6
29  6
43  48
14  8
20  36
9  17
6  46
20  45
45  10
18  40
24  12
41  50
17  14
39  19
9  31
14  14
13  19
14  21
47  14
37  43
18  31
41  44
41  7
27  36
31  45
6  34
45  20
49  35
51  21
45  13
22  8
20  45
34  47
8  37
39  50
49  6
24  46
12  35
50  42
41  15
9  40
14  40
50  5
43  47
5  33
9  34
31  28
48  49
44  41
18  20
14  31
36  14
35  5
40  7
42  43
24  27
6  47
37  48
43  15
37  29
27  40
9  37
35  17
28  27
36  46
29  51
15  44
7  39
9  18
9  51
12  6
9  26
5  30
39  13
48  12
17  37
34  48
39  37
29  29
24  29
45  27
39  11
11  50
33  50
16  12
18  14
26  16
31  5
24  20
13  32
14  24
22  13
36  26
37  45
19  19
42  14
49  9
50  42
26  10
22  17
11  19
32  26
9  43
21  32
39  42
49  16
38  16
33  48
30  32
33  14
9  11
34  21
41  45
46  17
43  11
21  42
31  26
39  12
29  40
31  9
17  10
13  22
9  29
38  50
37  38
11  28
17  11
30  43
45  15
40  35
21  14
47  42
30  13
47  19
26  40
49  10
22  41
34  38
30  27
28  28
38  33
6  6
36  31
38  5
49  18
51  49
15  38
50  27
35  44
43  40
14  20
49  39
43  21
33  9
25  16
12  24
7  19
45  21
38  12
7  21
32  40
29  5
33  36
43  44
23  48
6  42
31  6
21  15
18  19
30  16
11  26
6  32
45  33
23  19
45  6
45  12
32  44
8  43
28  34
28  23
10  30
43  35
37  20
7  15
11  23
21  41
47  37
42  35
32  32
30  21
20  9
49  35
38  13
17  19
23  49
15  10
28  9
23  31
32  26
37  5
41  43
28  39
36  9
34  36
29  46
26  15
21  27
40  7
42  26
15  51
22  45
22  49
38  51
46  10
33  50
9  11
7  26
38  8
12  43
12  25
13  25
34  26
19  49
32  47
48  14
11  13
12  51
10  15
13  20
38  10
34  41
33  7
7  22
30  50
41  47
22  31
34  15
11  8
11  43
23  38
22  28
44  41
36  39
7  48
21  9
20  41
18  13
41  49
31  49
5  48
24  32
15  19
19  34
26  18
38  39
51  36
18  36
42  22
38  28
6  30
32  42
31  16
30  43
29  21
50  11
16  48
36  26
34  32
39  28
24  19
17  21
51  16
23  28
51  11
41  10
46  40
48  31
11  16
24  50
20  34
39  29
6  35
17  44
22  19
25  28
35  33
33  30
36  27
10  24
31  46
10  22
43  42
48  29
30  45
24  42
10  24
26  47
41  8
29  35
5  18
40  30
20  23
10  26
44  5
49  20
15  18
49  39
24  28
15  36
17  32
22  14
39  31
49  13
28  19
16  12
18  44
35  16
30  21
24  20
8  38
39  36
30  20
14  10
48  22
51  45
23  34
7  27
34  11
39  9
29  38
29  43
8  8
12  31
14  51
8  49
47  25
16  34
43  8
14  45
9  39
43  8
27  19
5  47
49  21
22  17
47  10
36  11
39  23
43  38
29  25
19  6
34  48
33  26
24  15
8  10
20  39
5  20
9  14
21  29
9  34
12  40
16  9
28  37
43  47
28  51
23  29
30  11
39  35
49  34
46  10
22  30
32  6
29  43
5  15
37  41
9  10
14  20
42  29
12  32
43  31
51  17
7  24
11  22
18  10
34  17
32  33
22  5
27  37
19  6
51  9
35  31
49  35
45  33
26  37
28  23
13  21
40  14
24  25
28  14
17  41
23  51
31  13
29  43
8  50
44  22
15  21
35  19
18  31
6  42
29  12
16  26
48  12
35  29
44  38
11  37
33  33
43  11
19  11
31  49
13  29
28  26
47  10
19  47
27  50
24  12
46  40
31  12
27  17
41  23
15  34
35  24
50  15
23  12
30  50
31  6
31  5
28  43
23  38
29  14
35  20
31  41
6  11
36  32
34  49
41  25
19  6
48  38
6  49
34  33
10  13
33  20
45  6
6  21
15  45
47  39
10  13
19  37
15  7
50  23
23  30
15  27
30  45
35  40
46  19
50  33
25  50
29  50
32  18
32  9
35  22
37  34
15  11
13  47
46  36
10  39
44  21
49  42
6  12
14  47
6  6
41  44
27  22
18  27
44  51
15  32
5  49
14  21
50  31
43  10
24  33
45  36
29  5
37  22
13  6
5  46
50  48
8  34
30  48
30  47
23  42
29  48
12  40
44  23
49  47
39  25
17  43
24  33
42  8
46  15
14  11
24  9
48  51
47  7
48  17
32  31
45  32
21  28
50  22
29  24
28  10
50  40
30  24
48  21
36  19
50  38
40  28
37  32
51  44
48  10
41  15
18  28
42  26
28  18
15  21
39  31
27  39
19  37
42  11
30  47
29  10
6  32
38  51
9  18
34  25
36  6
47  24
5  18
28  27
48  25
23  25
23  38
34  31
22  29
35  25
15  7
15  44
31  7
29  10
51  12
45  34
19  45
6  39
47  20
22  23
35  37
11  40
29  9
27  25
38  21
44  18
18  34
29  35
14  42
14  50
48  39
7  46
18  24
23  26
36  10
42  40
31  7
19  17
46  22
5  11
18  14
45  42
41  10
49  22
34  15
36  38
44  9
10  30
27  10
22  16
30  27
8  26
19  23
8  47
44  36
9  51
10  29
31  27
20  18
11  51
11  32
11  25
9  33
41  23
28  20
10  20
20  30
8  12
41  34
34  9
49  6
18  43
26  10
15  32
8  17
11  49
31  19
6  6
34  43
50  7
10  45
45  37
7  48
49  13
18  13
30  48
38  24
47  11
45  43
41  16
8  43
30  33
7  7
20  44
47  36
17  51
22  50
27  11
17  15
13  22
8  7
26  30
18  9
22  15
46  50
16  42
18  46
9  34
43  30
41  50
47  17
30  7
20  47
19  36
16  21
27  40
20  41
14  22
51  30
38  20
6  51
51  32
15  24
5  13
39  45
50  46
24  45
9  38
37  19
19  40
18  46
18  10
51  47
18  15
18  48
36  49
29  20
31  20
27  6
41  35
38  36
11  44
47  47
38  29
9  19
42  51
46  41
9  24
31  46
18  33
9  30
20  23
28  36
50  12
35  10
39  27
5  47
50  42
43  33
27  29
11  46
5  33
12  27
14  8
31  42
10  32
51  35
7  27
42  12
8  9
37  40
50  44
44  7
8  40
13  23
49  45
33  10
42  42
17  26
30  30
16  49
13  14
8  24
24  46
17  19
9  23
15  20
50  29
26  17
42  18
50  12
31  48
15  42
32  37
33  10
13  12
38  18
6  34
13  49
42  12
32  24
14  26
35  35
21  17
25  20
10  32
11  38
9  16
32  9
46  40
31  45
15  30
16  11
50  24
45  50
32  6
38  19
21  48
17  20
19  47
24  23
36  20
23  37
33  12
50  37
48  42
44  21
22  31
19  34
13  16
49  35
46  51
12  6
47  41
7  44
19  9
37  31
5  24
38  33
39  19
10  14
23  44
21  25
41  5
17  27
11  21
8  51
35  10
15  25
17  11
31  19
43  30
19  6
6  36
14  18
9  31
23  23
21  14
20  35
30  36
50  28
36  17
27  10
21  34
48  9
42  14
18  12
25  8
46  39
35  43
23  20
39  5
6  42
12  20
17  6
40  37
25  11
35  15
44  8
35  46
15  43
25  35
12  33
29  26
51  16
21  33
46  27
46  9
13  50
36  11
30  40
51  26
23  50
16  27
23  12
43  47
19  42
42  50
46  46
17  9
21  48
27  48
20  50
7  25
19  18
49  22
14  45
31  9
36  21
23  42
18  9
22  21
28  42
17  47
16  13
33  33
10  20
33  15
47  34
49  17
8  42
31  42
36  24
42  9
24  39
41  24
45  13
22  36
36  42
8  30
37  17
19  36
10  18
44  34
8  9
20  9
8  44
31  50
17  23
13  31
35  46
9  17
34  9
9  9
9  30
46  25
51  47
23  42
34  7
10  44
17  49
51  13
23  33
15  34
26  40
6  46
10  9
28  5
6  29
40  39
46  34
26  35
13  28
32  8
41  41
35  29
32  21
6  47
33  34
28  18
47  6
13  6
10  41
33  21
16  42
25  44
26  20
15  46
31  27
18  35
25  42
10  18
7  20
45  34
17  25
39  30
37  9
41  51
46  34
27  10
10  19
35  48
8  25
13  17
12  11
42  11
50  14
47  38
11  15
22  25
18  33
20  11
45  50
17  37
51  47
37  27
47  43
18  18
19  51
19  25
8  6
23  23
7  39
18  28
11  34
39  27
24  20
11  41
32  36
26  36
7  28
9  18
32  21
31  30
43  49
15  42
37  38
12  10
5  28
31  16
14  47
23  45
47  50
43  46
35  23
19  8
43  51
11  51
44  19
33  24
17  30
9  46
35  26
16  47
21  19
21  33
40  21
32  44
27  35
35  45
43  18
34  17
12  10
6  50
23  22
47  27
48  35
46  20
26  48
51  9
13  5
5  35
47  28
26  15
21  18
18  49
6  10
37  43
30  37
17  29
8  51
51  31
29  5
14  16
22  39
13  37
11  40
35  14
36  26
9  51
37  17
6  51
14  20
36  38
12  42
11  27
51  21
49  31
49  31
39  9
6  33
22  7
32  38
14  18
13  28
42  39
18  37
29  34
49  44
7  14
32  24
20  12
37  30
39  30
6  8
40  32
47  37
27  7
39  13
29  48
23  50
23  43
39  48
48  36
34  8
51  13
30  13
16  7
37  42
51  20
51  34
48  26
41  25
38  17
12  47
50  38
39  51
42  14
49  21
30  31
40  34
15  34
32  35
30  49
48  10
14  33
18  36
35  21
46  31
17  27
37  32
26  44
11  49
25  37
5  21
19  49
6  42
49  40
25  26
51  41
48  12
13  40
37  27
45  37
22  38
34  36
30  47
27  40
38  39
25  21
39  27
40  50
31  19
26  40
34  14
20  30
32  42
15  6
14  49
20  21
22  6
14  12
5  10
32  8
27  26
20  6
16  23
25  8
23  45
5  45
14  15
8  45
49  15
39  30
11  50
38  33
51  20
22  30
8  6
29  50
34  46
11  24
20  27
41  45
48  34
46  19
42  16
6  8
11  13
27  7
17  35
18  43
13  34
46  36
11  32
28  45
25  10
36  12
22  15
27  51
45  10
47  26
34  34
27  5
31  39
22  21
41  41
51  9
20  28
28  35
31  36
31  8
27  17
35  30
40  51
37  6
20  14
49  36
37  31
17  22
29  26
7  23
11  15
30  34
49  30
13  19
17  7
25  41
43  39
9  25
25  23
15  15
10  47
31  28
50  33
47  35
22  16
10  41
12  25
50  43
41  48
27  50
28  44
22  39
32  30
43  10
11  26
51  50
29  20
6  43
25  27
32  29
13  43
13  51
6  48
18  16
41  23
42  6
37  34
45  49
39  23
7  6
47  38
11  39
47  46
45  47
39  20
41  12
39  31
42  36
11  20
17  23
38  51
36  32
50  49
9  50
27  44
48  33
10  11
46  29
24  9
46  45
30  49
32  5
28  7
12  33
35  36
43  30
38  22
36  34
9  27
45  43
37  36
48  24
42  50
35  40
47  22
30  31
23  27
6  6
9  19
30  40
37  18
40  47
10  13
32  6
13  20
17  10
14  5
34  41
27  46
18  38
41  13
40  8
46  24
28  32
29  35
20  51
48  24
50  8
24  24
43  11
37  48
33  23
13  47
47  20
36  40
16  42
33  6
28  26
35  36
20  31
23  16
28  27
26  14
8  27
45  15
48  41
32  7
30  33
46  14
12  29
37  25
29  44
15  36
12  50
17  19
22  46
49  6
32  50
50  34
13  8
40  24
30  43
30  35
45  44
21  13
48  48
16  51
12  23
20  25
45  51
47  32
11  31
35  29
35  18
19  23
5  16
17  27
46  13
9  16
44  5
34  46
41  24
35  6
23  32
39  22
11  44
40  21
49  39
47  22
25  49
31  45
44  12
8  26
32  50
21  38
41  17
44  9
24  40
27  13
27  38
34  13
24  36
30  20
17  9
18  21
51  35
43  39
17  42
38  40
11  37
44  49
43  47
28  10
50  19
18  42
33  18
14  31
18  24
48  6
48  17
43  39
23  47
5  49
49  8
18  46
40  10
10  24
18  43
36  11
43  37
43  12
36  18
9  32
46  22
18  28
14  11
9  27
44  44
5  26
10  20
12  34
46  47
15  32
5  36
36  29
9  5
33  38
51  20
43  27
10  24
41  47
28  20
14  47
37  8
9  25
20  34
26  38
30  15
17  16
51  31
42  17
13  19
39  37
26  32
22  12
47  17
40  22
16  32
28  12
44  7
49  42
34  11
45  11
34  21
32  39
40  51
45  16
46  35
35  49
36  30
20  16
12  26
16  33
43  13
26  24
32  31
21  19
43  19
30  14
19  13
25  44
36  33
40  36
8  18
6  31
51  12
31  15
47  37
5  31
29  5
33  42
14  41
22  17
36  38
34  15
31  49
38  16
50  7
21  22
32  33
18  33
29  34
14  47
19  40
42  10
36  44
32  37
50  27
39  39
10  18
17  33
50  20
13  7
12  6
23  25
30  9
22  22
46  21
26  12
31  43
17  41
18  22
29  48
47  11
48  12
33  46
48  45
18  41
47  42
15  25
29  42
29  10
10  31
47  29
19  34
37  22
15  34
19  13
49  39
6  39
22  44
39  9
49  41
51  10
11  28
18  30
40  50
35  30
5  35
48  18
28  15
21  21
12  29
29  41
24  26
31  29
38  8
21  6
8  22
10  45
19  26
20  14
48  15
15  26
9  29
28  19
31  34
51  5
9  38
50  38
50  27
42  29
7  31
13  19
29  7
23  40
11  35
9  19
14  42
47  42
8  19
9  8
32  46
15  19
38  20
42  19
10  11
37  46
40  50
6  26
6  32
27  47
14  28
30  33
25  21
51  33
18  24
23  10
8  17
29  49
35  12
35  46
51  5
7  47
14  32
35  8
23  13
41  35
33  29
40  22
51  33
39  18
14  8
48  46
19  33
16  16
15  39
18  35
42  6
46  9
19  21
22  12
27  43
48  15
33  10
45  39
50  50
46  20
6  17
8  12
13  45
16  31
10  28
21  51
45  37
47  19
35  33
19  19
36  50
21  16
48  20
46  29
10  47
33  17
19  28
19  35
48  11
38  24
34  18
9  15
42  47
46  29
14  22
49  40
15  10
29  46
24  23
36  39
34  39
26  43
49  22
31  11
47  39
19  22
42  25
25  23
9  18
40  15
39  14
34  22
51  6
20  46
51  13
42  23
12  12
8  5
28  11
14  23
24  10
35  35
15  32
40  46
46  42
51  10
9  6
30  51
17  38
20  44
32  28
40  43
16  18
13  6
16  15
30  26
28  43
50  32
47  21
47  17
46  25
44  39
43  16
21  48
51  18
26  41
24  6
12  32
48  28
17  28
51  15
46  50
45  51
36  32
26  19
33  35
36  29
20  33
8  39
23  50
17  33
32  36
30  15
28  44
18  25
13  17
24  25
26  31
7  34
23  24
36  51
47  27
50  30
49  29
49  11
15  20
12  19
39  21
40  50
37  12
50  17
6  29
24  9
29  21
33  48
39  30
30  45
40  33
39  33
40  49
17  19
48  32
39  21
15  5
9  18
28  31
17  5
48  21
13  27
14  11
31  6
6  24
11  15
40  7
41  44
14  35
21  43
32  48
34  24
25  26
27  35
30  41
38  31
8  25
16  27
10  17
23  23
48  26
11  40
24  11
13  14
22  19
34  43
46  20
16  46
10  22
17  7
38  46
30  34
18  26
23  19
14  11
37  10
32  25
7  22
23  36
18  22
48  33
33  41
40  47
42  29
44  44
24  12
38  24
41  27
17  41
6  22
12  34
24  23
15  8
31  6
51  41
9  22
39  47
46  46
37  16
45  18
38  28
10  33
28  32
19  49
32  47
32  12
23  29
19  40
21  22
43  26
27  39
45  41
30  51
17  50
51  42
29  37
12  7
39  37
27  5
36  16
28  12
21  38
27  42
50  24
33  29
44  27
34  29
19  30
48  17
15  46
22  49
45  5
38  46
46  15
11  15
45  42
36  49
6  26
41  9
38  11
24  9
46  13
9  32
42  49
23  18
18  51
44  23
35  26
39  42
47  9
27  40
37  13
43  5
46  47
34  19
34  10
24  31
49  47
19  8
43  34
29  19
5  27
24  35
15  42
34  24
34  7
39  32
44  5
36  24
51  45
12  9
10  23
30  32
30  26
8  42
16  50
47  20
15  50
14  34
13  43
13  44
50  26
8  22
10  28
16  21
46  17
43  47
39  36
26  22
26  45
25  15
9  45
39  18
43  6
47  38
16  44
10  47
17  51
33  7
12  8
9  19
40  32
16  7
18  13
11  48
29  50
50  37
37  49
12  6
20  45
15  14
31  48
44  23
36  23
6  9
17  28
10  14
43  27
30  24
51  6
17  27
50  38
23  22
36  38
6  33
37  17
51  46
46  26
44  33
6  32
51  8
29  50
18  49
11  48
47  32
10  5
31  41
44  28
48  6
6  38
31  31
24  16
32  44
45  18
20  5
44  25
25  10
23  31
6  26
8  42
38  48
22  25
50  28
6  10
6  44
45  34
45  35
50  20
28  46
51  13
29  46
46  10
30  28
51  35
38  38
19  5
7  46
37  13
44  28
48  47
39  34
39  12
32  10
49  7
49  7
12  20
31  12
44  37
48  50
43  47
12  13
24  34
29  18
5  27
26  19
24  33
44  36
30  20
28  39
50  25
6  39
39  51
15  14
43  45
11  34
43  28
7  43
10  46
20  5
28  7
15  21
19  28
11  30
12  17
44  43
23  19
14  38
11  49
26  30
7  36
50  21
20  30
6  49
45  43
50  51
8  35
29  32
46  26
41  19
38  11
18  19
50  30
30  40
30  35
19  12
40  50
43  32
16  11
5  22
12  37
24  24
47  51
26  13
34  19
32  33
32  25
32  36
38  41
50  18
5  36
25  48
11  46
18  10
50  14
33  32
26  48
10  30
15  30
44  11
51  6
49  51
42  45
48  26
23  43
45  49
21  30
33  23
12  37
21  38
6  7
18  45
22  13
15  36
28  31
37  45
41  27
28  44
8  24
51  6
47  51
33  13
47  45
31  45
25  11
7  18
22  10
21  30
14  28
16  35
5  36
25  45
7  21
43  38
16  35
43  6
40  7
46  51
30  41
41  35
24  45
46  21
10  7
40  34
21  8
8  15
11  23
28  13
29  5
10  11
41  11
6  14
13  6
34  5
32  5
38  41
30  9
12  16
35  17
13  22
36  33
13  35
50  40
42  39
49  50
42  25
11  32
39  37
38  23
48  50
19  16
41  35
46  15
12  33
14  36
24  17
48  27
14  48
44  44
11  46
35  21
28  28
17  10
37  50
21  46
19  27
23  37
8  8
42  29
28  37
31  39
43  9
13  27
44  10
31  25
41  5
8  18
51  25
5  40
16  9
34  36
27  25
12  13
12  6
43  8
28  21
20  16
19  47
37  31
40  49
6  15
25  17
40  17
14  9
23  50
6  45
51  45
18  7
35  42
45  18
39  8
30  34
35  51
24  7
28  44
19  50
13  37
47  28
5  34
31  39
40  24
29  32
14  6
26  47
10  32
21  43
42  34
50  13
14  46
12  18
11  8
34  45
18  34
22  29
23  24
45  19
22  45
32  48
7  9
46  42
15  18
47  12
46  11
10  20
46  44
28  44
38  23
18  48
18  43
30  25
20  51
29  34
41  8
26  49
22  25
12  39
45  20
8  40
40  37
38  22
51  37
36  22
19  5
36  37
15  26
41  22
14  30
34  48
22  50
16  34
11  18
39  13
16  23
31  28
33  9
21  51
33  33
43  41
26  13
51  13
30  8
35  31
31  11
17  11
26  38
10  41
39  47
44  36
49  33
51  18
18  41
30  15
26  39
6  32
20  8
29  26
42  10
12  35
25  17
35  14
10  44
14  43
22  15
7  7
50  43
10  47
5  48
28  5
38  45
23  49
39  30
18  50
26  10
10  27
32  39
46  26
34  50
35  26
22  39
38  34
13  16
27  37
11  47
14  45
33  46
16  13
30  36
37  16
13  24
34  6
43  30
34  33
48  47
15  26
51  8
39  36
50  36
38  18
38  10
33  15
28  43
11  16
8  43
47  35
40  23
46  44
21  8
38  13
43  40
32  19
5  17
16  51
29  32
12  49
43  30
25  45
6  32
27  6
32  32
50  17
17  23
31  42
8  49
34  49
18  41
37  44
40  36
35  38
9  27
19  35
49  24
41  26
32  19
23  15
49  44
29  45
34  30
35  13
9  23
36  39
26  31
48  14
35  48
19  14
51  14
27  48
7  10
13  37
16  35
43  48
34  12
40  6
50  33
31  51
18  19
18  46
48  38
35  5
45  22
32  36
6  10
9  12
41  34
47  21
47  50
47  33
36  49
36  9
15  39
37  22
21  21
37  12
20  46
11  40
15  39
23  28
22  30
17  44
35  37
36  45
16  38
23  8
14  11
41  10
31  21
36  16
27  11
42  46
35  10
45  22
11  33
26  25
21  28
35  27
38  33
18  18
48  25
39  48
28  51
28  6
12  21
22  11
16  33
12  6
51  48
16  14
26  30
34  16
49  25
32  28
31  17
27  8
11  13
26  49
36  20
25  46
38  38
48  50
35  15
28  5
25  30
30  31
46  39
39  19
7  12
46  47
41  26
6  43
25  11
29  15
26  22
41  33
24  17
21  5
11  29
15  10
45  36
30  39
12  9
51  46
7  11
27  27
12  14
36  47
13  21
20  44
31  5
34  22
40  34
14  50
50  14
18  30
41  11
26  51
22  50
44  16
21  15
36  27
33  21
34  23
16  38
21  7
47  15
28  43
31  35
27  24
24  36
38  38
18  49
47  7
38  7
8  9
21  15
16  6
33  20
13  30
14  26
5  25
40  14
36  41
31  20
25  26
10  43
37  46
18  8
16  7
46  17
40  21
21  45
26  50
16  22
12  37
5  42
6  33
28  10
28  11
48  42
36  48
12  34
41  24
45  47
36  31
43  29
23  48
21  29
24  40
20  20
7  11
32  22
51  42
48  14
51  27
20  10
9  31
34  14
46  13
42  17
21  21
10  21
19  40
34  10
17  51
11  19
13  25
39  26
14  33
28  14
14  32
25  41
13  38
37  38
12  27
24  5
20  37
50  47
43  40
35  13
46  16
21  24
40  34
26  35
45  35
33  35
19  33
36  13
30  24
33  15
45  18
10  8
51  26
16  5
33  15
39  28
10  31
38  46
25  36
22  27
41  10
38  20
23  39
42  51
44  35
35  37
15  31
39  29
42  29
38  22
19  48
41  11
51  37
34  29
21  9
15  20
16  44
8  8
38  34
50  20
16  51
46  51
51  33
45  10
39  45
34  38
40  7
8  41
6  14
20  12
26  51
7  30
31  20
35  19
40  13
34  21
7  11
6  22
27  6
36  49
47  16
10  31
14  49
42  43
27  18
44  26
19  32
29  28
49  49
21  25
42  9
20  41
12  35
44  8
35  8
16  22
22  8
24  22
27  19
48  44
20  32
22  19
6  18
28  23
28  16
30  46
8  48
20  36
26  49
37  6
27  31
5  38
23  28
12  46
11  8
6  32
18  35
43  23
43  27
47  50
40  13
5  32
24  24
27  47
36  17
11  16
20  27
24  6
29  51
21  42
43  19
6  49
24  42
51  15
24  22
45  9
45  17
17  25
34  44
7  15
6  42
38  48
6  6
40  18
26  22
12  13
42  14
26  44
29  51
36  17
35  32
16  34
18  5
41  31
7  30
35  31
40  48
25  44
42  36
33  30
33  6
19  28
23  7
44  48
25  31
35  50
13  45
35  33
8  7
6  11
45  18
19  38
8  27
21  30
8  37
19  35
23  36
36  39
47  19
8  7
18  45
29  30
46  20
15  20
43  50
40  43
25  8
10  16
34  42
47  37
7  35
39  10
39  11
29  5
34  47
23  20
38  24
14  21
7  14
35  13
37  34
29  42
26  39
21  31
17  8
9  35
10  12
34  12
19  8
16  37
9  33
24  5
17  8
45  19
9  34
31  19
34  36
32  18
8  45
10  26
48  21
24  7
13  38
48  47
28  35
15  8
27  16
50  48
16  12
22  38
29  48
43  46
51  21
35  46
15  48
21  22
20  41
37  31
41  50
7  41
49  37
38  17
42  35
22  50
34  22
39  28
14  20
8  34
47  8
29  15
36  32
30  46
14  15
22  35
42  48
5  16
19  22
28  9
25  25
16  33
50  33
39  7
14  9
44  47
32  26
19  21
18  27
38  46
36  27
26  45
22  20
23  26
40  21
14  44
11  6
8  40
21  34
9  32
23  13
7  49
35  49
46  40
33  24
17  9
44  42
9  42
21  27
13  35
8  40
40  23
44  50
40  43
7  50
40  20
29  7
45  45
26  39
39  51
27  46
20  15
45  51
48  44
13  51
24  11
26  37
8  30
33  13
49  8
18  25
20  42
8  42
32  15
5  34
17  20
9  39
40  45
16  21
41  24
31  16
24  27
31  28
42  29
6  40
15  13
48  12
40  28
18  31
16  24
7  14
16  18
26  37
39  17
46  18
40  19
24  32
36  20
20  42
31  21
38  43
28  11
46  15
51  47
46  5
36  23
28  15
12  50
38  50
48  39
28  49
27  34
41  10
36  25
5  12
11  10
26  35
43  46
25  22
48  23
12  46
19  24
34  26
50  50
42  26
34  29
44  37
47  51
39  13
34  51
43  36
16  26
25  13
33  10
41  12
41  39
40  48
45  22
22  48
36  47
22  34
31  18
15  7
40  47
7  41
16  28
15  8
45  40
16  5
22  40
13  19
28  17
39  42
30  33
49  17
40  34
14  30
25  14
8  44
27  24
8  12
9  45
44  34
12  34
26  32
6  49
44  30
7  41
14  11
11  10
47  34
42  19
25  37
25  12
8  17
33  18
8  39
23  32
24  14
17  27
21  26
13  15
39  21
51  44
5  8
5  31
24  19
34  46
26  38
14  44
8  48
30  32
50  31
21  14
48  10
28  15
38  44
35  30
26  10
49  46
8  33
14  5
40  40
19  21
7  39
21  8
50  15
18  43
45  24
12  13
35  15
48  7
38  41
11  14
5  39
15  32
12  30
47  47
26  14
14  6
19  20
17  18
18  34
32  13
41  25
46  26
36  31
23  50
36  15
26  28
39  50
33  18
20  50
48  9
38  7
18  47
13  12
37  33
24  5
31  19
14  19
51  15
8  26
39  18
31  47
25  7
34  40
23  16
24  50
21  12
42  40
31  48
12  16
19  17
44  38
5  15
12  41
21  15
35  36
50  24
21  48
42  48
17  48
33  12
30  36
47  44
44  51
39  40
28  13
33  27
5  14
38  35
43  41
5  35
29  31
5  11
51  7
45  10
23  27
6  33
49  16
10  36
33  27
23  41
40  34
44  39
5  13
7  25
10  47
29  20
11  25
46  15
43  42
45  10
33  42
22  22
25  35
23  16
17  5
21  10
15  23
21  20
16  18
34  34
26  6
21  35
10  12
43  45
31  29
11  46
36  39
5  45
13  49
17  41
32  14
35  7
47  33
24  46
18  50
21  14
25  30
31  46
43  5
26  25
15  18
6  46
22  44
6  39
18  26
23  13
15  20
32  43
32  17
18  11
24  43
6  42
9  41
40  38
39  46
36  10
20  16
43  48
25  36
24  25
16  30
10  41
38  22
16  36
33  48
20  25
10  50
42  49
50  45
33  17
15  12
30  5
39  6
34  33
40  21
36  14
34  50
9  32
22  27
23  19
42  9
43  51
5  6
34  5
32  48
43  29
42  17
20  43
11  16
22  13
41  16
12  8
46  49
13  26
35  7
30  37
18  35
21  6
7  17
39  24
11  37
37  22
48  24
17  21
12  27
5  20
30  15
16  50
32  13
12  42
41  18
34  46
30  24
10  37
25  16
49  9
22  29
29  16
22  14
19  30
22  14
12  13
34  43
35  25
34  6
10  10
43  31
25  15
41  16
41  18
51  27
15  50
40  24
17  50
23  29
43  8
45  16
20  34
9  25
6  13
17  49
17  48
23  38
13  38
16  22
25  45
42  24
23  30
13  18
10  9
34  27
33  46
38  45
15  18
30  12
14  11
11  25
25  13
24  6
34  45
49  34
21  36
39  35
33  47
51  19
47  38
26  22
20  21
11  29
31  33
32  24
14  9
41  35
5  35
40  37
24  37
23  13
34  27
27  33
20  41
47  16
9  41
49  12
18  10
49  51
21  20
13  49
21  46
19  43
39  51
29  27
25  50
49  12
43  26
35  34
30  15
20  16
30  5
10  15
18  13
39  8
19  46
19  41
15  44
29  7
32  17
47  13
33  10
12  46
15  13
13  10
26  19
12  32
7  27
51  28
9  36
34  47
38  17
9  13
32  47
31  24
47  38
38  16
41  46
28  26
28  12
37  22
48  44
43  47
9  27
14  19
7  44
25  21
21  19
12  35
35  7
38  21
39  46
35  17
9  35
20  5
37  27
49  11
27  37
45  12
10  22
30  40
34  23
12  5
20  51
8  48
34  25
50  12
43  24
31  32
7  44
51  36
46  17
34  41
19  24
46  12
40  34
11  47
44  8
5  23
25  11
15  14
38  49
17  17
11  6
9  26
11  41
28  35
28  14
34  35
42  15
5  22
32  12
18  21
36  26
27  28
47  31
16  49
44  14
22  41
48  21
35  29
50  9
18  50
14  8
7  50
36  43
16  9
44  12
23  9
47  8
48  22
21  36
16  33
33  44
50  50
23  17
42  13
29  49
41  13
34  47
50  16
49  16
43  41
12  23
26  43
41  27
42  16
18  27
31  14
6  13
12  10
39  27
14  16
8  25
23  26
16  23
44  34
36  13
14  30
36  34
42  46
35  44
32  18
30  40
9  10
6  24
42  29
19  7
35  28
17  44
48  37
27  26
42  6
17  36
9  38
11  30
35  31
29  44
33  46
51  49
7  40
19  37
10  11
9  11
13  33
47  18
48  18
42  35
20  12
43  15
17  43
43  26
45  43
36  32
5  42
27  31
29  38
25  44
27  32
13  14
40  8
5  49
30  50
26  10
6  10
39  43
47  19
15  14
20  47
46  8
16  35
35  50
42  8
28  50
28  13
48  26
29  51
22  39
11  6
11  6
11  41
21  30
21  49
48  47
28  30
20  43
21  24
36  19
23  33
14  41
50  45
32  50
28  13
30  20
17  12
10  43
41  43
40  27
47  27
31  23
18  51
18  41
25  7
46  37
37  29
29  32
18  44
28  16
30  45
14  10
25  34
50  24
10  37
45  45
21  41
5  37
24  28
20  5
13  14
8  5
21  11
18  44
28  12
48  49
32  36
6  34
8  10
27  5
46  33
12  34
19  14
28  35
40  8
14  7
11  45
32  10
48  26
48  35
50  21
48  10
29  35
7  24
14  20
37  29
10  36
11  48
47  35
24  41
22  31
41  42
27  21
26  21
39  50
41  43
31  5
26  27
12  19
46  41
51  46
21  9
45  9
12  9
48  31
26  33
39  37
22  20
10  15
34  46
51  12
51  7
37  13
8  18
6  13
14  7
37  44
31  45
14  35
36  25
44  16
14  49
49  28
20  42
26  31
11  39
33  30
39  37
25  18
27  17
20  23
22  25
41  20
15  47
6  40
23  45
26  5
23  22
7  16
43  44
31  31
14  45
37  25
37  17
51  41
33  42
37  15
29  37
9  26
8  46
10  8
32  26
37  13
50  51
46  17
50  43
18  38
34  42
46  40
23  27
35  27
33  29
25  34
48  19
51  37
31  41
25  27
38  15
51  47
27  21
23  26
16  26
29  31
50  19
37  9
18  10
40  35
25  36
40  29
8  13
48  28
35  14
38  48
18  12
28  45
8  5
12  23
22  10
18  36
5  48
31  50
37  44
8  48
7  11
41  50
42  14
37  18
35  39
20  49
45  20
46  48
27  14
42  24
39  19
25  20
5  44
34  22
37  16
45  15
33  5
34  35
42  51
39  20
51  9
42  32
41  50
29  8
49  28
24  50
24  46
44  47
26  51
18  26
30  30
15  27
19  25
6  8
36  35
44  10
44  26
47  31
30  17
5  7
38  23
47  21
5  9
37  47
16  22
41  14
39  35
12  49
46  33
12  9
21  8
18  19
45  20
9  51
15  40
41  42
35  40
48  18
45  20
22  16
12  26
8  29
27  34
16  26
14  17
18  36
37  23
36  5
15  48
6  18
35  31
27  26
5  42
24  18
35  18
40  48
41  9
6  40
42  10
11  13
19  8
29  25
15  10
43  27
47  51
51  49
15  41
47  44
44  9
21  12
47  46
27  51
20  30
38  23
47  29
33  47
18  16
13  49
18  50
51  16
50  18
10  42
31  13
42  35
45  11
13  20
23  20
9  5
32  41
40  50
46  22
47  12
24  33
9  18
11  13
50  23
51  46
7  17
27  45
27  49
14  12
38  27
46  26
40  44
11  16
51  18
17  41
14  11
28  19
36  28
10  16
25  43
6  26
31  48
26  16
19  33
35  51
28  15
24  37
47  11
6  33
40  46
9  5
12  33
11  22
19  36
21  36
43  36
10  51
15  41
6  47
10  14
47  38
5  24
6  50
25  46
9  51
50  33
25  37
7  49
27  5
16  51
36  26
40  20
22  34
5  33
11  31
27  19
40  46
14  15
38  25
42  36
32  17
27  12
42  6
36  38
7  20
31  44
20  37
17  10
34  26
7  47
50  5
6  6
27  37
8  36
28  11
47  16
17  42
18  50
10  40
42  33
41  48
49  9
15  9
40  35
47  33
47  34
30  23
21  23
43  33
34  26
43  21
31  43
45  32
25  13
25  51
44  29
20  23
49  25
29  19
17  34
34  21
7  37
31  22
34  13
18  42
30  33
39  39
15  9
47  12
19  49
21  45
49  45
10  28
9  19
23  18
21  25
38  36
42  36
28  47
15  41
50  41
12  32
9  41
25  27
5  50
44  9
43  14
22  49
22  24
6  10
49  23
13  46
48  14
40  32
9  8
51  33
27  42
15  50
9  34
12  18
9  50
36  42
21  17
43  22
5  37
12  14
19  40
28  51
47  16
18  23
32  47
31  37
34  48
31  23
38  46
13  23
36  28
32  46
15  38
37  28
37  9
12  30
17  29
44  22
12  38
51  19
12  24
34  43
5  23
50  43
49  12
13  50
10  21
11  44
37  31
36  6
43  31
21  21
45  15
20  17
42  49
51  13
8  35
42  26
50  31
37  47
30  16
48  34
33  15
46  13
49  9
24  31
36  42
48  14
45  12
12  15
8  24
25  24
15  7
51  34
21  5
29  47
12  46
27  12
36  12
33  19
33  49
23  33
27  31
30  18
26  24
43  13
42  44
43  50
7  23
13  32
36  5
23  38
10  31
24  46
48  10
22  39
18  50
14  10
28  18
7  46
47  17
15  9
51  12
14  42
36  26
47  17
26  14
42  42
37  31
29  41
37  46
46  15
22  33
20  45
32  29
50  32
28  16
45  27
36  35
13  30
13  10
30  20
43  8
22  9
31  14
6  30
48  41
7  49
10  47
47  35
21  12
15  8
13  19
24  29
6  8
10  8
47  39
17  34
42  35
10  36
25  10
19  35
32  26
48  10
45  31
19  8
25  23
29  38
24  27
9  15
10  23
21  13
6  46
18  43
5  9
38  26
38  18
11  30
17  6
27  18
49  28
39  24
13  37
29  50
34  20
18  6
9  7
15  9
23  31
16  21
37  25
9  12
45  39
34  48
45  38
14  9
38  23
50  8
14  39
28  39
49  11
42  13
35  21
6  40
14  49
32  14
20  40
17  44
26  19
34  28
12  43
33  24
7  38
43  11
28  39
48  25
32  25
12  36
9  33
49  28
13  31
22  26
14  33
46  36
48  22
21  25
21  25
9  33
13  19
39  8
20  5
48  45
12  20
25  28
47  36
11  36
47  35
45  44
22  25
10  46
6  51
45  47
12  19
31  46
16  46
12  16
15  22
10  41
28  38
8  48
26  8
43  8
45  6
45  43
16  46
20  15
30  26
36  51
26  8
26  33
10  24
21  23
25  46
35  45
44  47
35  33
41  39
31  46
28  30
12  24
12  24
42  14
25  9
21  50
19  7
28  40
15  5
37  50
51  22
14  23
11  33
38  9
39  51
20  50
27  49
18  25
26  28
10  36
19  31
6  7
49  44
19  35
39  13
45  8
43  47
44  41
20  51
21  5
29  34
33  43
14  24
23  18
14  20
50  21
51  16
24  18
46  23
13  13
44  31
11  49
11  40
51  46
34  25
50  45
47  8
36  37
31  41
17  13
35  14
47  19
26  41
25  27
7  15
22  46
50  17
27  24
20  46
38  9
42  39
15  49
37  26
29  44
23  8
34  36
31  50
43  34
24  17
43  43
44  50
21  21
31  11
50  33
43  32
14  39
50  8
27  45
31  16
45  36
22  12
12  8
29  37
9  12
31  36
27  31
27  18
36  24
13  26
12  22
27  31
33  46
7  15
8  35
18  14
25  19
13  35
29  13
22  18
23  22
41  17
10  20
17  27
19  6
13  8
43  35
35  22
11  50
7  31
5  39
38  34
19  44
31  19
6  27
51  16
47  33
13  38
43  14
8  20
21  43
14  41
20  25
27  20
39  28
8  47
16  33
44  12
7  26
49  44
41  35
10  10
26  41
42  42
31  28
29  11
17  43
51  7
7  9
13  16
38  51
7  37
18  20
36  48
39  10
6  26
25  18
51  23
36  7
13  7
37  51
35  47
31  42
33  30
15  45
45  20
29  30
26  32
14  40
48  47
8  39
47  17
40  48
44  24
44  26
17  34
41  13
42  21
49  51
50  31
33  10
12  23
34  24
45  8
50  8
44  27
5  35
29  5
26  47
46  43
28  14
32  31
14  36
24  38
46  34
33  7
23  5
6  28
25  21
51  30
43  43
45  18
14  26
24  6
9  44
17  51
26  35
48  7
32  27
33  26
47  26
20  8
7  20
17  29
43  49
15  6
40  50
32  44
43  9
44  32
37  28
28  15
51  5
8  43
26  51
36  23
28  48
25  35
12  45
16  26
7  30
26  28
35  23
14  42
27  45
48  22
26  30
24  47
39  13
7  29
21  32
16  17
41  35
49  6
41  47
42  5
33  10
48  30
36  29
18  20
6  49
16  49
29  36
21  33
40  31
50  48
41  5
51  10
38  9
45  29
17  10
7  39
37  11
35  45
49  25
36  11
35  33
7  8
34  10
33  44
9  12
45  35
48  7
41  18
41  11
27  19
42  48
26  17
21  7
27  49
20  17
33  39
6  28
13  29
12  27
39  15
18  41
45  49
40  29
29  36
32  29
5  25
43  13
44  35
50  23
19  36
30  35
18  25
6  6
31  30
42  47
38  10
44  51
9  32
13  12
40  9
21  16
15  45
15  49
17  20
5  25
7  46
46  6
48  19
22  37
12  41
44  24
12  6
22  30
42  34
48  50
40  48
39  47
43  40
45  25
5  21
48  10
38  32
45  46
15  35
38  7
31  30
10  13
46  46
37  17
14  34
13  38
49  13
17  46
22  29
36  16
51  13
42  6
15  17
6  11
46  21
32  7
12  12
36  10
32  25
43  48
6  26
31  20
50  48
5  6
24  21
22  41
18  10
39  50
41  22
38  16
36  40
39  35
38  22
14  35
42  20
44  30
49  14
17  12
5  11
16  45
48  43
18  27
23  46
33  30
42  9
23  46
14  40
41  11
23  10
36  41
36  28
40  32
25  49
24  17
38  41
51  8
17  48
12  26
5  38
19  22
36  23
33  9
38  21
30  50
43  9
18  37
46  31
23  19
49  39
5  32
42  6
17  35
24  12
8  14
19  46
13  18
24  33
23  5
38  7
22  44
10  19
23  9
49  37
44  25
51  35
15  42
16  36
48  7
25  38
47  47
38  15
22  27
49  35
20  25
20  43
21  46
29  24
14  16
33  31
44  5
8  40
51  8
11  26
36  9
49  10
18  45
6  8
28  14
33  35
48  33
47  46
46  13
6  24
24  20
25  32
19  12
29  21
43  16
44  19
7  29
44  48
31  17
28  45
11  18
48  20
47  20
7  32
13  38
36  14
23  28
7  41
33  12
45  29
39  5
5  9
5  21
11  31
47  13
46  5
46  18
14  32
36  6
42  46
13  18
24  39
8  13
38  10
51  23
39  9
23  51
5  32
34  22
37  27
32  37
8  22
20  9
50  25
28  28
5  47
22  20
14  8
12  46
6  13
9  50
35  38
16  27
45  5
5  5
51  40
16  51
10  38
34  38
27  25
48  50
26  25
17  32
32  28
42  47
10  20
13  13
21  10
11  46
26  20
50  34
23  21
48  48
20  23
20  18
33  51
33  51
48  14
23  20
51  13
30  7
28  18
47  32
14  48
38  42
19  43
23  23
35  6
6  18
6  6
50  26
9  40
27  22
37  14
21  12
45  16
22  34
17  31
42  22
40  10
27  8
10  50
7  30
20  38
39  18
48  32
11  49
24  28
25  11
16  21
40  44
50  33
48  14
38  31
32  47
24  38
30  44
32  13
16  6
10  24
10  18
26  10
31  9
34  17
35  39
42  49
44  20
48  43
47  51
20  21
16  7
12  30
44  5
16  46
23  12
23  14
10  10
48  36
43  32
27  41
17  47
29  45
47  28
48  16
20  5
41  9
18  35
14  48
47  31
18  41
15  50
19  17
33  39
21  21
16  32
43  17
26  31
8  51
48  23
47  28
42  27
12  46
28  28
21  27
36  8
28  12
41  18
51  19
7  47
40  24
6  32
42  27
44  35
32  14
40  42
9  43
29  50
10  23
10  12
14  13
31  47
30  26
39  51
38  30
39  11
27  12
42  19
43  20
41  35
12  44
11  23
23  10
18  45
13  10
30  21
17  39
11  45
29  51
21  50
42  35
50  27
48  23
11  13
41  25
49  35
16  12
33  42
32  42
6  35
13  11
46  36
15  50
49  31
35  41
30  5
37  8
30  14
47  9
20  49
27  6
39  47
15  13
28  26
43  10
9  13
14  16
21  13
51  48
23  17
44  7
30  47
39  35
43  27
33  35
8  46
5  48
16  29
11  49
49  15
5  51
38  45
21  43
32  43
6  11
14  6
31  21
35  39
16  51
12  28
42  44
26  27
30  35
41  51
8  42
29  9
12  6
42  38
37  20
51  33
30  5
33  27
25  51
50  35
8  40
12  10
51  43
47  40
15  13
47  48
32  26
21  51
38  41
35  45
20  35
11  49
19  49
28  34
6  13
12  43
22  5
38  13
18  25
10  16
13  40
8  31
17  40
21  15
43  35
26  23
6  39
30  22
50  9
9  28
14  36
19  19
32  41
46  30
24  5
49  43
26  45
50  30
34  34
31  7
28  38
44  40
44  36
7  41
35  5
22  33
38  45
21  41
7  7
33  33
9  29
14  8
33  25
40  41
33  44
37  17
50  32
42  39
47  16
25  50
40  8
33  43
43  40
7  37
27  40
48  22
17  29
35  15
12  25
48  11
27  35
10  15
16  9
28  5
12  34
46  22
51  33
28  19
20  41
38  11
13  11
50  49
39  50
35  35
32  13
30  40
33  7
28  7
17  35
37  11
8  6
50  16
43  39
46  36
25  28
7  18
5  25
36  29
8  24
9  50
38  14
29  12
35  50
30  36
38  14
38  48
38  30
40  21
35  19
22  5
24  32
21  49
17  34
33  50
41  40
34  47
35  23
45  38
7  40
38  16
28  20
16  11
5  46
24  10
38  8
20  40
28  18
15  38
11  41
26  49
9  39
9  39
20  35
48  46
49  19
36  51
28  34
29  40
42  19
47  28
29  39
36  12
50  25
14  36
47  49
31  23
26  39
27  51
9  12
23  36
6  19
41  28
45  15
28  19
47  15
36  34
25  41
5  15
26  43
30  31
11  23
22  21
25  20
44  37
17  48
51  48
32  16
41  20
46  18
28  25
7  26
50  6
20  24
36  14
40  42
42  41
10  11
44  35
6  27
34  7
45  17
39  28
34  48
22  28
36  41
14  19
29  9
28  41
50  21
26  9
24  23
24  49
29  33
27  37
30  39
10  24
37  26
49  34
19  30
29  25
15  26
42  31
49  17
40  51
22  43
43  46
43  50
12  16
42  36
34  28
43  43
35  34
27  51
24  49
49  39
13  29
37  50
40  29
46  48
36  40
20  35
22  45
33  11
38  20
47  43
32  46
32  32
38  28
47  13
49  35
48  15
49  50
7  16
13  21
41  41
5  33
23  28
49  45
42  25
43  47
24  37
50  27
50  17
16  49
30  26
18  12
20  12
46  37
11  35
26  22
43  45
36  9
8  24
26  35
23  7
5  43
14  33
12  50
22  38
13  36
46  38
28  36
47  13
39  50
47  14
48  22
8  11
23  25
43  38
20  49
15  39
25  25
21  12
24  47
15  34
23  17
19  33
14  31
18  13
22  6
17  45
28  13
6  13
50  43
7  22
36  24
17  32
43  16
10  7
29  32
18  10
19  29
50  33
23  31
51  18
29  19
5  22
14  32
17  5
17  10
45  10
50  22
12  51
12  21
9  24
19  49
17  35
43  27
38  34
