30  48
5  47
10  42
21  17
5  15
26  19
34  21
44  46
10  33
11  37
5  11
43  8
51  18
6  17
8  25
45  36
50  20
40  26
45  15
33  11
33  42
10  50
14  48
6  37
14  8
13  50
37  37
44  34
43  21
30  43
13  6
33  7
26  27
32  17
30  42
31  30
16  29
46  18
15  27
23  22
30  42
5  26
25  41
6  6
38  32
39  47
32  26
6  28
51  43
41  37
10  35
48  12
7  17
40  36
6  23
21  5
48  49
49  38
22  26
31  23
27  46
18  5
13  38
45  21
43  47
20  16
6  8
40  17
30  11
37  7
8  21
7  20
25  51
6  35
24  34
51  30
5  49
32  16
28  32
21  9
39  10
12  44
30  31
49  13
47  36
7  36
19  35
18  44
7  23
33  44
37  24
18  43
38  25
18  6
50  10
42  46
15  50
21  11
7  23
19  40
18  29
35  17
11  50
48  34
38  6
33  43
25  8
48  24
42  18
38  43
26  22
48  36
13  14
47  5
5  46
51  6
44  18
16  28
10  50
17  39
9  36
38  38
8  49
23  28
27  39
27  43
12  24
20  20
33  43
46  37
15  23
9  21
35  29
6  26
38  31
9  24
37  7
31  27
9  15
50  8
16  50
28  5
11  6
25  39
24  28
25  40
43  40
11  8
33  42
6  41
36  15
27  20
39  29
32  13
29  16
15  20
25  47
24  5
39  23
42  26
6  38
19  37
49  18
23  35
13  23
47  22
8  32
9  11
38  41
7  10
47  42
20  21
19  9
10  19
46  37
46  46
28  25
8  36
27  23
23  35
31  15
11  19
22  43
8  46
37  17
27  49
29  30
51  20
27  41
29  33
36  48
32  12
27  23
40  14
32  36
36  9
30  22
14  32
44  40
51  10
7  48
8  40
37  23
7  19
48  33
32  6
31  27
44  23
15  43
22  27
12  19
47  21
42  48
12  30
30  41
34  21
43  46
44  29
7  31
36  14
18  16
43  28
37  11
8  46
38  9
8  47
22  5
5  23
50  6
44  45
48  27
44  13
24  11
49  6
8  30
25  34
12  35
46  49
31  32
27  21
25  43
16  9
32  20
31  5
22  33
19  23
12  22
45  51
43  35
47  28
31  21
50  39
48  15
28  33
18  49
24  28
49  47
51  35
28  18
31  8
8  14
48  26
36  21
31  5
7  10
8  5
34  35
9  19
38  16
41  42
10  11
31  38
29  14
39  29
13  28
45  39
10  28
16  48
29  22
5  16
6  40
18  40
13  8
13  11
12  46
51  23
38  41
44  34
11  41
38  12
32  33
41  18
6  12
29  8
25  16
36  51
26  20
23  17
33  12
26  13
46  18
16  36
34  29
25  29
38  38
24  24
40  46
37  37
12  12
45  27
5  41
37  13
6  36
21  31
21  12
16  17
8  48
5  45
51  32
11  37
15  14
15  30
15  50
43  35
33  44
42  41
33  23
11  31
9  32
39  21
43  41
39  11
28  18
23  14
24  42
19  45
20  18
48  16
32  30
51  39
6  39
14  35
10  35
20  49
41  25
40  50
7  30
14  41
8  7
19  30
50  36
39  11
39  9
23  21
18  16
6  49
6  15
39  20
37  15
18  12
19  14
40  13
20  27
10  50
23  27
41  12
51  26
7  42
17  20
48  38
31  9
30  15
32  33
47  5
26  16
42  38
9  41
31  41
36  11
15  43
50  48
50  11
17  29
10  30
45  37
45  19
14  13
5  31
46  37
30  17
25  47
42  43
32  9
11  32
44  11
13  23
14  6
45  6
13  21
30  45
9  37
20  38
11  16
34  28
49  37
28  29
18  9
36  6
36  10
10  26
6  46
16  25
46  40
21  21
29  14
15  45
48  27
26  33
40  50
16  49
22  12
12  12
9  32
49  13
33  41
6  45
31  14
49  33
42  50
40  22
39  20
6  35
32  27
45  15
51  41
21  51
21  36
37  16
23  13
51  24
49  27
13  11
38  20
33  18
45  15
17  30
31  11
10  7
22  29
22  20
11  26
23  36
21  42
30  50
30  47
35  17
13  43
34  17
47  8
5  42
31  33
44  15
17  35
43  13
29  45
41  48
37  33
24  18
44  26
32  13
23  33
20  16
24  13
32  23
49  51
51  12
50  26
26  10
46  21
16  14
40  16
14  24
35  35
45  38
11  44
12  11
17  11
29  27
38  18
37  34
26  31
33  35
44  43
40  13
50  25
24  5
14  45
37  37
19  7
37  19
47  43
26  30
32  34
6  22
51  24
17  44
24  25
38  14
22  7
24  47
22  9
15  12
26  9
26  47
44  11
7  14
41  28
45  50
18  14
46  46
34  32
51  48
15  29
35  16
7  46
45  50
16  42
14  41
42  10
7  10
47  45
15  46
15  35
16  25
15  30
47  12
29  18
38  28
35  24
22  34
48  26
40  47
16  32
13  42
49  11
14  49
37  11
28  48
25  45
14  36
48  20
43  45
27  46
38  25
40  41
31  23
16  38
5  27
34  9
18  34
6  34
7  38
50  11
16  42
25  8
21  11
42  23
35  47
12  46
37  26
46  14
35  26
15  47
41  12
29  49
20  50
6  5
27  9
22  16
21  49
7  21
9  18
42  32
20  22
48  39
17  22
48  48
40  41
5  34
36  28
44  13
39  32
48  33
12  26
46  17
7  26
46  20
15  42
32  39
44  38
12  44
8  39
13  51
36  25
37  13
10  36
27  36
26  24
31  36
7  27
26  51
22  34
17  26
51  35
36  21
13  8
39  6
34  26
36  20
47  51
38  51
31  14
15  35
12  38
21  21
21  38
34  47
29  23
42  44
51  31
7  21
8  47
37  9
32  43
20  7
5  44
16  38
24  6
46  36
23  16
21  51
27  45
32  48
40  42
23  7
46  21
11  11
23  9
30  23
45  28
26  8
15  42
38  27
20  41
13  13
26  51
28  45
25  16
40  5
36  48
9  37
14  23
49  26
15  16
38  29
41  32
9  29
9  51
32  48
34  45
6  32
40  7
25  19
15  44
11  8
43  44
30  40
48  23
31  27
8  37
34  32
51  15
25  19
50  14
38  45
37  40
43  28
47  43
38  48
39  45
25  33
16  46
23  11
27  13
24  35
32  24
49  41
25  38
43  24
46  17
21  22
26  48
48  25
24  45
33  44
34  11
16  45
15  21
28  15
12  23
26  34
20  47
42  6
35  7
32  31
43  35
6  15
44  7
43  41
7  5
38  50
24  16
10  9
50  39
27  15
25  42
12  29
15  18
39  8
31  31
26  17
13  5
20  19
30  48
35  48
40  24
36  10
31  6
45  30
39  6
10  6
29  9
48  44
18  18
18  16
36  45
42  13
26  27
44  49
18  17
44  21
36  36
46  35
10  26
31  39
22  11
28  7
47  6
27  15
23  51
17  7
49  42
42  11
36  22
38  41
14  30
40  8
8  15
29  25
16  51
51  47
16  10
23  32
45  47
14  19
14  38
47  17
28  13
12  30
42  6
42  35
31  46
11  30
50  5
42  43
23  24
20  49
46  35
11  14
50  20
22  22
45  50
13  12
50  18
27  40
47  44
13  38
27  36
44  10
44  28
50  13
10  42
47  11
36  28
41  42
23  17
44  7
37  37
37  32
28  11
24  49
24  26
29  34
34  44
23  21
6  12
43  24
26  23
8  21
29  30
27  41
6  40
44  45
49  28
20  26
16  20
42  30
7  30
21  7
15  22
43  51
48  46
28  51
51  5
20  28
42  14
16  32
34  36
45  37
9  32
33  5
40  9
48  25
40  18
22  6
50  39
7  8
14  12
29  30
24  30
26  29
8  43
28  16
48  47
21  30
27  26
23  28
9  48
42  33
16  44
11  10
8  50
49  44
37  36
17  16
40  21
23  11
36  31
48  23
18  43
8  12
38  16
8  31
19  18
16  7
17  28
32  24
9  27
29  40
45  31
37  28
25  15
9  10
5  11
40  43
7  51
45  26
18  29
25  6
42  22
13  8
15  33
9  37
12  39
8  5
34  14
46  31
24  8
45  36
18  48
25  28
10  19
32  11
10  33
26  39
48  13
39  11
44  21
32  20
44  14
20  37
16  33
38  42
34  48
46  50
11  25
27  35
13  21
30  35
30  34
15  13
15  46
12  12
44  44
38  17
49  33
26  42
15  47
35  40
30  6
14  45
51  24
8  15
8  33
33  23
35  45
15  39
17  7
10  6
15  19
47  22
18  34
39  48
35  42
30  46
28  15
50  21
13  42
36  5
23  5
23  6
39  14
9  24
36  19
10  20
23  12
21  10
28  13
19  41
14  42
21  48
30  7
43  8
9  43
51  30
9  13
46  10
43  23
40  38
9  21
21  48
10  42
48  46
36  28
47  33
7  22
31  50
15  38
10  37
10  48
42  35
20  51
31  38
31  41
25  28
42  38
46  28
50  12
45  34
39  9
45  21
51  17
25  9
36  32
45  33
32  49
17  34
45  25
40  42
49  15
39  30
15  5
47  42
5  29
21  36
30  39
34  6
8  46
27  19
51  23
10  51
7  45
7  38
16  14
49  5
48  39
29  47
31  9
17  40
14  23
23  10
6  22
10  26
30  26
44  13
41  36
28  30
34  37
47  8
23  12
32  12
10  5
21  23
25  50
39  31
36  7
51  43
33  10
50  9
39  18
45  16
20  46
47  43
11  14
20  41
37  20
7  46
8  10
43  25
14  6
41  33
10  46
27  12
37  15
11  40
9  20
10  25
35  6
40  22
7  12
37  43
40  48
45  42
26  28
29  28
39  8
35  47
46  47
32  16
48  51
39  14
38  20
37  39
40  15
27  5
51  25
19  34
49  21
8  6
34  34
46  48
23  5
13  12
35  11
14  48
40  45
7  8
42  36
51  50
39  10
25  21
21  20
31  29
8  30
21  32
22  30
40  11
24  22
37  27
39  27
5  16
18  34
50  40
44  38
32  9
48  33
36  8
22  44
23  41
41  50
17  46
34  27
21  45
26  17
51  10
31  32
49  13
26  12
38  33
22  45
29  42
14  41
33  50
20  12
40  43
36  23
35  37
35  31
44  38
31  18
22  12
22  10
47  10
36  24
47  24
13  28
24  41
6  45
48  24
5  6
34  11
47  48
23  26
9  30
9  40
48  24
45  28
23  23
51  22
35  45
7  49
5  32
22  26
28  13
25  32
34  33
15  39
6  49
38  14
45  13
38  44
35  25
32  16
49  51
14  46
46  20
45  6
9  36
17  39
50  26
30  47
14  43
30  50
20  47
50  9
23  41
12  31
15  35
6  30
15  20
9  26
27  43
30  40
6  47
21  43
29  11
37  36
6  12
16  40
37  20
21  15
49  18
15  38
9  41
24  37
7  44
38  9
33  6
15  6
43  34
26  30
48  50
49  6
13  13
40  9
18  51
5  27
8  9
15  46
10  5
39  5
12  22
43  30
40  18
26  42
10  38
22  44
23  23
25  31
6  51
11  25
16  38
16  11
47  36
43  16
7  20
15  5
51  27
39  41
15  29
9  18
38  20
11  44
44  16
43  41
48  13
36  19
50  20
51  16
20  13
16  31
42  12
47  41
41  39
7  40
50  12
23  50
47  5
37  39
10  33
28  49
13  29
19  38
14  42
14  21
40  45
28  13
28  38
7  30
45  16
26  20
41  39
43  14
15  36
31  48
14  23
19  33
42  51
21  45
36  48
32  24
25  30
25  12
36  12
42  15
41  25
25  35
46  28
21  8
15  10
5  26
10  45
12  42
17  38
41  23
35  24
45  20
13  22
50  40
31  42
10  7
37  39
41  31
32  19
38  15
41  5
43  14
31  9
32  30
31  44
11  13
46  10
50  22
47  8
48  21
7  16
32  22
32  17
25  36
49  49
38  27
26  8
7  31
44  27
13  6
41  29
7  12
13  11
27  30
44  46
21  6
29  8
17  43
42  43
24  21
42  30
26  14
50  7
47  32
41  12
21  37
9  38
48  51
41  45
41  37
26  26
37  18
5  46
36  17
34  11
7  17
16  8
22  45
49  32
48  26
46  33
21  23
22  29
23  50
14  46
12  33
17  35
5  28
17  47
15  23
48  10
35  33
31  34
37  10
35  28
7  43
35  9
47  10
8  36
5  5
49  26
13  27
21  34
40  43
37  19
10  8
30  30
22  17
15  49
23  44
24  37
50  51
44  36
7  49
39  20
47  6
21  18
24  41
49  27
18  44
33  25
28  43
22  22
31  28
29  36
45  34
46  43
48  19
45  26
7  36
6  28
40  31
31  5
33  50
51  32
23  20
18  51
50  17
8  10
47  31
8  29
38  18
33  27
8  38
32  24
29  33
17  11
46  23
22  7
50  12
20  36
34  43
31  51
32  49
38  21
42  33
35  21
6  8
10  36
8  17
41  17
28  7
33  36
8  46
45  6
51  50
18  15
22  6
28  21
39  27
44  34
11  51
50  6
30  28
29  28
25  16
28  43
43  35
13  19
44  21
28  45
8  16
25  31
20  22
27  26
15  34
13  43
21  44
50  44
33  38
13  35
41  32
30  36
33  31
48  15
37  17
18  18
32  16
37  50
40  32
31  9
43  18
9  16
13  7
22  6
30  17
21  48
35  18
6  8
32  19
27  51
51  10
48  17
40  51
51  32
12  16
50  47
25  39
21  36
6  7
17  7
42  23
36  39
45  34
16  46
42  25
43  15
18  27
47  9
19  35
22  31
13  33
39  33
45  36
41  46
15  12
11  12
36  32
40  38
38  16
42  21
37  32
47  50
37  27
16  18
16  33
40  15
37  11
28  44
21  10
35  41
21  30
33  22
36  16
36  45
7  25
33  22
23  32
35  5
45  31
22  20
6  16
27  23
20  40
18  34
34  26
34  20
50  48
28  37
49  28
15  26
27  16
50  45
23  37
9  13
36  20
47  11
20  51
44  10
27  51
11  44
24  37
49  37
49  49
22  41
8  20
31  42
26  13
40  11
21  47
26  26
42  49
25  24
41  51
39  38
13  33
20  20
37  9
21  46
34  23
13  23
20  6
26  23
46  48
12  50
41  16
7  10
40  16
25  25
50  5
18  36
30  28
27  50
48  40
37  23
32  11
14  24
34  19
18  41
48  17
48  19
48  24
35  18
9  19
28  5
9  13
11  29
27  21
21  31
23  22
41  34
42  23
42  40
38  49
13  5
42  43
45  50
46  38
21  38
25  38
14  11
20  22
21  27
50  15
19  18
19  7
35  32
14  49
34  7
5  26
41  29
41  19
35  41
49  45
47  10
40  21
45  31
40  27
10  8
9  12
24  40
26  19
13  17
22  12
44  38
14  44
28  51
37  26
21  5
43  6
16  50
25  51
18  13
38  7
23  16
36  7
11  16
24  18
27  43
50  24
37  43
38  34
29  16
38  9
22  47
44  35
10  31
21  10
23  16
15  17
46  17
29  39
9  44
28  12
23  32
32  37
27  32
9  26
40  22
40  33
5  7
27  12
32  18
16  30
7  41
22  5
6  23
6  27
30  30
37  30
23  13
46  32
15  27
13  18
50  43
42  28
40  11
32  12
34  7
23  14
9  32
18  41
9  42
39  45
40  23
43  29
20  29
5  29
5  46
28  41
10  27
24  19
50  31
13  49
12  28
47  16
50  36
24  21
32  49
26  11
18  39
16  6
31  37
21  24
41  40
48  34
23  40
19  18
49  19
39  10
19  19
46  5
49  29
50  39
14  7
41  23
29  33
42  33
8  11
48  31
21  8
8  23
24  44
29  28
8  38
6  12
19  23
31  10
31  26
9  49
22  39
27  49
44  31
7  49
43  13
7  5
29  30
50  10
47  46
49  15
16  36
17  45
10  43
48  39
51  5
46  16
26  24
38  50
49  5
20  29
28  50
11  16
15  20
33  49
9  47
39  27
26  43
10  27
27  12
37  23
34  28
39  32
23  28
48  28
44  14
38  39
44  43
6  23
28  21
7  21
47  34
16  22
9  41
16  32
51  31
49  25
34  47
17  33
17  15
47  33
40  6
18  31
8  5
44  5
9  12
29  19
33  51
34  5
43  30
22  36
43  29
28  47
18  22
14  44
22  51
43  44
19  32
31  13
32  39
40  40
17  36
46  35
35  19
43  10
42  46
42  9
44  33
19  44
11  32
39  51
48  32
11  15
39  43
50  32
9  31
27  17
24  7
46  19
46  36
49  33
42  47
18  12
23  5
8  10
18  50
46  26
5  42
37  48
40  30
48  23
45  51
42  49
30  20
37  40
13  17
40  43
12  42
17  11
19  6
39  34
39  36
49  39
48  35
47  13
16  21
37  11
19  35
19  26
30  41
10  27
14  32
23  18
25  22
32  35
10  14
21  44
51  5
43  35
6  10
38  23
11  20
47  50
12  17
6  40
23  19
25  13
12  12
5  37
32  29
29  38
47  36
16  35
35  15
43  23
23  42
41  25
42  21
29  18
18  20
18  40
36  30
51  17
24  44
48  18
28  11
6  34
30  50
22  21
6  17
44  17
5  18
7  37
37  37
34  43
40  43
40  44
16  15
46  24
29  11
44  28
37  7
26  44
44  27
43  29
14  25
20  41
48  7
25  36
31  33
12  46
6  32
9  13
23  34
31  33
27  22
9  49
47  14
12  27
19  7
35  21
14  33
30  42
49  49
12  38
45  27
15  18
36  15
38  8
17  15
43  40
13  34
24  45
28  27
16  49
33  41
23  22
17  46
14  30
12  8
24  42
10  36
5  12
36  45
8  17
25  10
38  11
35  43
40  25
38  49
42  50
14  41
5  32
11  6
23  27
29  14
40  32
17  43
44  39
12  47
33  44
14  5
29  44
48  29
7  35
39  24
17  12
23  31
33  38
10  15
47  33
30  44
10  39
7  20
6  38
36  25
17  41
45  37
40  40
43  12
50  23
36  39
21  31
48  48
26  19
27  43
26  40
18  23
43  24
38  44
31  20
30  21
38  7
25  43
33  32
50  14
40  16
28  11
5  39
30  14
41  29
46  22
14  51
43  23
28  16
28  23
5  24
42  6
25  11
34  33
27  8
18  32
44  35
12  49
10  47
17  20
49  25
19  37
30  23
5  26
50  5
25  14
29  10
11  41
43  12
29  13
31  9
46  29
6  48
28  10
41  19
37  17
40  13
7  14
46  10
40  16
43  30
35  12
37  29
16  45
24  46
25  16
47  6
37  26
47  45
40  42
22  34
5  45
27  36
12  5
37  11
6  15
50  10
13  45
19  35
36  37
47  42
22  46
17  38
25  22
43  20
26  15
46  22
38  51
23  16
34  26
25  31
23  11
15  21
28  46
38  46
26  5
48  17
9  43
19  21
26  8
14  6
47  44
10  5
23  10
30  35
17  27
32  42
49  40
8  6
16  35
42  10
47  48
25  24
39  51
27  31
33  20
24  50
9  5
14  28
41  31
45  38
28  24
6  23
6  12
14  13
12  48
10  35
35  13
36  14
37  19
44  7
48  27
7  17
40  10
25  5
32  19
42  10
7  24
49  20
41  18
33  7
47  41
28  48
51  41
34  46
6  26
7  6
21  26
42  50
47  33
9  36
7  29
13  9
46  9
47  35
29  35
35  42
14  27
25  50
10  43
40  31
45  40
23  48
39  41
17  28
12  46
49  19
44  26
10  48
50  41
50  14
48  11
50  23
29  17
20  29
10  30
48  29
42  45
9  12
17  23
19  51
47  44
42  18
46  47
6  29
41  50
18  9
34  16
19  24
17  24
27  17
35  14
34  40
35  21
41  11
36  22
32  25
41  11
38  6
35  14
34  27
32  12
36  10
21  29
51  34
32  29
20  43
12  49
30  51
50  37
12  32
22  47
14  46
19  28
43  51
19  5
10  7
46  43
21  51
5  15
36  43
19  32
20  50
14  13
15  39
40  47
13  25
48  42
18  44
15  45
37  49
38  38
40  13
31  27
10  30
35  20
40  37
33  46
7  26
7  26
30  28
35  22
28  26
12  11
33  19
45  21
33  27
48  46
44  39
15  47
17  27
23  22
30  9
46  48
12  36
30  43
9  36
31  12
7  10
33  14
42  11
44  23
22  14
29  45
30  44
13  15
34  14
36  40
15  9
44  11
9  12
47  31
37  45
47  13
38  14
34  9
38  45
38  17
49  13
13  9
7  17
44  29
26  44
43  7
15  40
21  23
50  12
26  41
24  39
43  6
12  26
44  30
16  21
9  36
22  35
25  37
39  35
22  21
39  26
13  27
39  24
36  39
38  7
15  17
44  50
30  45
11  22
7  40
32  11
18  18
17  19
11  36
33  20
35  37
44  16
49  9
45  30
18  39
40  19
27  45
29  39
8  8
9  41
25  7
22  45
8  40
42  18
9  8
21  13
9  31
21  50
44  22
26  28
36  14
49  7
41  47
28  40
11  50
8  40
13  47
5  6
23  29
5  32
51  12
41  16
29  6
5  46
16  5
14  33
34  34
48  9
20  14
9  46
38  18
12  39
20  31
36  37
9  45
17  31
32  22
30  51
17  9
7  34
25  44
46  47
16  50
12  14
26  31
8  24
5  17
24  26
9  40
25  15
40  20
20  6
26  22
27  5
16  10
47  33
16  36
39  49
26  36
20  36
30  27
15  27
24  17
10  19
31  36
48  28
35  16
35  24
17  49
37  8
35  34
50  28
16  46
18  25
35  30
15  21
16  31
23  27
27  33
33  34
9  43
5  43
10  47
8  42
25  48
16  12
34  15
17  43
30  19
20  28
45  22
17  43
17  44
38  40
32  22
47  10
36  5
10  47
35  34
40  21
23  7
35  12
34  7
49  12
48  31
32  16
20  49
42  7
20  19
18  46
23  46
22  43
13  33
17  35
33  36
45  46
6  32
27  34
22  25
25  33
23  16
36  24
25  12
19  31
15  36
46  47
32  8
31  15
12  16
30  26
16  5
24  39
51  21
41  22
23  20
39  50
22  13
26  18
16  42
32  26
19  35
41  45
39  35
46  18
13  31
31  11
6  22
42  28
9  39
13  17
22  19
12  41
49  29
45  45
8  32
28  24
21  22
47  38
12  40
22  7
32  36
26  49
32  14
28  38
9  34
5  16
51  38
36  14
32  25
7  37
32  13
12  5
37  20
19  47
45  19
51  17
42  24
39  50
51  34
32  35
20  50
32  26
18  17
14  40
12  17
16  8
49  15
39  37
28  7
43  33
47  25
8  12
41  38
20  18
42  44
6  35
9  36
9  38
44  35
25  6
23  49
21  24
6  31
47  41
36  5
25  48
47  25
40  26
26  50
24  12
10  33
20  22
49  23
39  48
20  28
41  7
50  24
33  28
38  28
49  26
31  9
50  18
30  22
41  35
49  27
10  14
33  37
7  12
28  41
35  11
48  44
26  5
38  48
12  47
41  9
38  27
16  35
50  30
40  37
18  30
38  48
50  21
37  18
28  22
5  43
46  40
36  44
42  19
50  42
21  9
7  17
18  41
46  42
18  8
41  42
33  42
24  50
14  5
39  45
26  6
47  30
27  46
19  8
44  34
21  49
33  50
28  8
17  42
45  18
10  30
45  23
16  41
36  11
34  17
8  13
48  29
25  42
16  49
38  30
33  10
37  42
51  35
11  23
25  19
7  29
33  42
36  21
25  49
34  42
8  26
22  7
26  48
38  24
47  30
43  21
22  5
50  5
28  41
24  39
26  15
41  38
38  48
51  41
9  40
46  31
30  17
49  11
26  11
41  27
21  11
51  26
34  22
26  36
12  46
25  23
15  47
47  44
34  42
44  34
38  6
27  39
16  47
28  45
51  26
13  20
38  6
7  45
47  47
23  5
13  11
33  22
48  36
17  44
16  49
23  41
24  48
27  45
21  23
17  7
33  17
24  12
22  12
7  41
47  5
40  9
10  15
32  5
6  20
6  30
25  47
29  36
15  32
48  23
19  5
27  40
27  25
36  38
51  15
37  16
13  51
19  15
41  32
31  47
42  5
16  50
10  29
48  17
49  19
40  24
27  43
23  16
28  11
34  26
46  14
35  24
21  35
18  6
28  45
24  5
11  49
5  50
22  17
31  33
39  42
48  26
49  12
29  15
7  17
35  40
6  12
46  27
22  29
45  45
40  47
46  6
36  22
32  9
13  8
42  40
24  8
13  44
14  19
5  8
46  42
14  28
11  10
50  38
46  50
35  41
22  16
14  5
14  37
36  27
6  33
6  40
23  40
15  16
27  41
42  50
15  14
49  7
22  39
8  12
16  25
35  49
42  36
21  43
26  38
35  30
22  19
38  12
29  24
31  44
17  8
8  33
51  27
7  37
25  20
26  20
15  26
25  39
37  22
27  24
50  36
41  37
24  5
34  10
22  25
47  22
31  29
47  32
25  15
17  40
49  32
13  32
43  47
12  48
29  41
23  19
29  26
10  19
40  38
19  45
40  28
49  42
22  51
51  23
39  19
14  42
34  43
42  46
47  47
32  6
14  47
10  23
16  28
22  13
35  7
16  43
26  41
43  26
33  13
8  37
7  27
22  27
33  31
11  12
25  28
8  36
18  6
45  19
40  5
19  39
48  33
43  13
25  48
8  41
47  45
13  13
37  12
11  44
47  26
25  15
15  28
27  15
48  9
15  13
18  51
35  31
15  49
33  34
6  47
26  35
17  37
42  22
19  13
29  32
51  8
51  46
35  38
10  19
9  46
49  12
7  51
20  15
39  31
42  42
5  6
42  17
34  5
30  51
9  8
47  6
12  34
45  5
20  17
41  24
6  15
5  8
44  41
19  9
23  34
12  36
15  46
27  14
8  30
42  40
11  22
29  40
24  36
40  46
17  10
28  48
50  44
9  30
45  18
26  25
26  29
19  38
26  36
6  18
11  38
45  21
23  34
20  6
28  25
33  8
20  36
25  50
11  20
48  34
25  35
19  41
11  23
22  50
27  10
23  19
51  29
51  14
22  49
15  31
18  28
42  35
11  48
35  12
44  15
38  37
7  43
30  21
40  51
30  21
37  44
33  32
33  5
31  37
31  15
13  33
16  36
31  28
46  28
21  22
12  45
49  28
28  9
9  23
44  48
26  51
31  47
38  29
35  20
12  49
9  14
7  38
48  36
47  20
24  21
20  19
40  12
34  43
36  6
20  42
26  33
41  6
14  7
45  28
17  25
22  40
41  37
11  46
23  29
36  42
22  44
42  41
45  47
44  15
28  6
25  51
17  32
8  39
14  41
43  26
13  28
50  51
15  7
32  19
25  26
8  47
34  44
18  17
11  45
29  11
42  30
32  9
44  29
23  36
13  13
24  51
39  14
23  8
19  27
31  46
27  49
9  31
24  50
47  29
34  50
25  7
26  47
32  19
35  37
5  51
28  24
39  11
15  38
19  5
33  19
18  49
28  46
10  12
42  20
26  19
5  29
33  38
42  8
10  16
49  11
25  36
44  42
24  28
46  10
30  17
46  17
39  26
37  26
27  48
23  18
31  5
28  47
34  20
17  41
28  41
46  22
37  5
10  45
42  9
7  44
24  13
18  47
17  43
10  5
43  44
15  50
32  31
41  26
22  19
28  12
51  24
43  51
50  48
18  30
41  15
11  9
22  33
19  16
21  35
9  29
6  40
27  35
39  18
44  33
15  5
19  43
20  21
41  42
15  22
35  50
47  34
38  27
33  19
10  34
23  11
20  16
11  49
9  5
12  31
13  7
10  47
31  46
20  33
10  17
44  27
16  29
25  14
5  16
42  11
11  29
18  46
26  14
28  48
8  47
30  6
51  34
51  30
18  8
30  8
30  39
26  43
44  5
29  34
25  17
18  27
41  9
34  36
32  44
6  5
6  21
8  10
22  23
19  8
43  48
20  14
11  26
10  11
33  7
48  47
6  14
22  40
39  27
17  17
26  31
48  42
7  19
16  9
13  18
27  42
8  35
19  15
8  20
21  33
50  6
15  46
44  12
42  27
20  8
16  29
11  8
46  15
11  24
27  12
11  11
23  33
13  50
49  20
17  40
51  27
12  38
13  39
44  28
8  11
19  9
42  45
21  43
12  9
29  19
20  37
46  27
43  44
40  25
35  5
20  30
8  26
20  12
25  37
10  25
30  45
49  13
15  31
13  48
34  8
49  33
31  10
13  13
22  46
34  13
31  46
49  28
33  37
22  9
28  47
42  13
12  32
42  33
27  20
10  19
33  8
47  23
43  16
49  30
24  44
35  18
39  35
19  24
42  43
16  10
37  47
36  47
23  22
27  34
6  16
27  24
28  9
39  8
17  22
24  44
26  39
14  10
23  21
51  29
5  6
40  37
39  49
16  42
10  29
22  20
51  47
36  20
41  38
38  36
41  26
12  11
32  44
5  26
16  7
40  16
24  16
31  46
16  46
45  12
9  48
12  8
46  11
28  10
14  9
29  25
16  40
20  18
22  21
32  14
49  17
45  51
26  22
50  44
40  29
30  12
11  42
19  25
33  22
29  25
11  18
49  32
32  40
29  41
20  48
13  51
25  37
35  20
43  42
16  9
10  46
9  5
38  7
36  38
33  7
24  26
7  32
18  16
43  10
21  42
17  19
9  8
23  8
5  37
32  25
29  7
23  20
6  19
26  38
25  42
45  46
22  16
45  7
19  44
17  47
50  18
8  22
8  35
27  33
29  41
50  46
33  25
5  11
33  17
25  8
21  35
31  10
27  22
6  23
15  32
13  10
19  23
5  35
16  15
16  38
50  6
9  11
23  51
23  33
30  23
40  44
6  7
15  33
12  35
36  29
21  15
12  20
25  9
9  46
14  44
25  17
23  35
25  49
51  15
10  6
36  11
31  32
16  22
25  45
48  24
7  44
18  5
47  22
17  17
12  51
39  33
16  15
17  10
6  32
22  24
41  42
48  43
42  38
12  10
19  7
46  37
24  37
27  32
32  39
32  18
28  25
8  50
6  11
42  18
9  39
17  28
17  21
37  40
24  6
6  47
22  12
14  7
31  22
35  36
28  21
9  49
47  9
23  49
15  51
37  48
33  49
51  36
32  31
38  38
27  49
24  23
19  46
40  9
39  21
22  35
47  26
36  19
38  39
5  23
14  35
19  10
49  34
16  29
16  41
38  36
38  47
6  47
47  17
28  36
17  13
44  26
22  13
14  26
16  17
25  46
50  7
16  24
48  15
41  35
31  45
14  48
18  6
46  14
11  27
21  20
18  47
8  23
30  14
14  30
25  36
29  38
50  45
42  33
41  38
27  35
5  24
9  34
18  39
22  41
47  43
43  42
26  50
36  36
10  6
7  24
29  6
24  11
24  6
35  40
48  25
47  35
33  17
42  40
40  42
40  31
43  34
22  15
29  25
18  21
41  11
13  13
31  51
17  15
32  49
13  49
31  51
27  6
30  12
44  31
11  23
35  41
28  24
38  15
20  28
51  22
46  43
29  32
29  31
37  21
36  41
16  34
51  9
37  43
46  37
38  8
19  28
24  49
47  29
5  7
43  38
16  29
22  30
51  26
29  6
17  12
12  37
39  27
43  39
37  14
35  22
49  32
15  18
25  34
37  37
44  9
8  5
33  46
5  38
9  8
35  43
30  34
20  46
7  47
39  30
41  21
5  11
35  48
26  17
12  24
49  15
37  28
33  35
18  50
17  48
15  50
45  19
5  31
24  5
29  26
11  42
44  14
23  15
34  43
32  11
13  18
17  28
17  48
43  45
48  46
49  48
37  17
51  34
41  6
7  7
35  9
34  37
27  47
32  20
11  22
8  36
36  25
49  26
18  32
47  39
6  24
28  30
11  19
11  31
47  49
38  19
48  20
38  40
15  15
30  29
42  36
33  41
15  39
48  27
48  49
18  18
30  8
50  36
43  38
23  47
40  8
49  51
22  11
41  51
39  23
43  13
47  8
14  16
14  45
25  50
7  48
27  35
47  20
19  18
19  21
10  27
39  50
8  34
20  25
26  11
24  17
27  14
41  37
36  47
46  5
40  41
41  23
16  47
6  45
20  49
33  17
12  51
20  31
11  28
18  49
30  28
17  13
41  38
21  21
47  36
13  16
40  9
10  20
12  20
29  39
22  36
17  5
23  15
50  36
31  30
48  18
7  41
17  13
33  27
31  5
14  13
39  10
40  24
11  5
35  15
34  22
43  28
23  14
12  43
44  5
23  38
42  20
17  37
30  44
32  40
16  46
45  17
36  13
12  20
49  5
49  41
22  10
35  20
9  48
33  11
14  30
8  22
15  24
35  30
44  27
45  45
20  10
23  11
14  5
48  31
26  50
17  15
50  9
17  50
37  20
28  5
19  51
35  37
26  8
5  41
26  6
37  19
8  32
19  35
36  29
12  20
24  40
34  35
25  31
5  23
43  14
29  46
25  11
32  24
7  5
11  33
50  25
13  17
12  51
15  46
40  33
25  21
28  18
51  32
22  8
5  6
37  19
51  39
45  46
20  27
27  44
51  32
42  37
50  47
9  37
17  49
16  31
9  36
44  41
49  45
43  48
20  37
28  41
8  21
15  23
25  50
31  40
43  28
5  6
38  26
51  18
38  10
29  17
50  12
17  27
33  15
44  51
19  23
17  26
37  43
33  13
12  25
26  43
13  29
50  17
44  37
13  35
49  30
13  41
30  44
28  18
42  50
23  27
17  36
42  11
10  27
40  26
43  25
10  40
16  13
20  13
40  10
26  51
47  19
12  5
18  26
10  45
5  30
15  8
11  47
40  31
9  35
12  9
32  29
7  24
40  48
47  33
17  26
22  19
19  43
32  6
16  37
14  11
27  48
12  8
26  39
40  41
18  37
50  7
10  21
20  28
31  32
39  51
44  30
31  35
16  18
10  29
33  8
15  37
41  48
44  30
16  26
51  18
46  26
13  35
26  19
35  14
32  9
33  40
13  9
31  10
49  28
15  8
19  19
30  48
22  39
48  28
11  37
35  25
42  25
48  7
9  7
30  27
37  46
45  45
15  26
33  40
36  18
43  8
28  7
23  19
20  29
14  29
17  21
48  18
24  5
25  17
42  9
14  18
15  45
51  16
30  6
46  40
16  6
45  25
6  43
23  39
43  15
39  51
8  21
23  31
22  15
44  38
6  29
37  34
29  8
12  28
23  30
47  49
50  36
26  44
43  33
37  42
20  46
24  23
16  38
23  34
39  36
6  43
20  5
8  30
18  10
51  22
47  34
15  41
17  16
29  6
29  37
31  50
17  29
44  5
49  29
34  51
11  16
50  47
29  45
10  6
46  16
24  9
27  21
35  10
48  14
41  28
24  29
28  27
30  40
31  18
41  33
37  30
37  51
5  13
33  9
21  14
35  33
24  20
13  14
49  27
5  18
32  34
11  7
34  28
31  33
36  39
20  27
12  17
32  14
10  21
21  32
46  19
15  18
49  35
35  25
10  6
5  10
49  5
19  27
47  44
45  11
28  48
12  37
15  28
33  25
47  30
20  32
23  45
11  5
47  30
10  49
17  50
6  17
47  9
29  38
32  24
43  49
43  46
44  21
27  17
7  24
48  39
8  26
30  7
24  40
10  10
29  5
48  42
31  16
13  29
41  51
44  45
17  20
25  31
29  42
12  47
16  31
27  42
41  7
14  12
13  15
11  28
45  16
8  47
10  41
40  19
19  36
27  44
49  51
6  41
15  44
37  21
31  45
8  5
16  29
7  24
40  9
12  30
29  24
43  7
27  13
42  9
38  35
11  40
23  8
43  15
33  35
50  19
36  32
51  11
13  23
27  18
23  39
41  40
9  8
10  49
21  43
51  5
31  42
16  46
44  15
17  31
45  43
13  18
36  11
12  23
40  40
23  29
11  46
19  48
25  10
34  45
25  47
23  38
33  41
21  34
37  5
5  38
39  13
46  34
19  42
8  33
44  39
38  26
49  6
44  44
5  43
27  43
49  21
14  19
29  48
29  36
48  41
40  29
31  26
5  15
8  36
43  43
36  49
50  21
11  32
28  24
43  43
14  14
14  12
29  27
6  25
46  13
31  7
50  12
38  21
29  27
33  47
11  47
24  48
37  17
20  22
35  36
23  43
24  49
45  50
35  17
18  39
51  48
6  47
44  46
15  9
16  12
51  27
44  16
47  43
45  8
16  9
23  51
47  8
40  37
22  20
31  9
9  15
42  31
47  16
45  23
37  7
28  8
28  35
9  39
8  21
7  47
8  24
39  16
16  36
40  36
13  11
7  46
47  45
20  49
5  50
34  12
28  10
45  44
25  16
51  11
26  18
27  29
12  50
19  22
39  24
34  43
20  14
28  20
11  38
39  12
5  28
14  34
44  31
29  24
5  49
41  17
35  29
44  46
24  48
40  11
26  25
47  50
36  16
13  39
38  8
27  48
31  47
46  14
31  37
47  16
21  43
22  9
17  27
29  33
24  21
32  30
40  39
26  33
36  24
37  47
48  39
14  46
45  15
31  20
26  38
7  10
5  42
12  12
10  6
8  27
8  15
9  44
5  31
20  37
12  12
34  43
46  11
23  7
13  42
27  10
5  6
11  31
37  31
32  9
30  46
41  8
5  5
40  47
42  7
17  42
40  37
21  16
5  10
5  26
14  17
10  12
48  37
10  22
50  22
20  38
46  14
34  24
29  15
13  39
39  46
6  17
48  41
39  6
49  35
40  40
34  21
16  35
38  31
45  26
43  37
45  33
29  10
35  25
20  6
48  46
31  33
39  16
29  48
26  14
44  33
45  36
41  7
24  50
9  17
51  8
46  32
18  48
11  31
50  41
28  7
48  43
22  20
29  29
21  35
23  47
29  25
18  31
26  38
20  40
39  46
6  24
35  29
34  5
29  48
22  5
5  49
16  10
47  21
14  35
39  28
17  28
42  29
18  12
39  37
11  29
24  34
44  5
7  19
36  18
37  32
23  51
27  47
18  34
26  7
33  35
30  44
42  43
10  9
24  13
27  16
9  28
36  40
16  16
36  28
7  12
7  40
24  43
13  51
28  15
32  17
21  41
19  7
21  28
7  10
48  7
37  47
43  36
41  13
8  20
43  39
45  44
32  32
25  24
26  38
18  34
27  5
32  32
41  10
49  37
13  30
19  39
21  23
20  12
39  42
8  40
29  35
51  5
30  14
22  10
11  7
31  42
38  32
12  44
38  20
6  40
26  6
33  30
27  7
36  43
10  18
14  48
39  42
51  22
39  38
24  9
33  12
22  49
31  34
49  46
15  36
32  24
16  23
50  9
41  35
34  50
50  20
42  19
8  30
22  38
32  47
6  5
26  48
14  25
9  42
38  5
36  12
45  24
47  22
17  9
16  43
6  45
22  10
28  9
20  39
26  21
16  32
41  45
9  25
11  7
26  28
36  34
40  14
22  24
31  17
8  16
38  47
22  41
8  30
7  48
14  45
24  24
18  12
23  40
46  10
46  36
42  21
5  8
45  5
37  10
45  47
29  6
10  45
39  37
35  38
31  9
17  14
51  26
45  37
19  5
48  5
23  48
23  22
7  46
24  5
27  33
20  48
43  8
29  18
32  38
28  22
8  23
24  32
26  5
30  15
32  43
40  34
45  35
33  23
41  14
51  28
31  18
28  26
27  25
9  45
17  18
42  43
12  26
39  37
14  41
48  48
19  16
47  8
18  48
23  11
24  41
30  9
22  50
44  37
14  12
5  15
47  19
45  38
21  10
19  32
29  28
44  51
42  45
42  39
13  15
20  47
26  12
40  48
16  34
16  45
31  19
38  41
39  45
9  9
37  7
18  47
29  47
13  22
35  15
33  14
46  42
25  41
13  36
13  45
22  29
25  38
41  31
14  20
13  44
44  12
20  6
5  41
21  8
6  23
21  39
25  16
13  7
28  41
26  13
14  13
42  9
25  8
7  47
40  40
37  35
29  44
19  6
47  38
11  25
12  10
19  37
48  33
20  8
10  26
16  38
33  23
42  6
9  44
45  13
48  45
16  35
33  39
32  38
36  46
24  50
23  23
10  28
19  13
28  22
14  49
19  9
22  10
27  48
34  11
42  33
29  14
31  13
49  50
6  39
13  24
16  36
14  17
8  39
37  32
39  34
16  42
16  30
10  30
36  30
19  45
29  48
17  34
33  46
31  11
43  26
6  38
47  29
50  33
44  33
25  33
32  30
27  26
19  29
17  30
36  49
7  12
21  5
17  27
38  34
45  40
38  41
13  48
7  39
36  10
34  42
18  37
15  31
36  22
6  19
17  16
10  35
50  18
42  21
27  37
46  18
27  30
49  20
23  36
35  19
7  33
23  24
46  44
42  34
35  51
16  46
28  19
24  14
46  9
12  40
49  38
38  23
5  10
14  6
34  7
33  13
20  12
30  10
46  6
22  36
19  48
11  46
27  8
19  48
35  21
49  46
34  8
8  26
50  44
37  33
43  21
18  24
12  51
10  30
13  23
30  30
32  41
41  46
26  10
47  6
36  24
27  49
45  50
38  42
17  33
15  41
38  17
50  24
38  19
20  11
43  22
19  8
12  8
12  23
37  39
47  47
44  43
28  10
44  20
33  22
51  11
38  24
7  29
39  31
49  43
34  30
24  25
35  32
30  19
23  41
40  19
51  27
36  33
44  8
17  40
19  30
10  34
12  16
49  44
19  22
6  20
11  16
19  6
21  6
27  13
34  46
22  48
5  19
29  37
23  9
26  16
33  47
20  35
8  41
26  24
48  16
18  16
17  14
20  18
40  17
50  28
35  27
31  18
12  29
31  21
38  24
48  17
50  40
35  45
11  45
15  27
46  40
16  49
17  13
48  42
42  39
51  34
12  45
7  35
23  43
28  15
16  8
23  35
25  25
37  14
8  26
11  5
17  28
29  26
11  26
29  40
48  31
33  24
14  50
26  14
10  31
7  16
19  45
44  48
17  34
11  37
14  43
46  46
51  17
25  7
25  17
38  6
9  8
39  51
41  30
32  34
34  28
16  27
36  9
13  17
33  30
41  28
25  6
31  6
29  26
16  50
36  41
30  11
8  15
36  27
33  15
45  43
8  9
19  32
46  32
18  27
27  11
7  17
24  11
13  37
30  8
13  21
48  28
38  28
45  8
43  50
26  7
43  11
35  48
38  22
40  21
35  44
42  15
42  31
50  27
10  25
7  32
5  26
26  21
5  24
32  46
13  44
5  28
23  36
11  43
13  20
35  13
30  24
45  44
15  14
51  46
19  23
13  30
44  46
29  19
11  11
23  27
10  44
14  32
21  42
23  25
40  29
26  47
50  20
15  9
51  38
19  44
29  27
20  17
6  41
15  9
18  36
20  41
33  43
24  10
8  11
44  28
41  37
26  19
14  5
29  25
41  22
19  9
8  35
6  26
40  6
43  7
13  31
27  10
24  11
39  12
43  19
24  5
10  42
33  9
36  17
31  49
48  40
18  51
15  12
11  18
43  37
27  6
39  41
40  21
16  40
24  24
37  47
15  17
16  11
8  14
38  17
50  33
47  9
30  34
27  31
23  23
24  24
35  14
12  19
12  44
42  26
44  16
35  30
18  15
16  34
51  20
13  46
33  28
45  40
26  39
7  9
24  46
9  10
46  5
46  18
35  49
13  20
30  17
6  48
20  31
9  29
8  47
30  45
24  37
41  37
22  30
13  48
9  14
41  45
19  23
45  6
37  49
51  7
33  33
32  14
9  15
21  23
5  34
30  17
14  41
46  45
14  48
27  31
6  49
38  10
20  40
49  24
21  38
23  42
12  48
8  47
25  44
29  44
8  18
47  9
11  36
33  19
29  47
47  12
45  40
10  12
32  45
5  23
11  51
38  22
25  46
5  42
16  35
46  13
20  22
5  6
30  51
44  39
44  33
32  7
48  8
38  9
7  51
34  21
33  13
31  25
5  12
25  46
29  13
32  9
21  11
22  18
18  45
29  37
44  10
30  9
5  28
6  17
35  44
15  39
7  13
34  32
12  39
21  51
39  25
21  28
15  36
19  14
23  22
10  30
22  31
7  44
18  46
51  17
50  8
40  21
7  11
8  14
8  13
23  51
15  50
29  47
40  21
36  7
34  19
10  14
19  35
9  28
10  19
24  19
15  47
11  11
39  46
11  17
35  30
50  40
48  37
16  16
13  12
23  12
27  29
12  36
18  36
42  11
24  10
10  40
35  47
11  48
5  48
23  30
41  8
24  42
26  23
9  40
20  17
23  51
29  26
25  25
9  30
43  17
43  40
43  6
47  10
7  27
14  38
21  47
35  36
40  7
31  24
47  19
7  12
43  23
44  17
35  45
45  26
6  37
47  40
23  11
13  25
25  38
21  50
48  16
10  17
8  20
35  12
23  34
45  15
27  24
44  30
42  9
16  9
36  23
32  34
48  14
37  36
6  11
12  51
23  31
50  36
33  46
45  35
24  48
41  51
9  33
28  49
31  11
50  27
10  20
10  32
44  16
39  40
47  20
49  19
38  14
41  51
16  22
40  11
45  19
35  21
16  30
46  15
10  5
28  35
7  31
17  49
22  38
26  17
14  11
24  34
23  38
44  8
24  17
39  47
20  28
5  16
34  12
30  12
42  34
12  46
42  7
33  32
35  49
39  20
34  5
51  50
35  44
19  22
11  32
15  14
25  19
25  11
15  50
49  25
12  7
30  23
23  43
26  10
15  50
20  30
11  46
23  26
20  30
33  43
23  44
32  18
16  46
48  39
40  31
36  10
44  34
25  39
38  29
39  27
20  40
43  24
30  24
10  13
13  46
49  49
38  14
51  13
40  24
16  21
17  34
5  39
13  35
36  17
9  26
50  40
30  36
29  32
21  19
13  35
12  47
22  39
8  51
15  42
32  18
19  48
41  23
24  16
35  34
40  8
25  21
29  28
43  33
25  19
25  32
26  19
12  26
12  17
8  5
31  16
36  42
35  5
21  9
34  23
26  36
18  17
44  35
30  40
39  44
47  10
43  31
39  10
29  24
36  34
31  42
22  39
29  38
26  29
49  41
32  36
27  39
26  27
32  31
47  29
47  46
38  51
51  8
5  29
22  10
21  27
39  47
48  41
46  7
13  25
30  33
20  51
38  40
14  31
31  10
6  39
33  20
40  40
12  48
28  24
50  48
7  31
27  17
16  6
42  43
25  18
37  10
47  30
37  27
26  34
40  25
27  10
39  41
29  32
32  10
50  10
35  29
17  37
41  49
23  28
39  31
12  42
40  11
36  22
6  38
39  50
39  10
34  33
31  13
26  22
42  48
34  21
42  38
12  5
20  34
18  51
18  51
26  5
25  44
21  22
43  8
42  39
46  38
13  38
13  11
43  23
34  10
20  7
50  45
34  43
51  14
51  50
47  18
6  15
32  5
33  17
47  38
25  36
8  32
10  6
22  51
5  26
9  5
36  15
50  30
45  37
15  16
34  38
49  41
49  31
46  38
43  43
27  47
43  17
11  19
38  25
42  37
19  42
22  28
32  13
41  24
13  43
39  41
11  36
37  15
14  38
5  42
47  28
8  39
31  32
32  21
26  15
43  48
23  14
49  6
7  51
32  35
50  36
10  34
41  25
39  32
32  5
51  37
20  17
26  45
48  11
6  23
41  16
20  45
33  46
35  26
5  37
17  28
16  42
28  41
27  51
14  32
6  45
43  46
47  32
23  32
7  14
24  35
43  30
45  32
16  8
43  37
41  35
49  29
47  17
30  41
8  30
8  31
34  31
7  41
17  35
35  36
21  45
19  24
12  23
27  49
42  10
39  47
23  32
8  46
12  34
42  18
28  12
51  27
5  45
50  24
29  47
24  6
23  45
51  38
23  51
16  45
26  6
15  51
17  46
36  39
32  36
47  44
7  28
10  11
24  51
39  14
24  5
27  33
42  50
51  12
42  12
13  49
7  25
31  23
33  23
33  11
7  28
38  17
38  26
36  34
10  14
40  29
40  32
51  17
11  14
7  41
12  22
41  30
13  5
49  29
5  6
28  14
18  13
24  34
36  26
46  45
16  27
18  14
17  10
50  33
24  31
14  47
14  9
35  44
43  30
17  21
25  21
38  7
26  28
25  16
35  5
15  44
50  9
5  34
34  37
15  50
28  51
8  42
23  30
22  41
15  20
27  25
25  45
9  10
32  9
16  6
41  23
40  44
48  45
16  51
40  49
15  16
38  12
38  17
15  43
17  33
48  39
29  43
39  24
27  44
18  22
8  21
34  11
43  32
47  30
32  19
11  31
28  43
44  50
39  25
14  14
30  35
50  27
38  18
7  11
48  7
36  14
44  15
14  41
37  22
50  36
14  8
8  50
29  7
40  35
43  25
34  9
26  47
36  6
18  35
15  45
25  51
46  22
47  23
51  31
29  39
20  16
30  42
43  42
44  22
36  39
41  46
48  36
49  40
6  29
33  6
36  51
46  11
30  20
50  23
48  17
40  9
9  21
17  34
30  28
37  25
26  26
39  21
48  19
28  18
26  23
47  10
17  6
17  29
33  46
8  7
36  10
6  12
48  35
12  11
12  16
35  27
20  15
37  22
39  44
14  19
20  37
13  38
18  19
15  6
23  31
41  30
51  18
13  38
45  6
39  6
22  50
39  49
35  24
25  39
48  28
49  11
39  23
34  14
12  43
29  18
51  50
20  43
51  37
27  24
32  5
25  48
12  39
10  35
5  13
7  22
14  14
23  46
14  11
6  49
29  23
46  41
9  24
31  23
6  18
50  10
33  33
31  24
44  20
25  25
8  34
22  20
51  19
20  13
9  7
29  8
14  48
38  8
40  7
22  26
50  17
14  43
18  20
51  6
21  34
24  5
13  9
51  39
33  43
24  50
49  49
26  23
32  42
20  21
34  10
17  37
19  7
19  35
20  50
50  43
43  15
31  19
19  41
46  50
26  13
31  47
30  23
6  8
27  41
31  25
20  15
11  38
47  19
7  30
16  15
37  26
26  40
7  10
39  32
8  19
10  16
28  5
23  50
44  8
29  42
16  48
15  15
16  34
29  41
19  7
35  9
11  17
12  38
28  18
41  43
22  14
37  35
9  7
22  29
51  6
19  33
32  21
20  14
50  21
11  7
7  49
24  8
12  22
24  28
24  8
7  13
40  19
33  40
9  27
40  33
33  17
48  25
35  31
30  11
44  18
32  50
10  40
41  26
20  51
9  41
31  5
26  20
30  35
43  36
26  5
48  8
48  6
40  14
12  21
27  45
41  14
48  35
43  27
47  12
40  6
37  22
26  36
33  6
23  10
26  17
45  22
49  16
48  41
45  30
23  18
31  47
15  11
45  12
31  40
48  7
9  14
20  42
51  46
16  42
24  37
24  20
43  20
51  17
17  9
21  21
24  26
16  9
11  14
14  15
37  27
23  45
12  8
7  10
7  37
27  40
34  21
48  19
23  12
5  38
14  17
40  11
33  24
37  45
29  32
27  31
21  31
39  29
44  7
9  50
48  6
29  15
10  33
6  16
13  12
25  27
18  15
9  49
7  46
38  10
22  46
17  36
20  19
17  6
16  18
9  35
22  18
5  9
39  46
8  11
37  23
49  39
12  18
19  43
12  43
14  37
48  32
44  28
28  9
48  41
34  9
11  41
11  50
26  20
6  34
5  41
5  32
41  15
21  8
14  14
50  45
45  13
44  16
14  27
32  13
28  7
36  30
28  19
35  18
24  36
21  49
33  46
10  9
39  28
51  27
51  41
30  19
25  21
36  16
44  36
36  12
41  39
17  24
20  44
7  15
15  44
46  49
5  21
24  20
17  35
32  50
18  27
33  36
30  16
5  34
51  39
32  38
31  32
42  48
51  23
43  27
26  10
7  18
9  23
8  10
51  37
42  9
11  32
7  14
32  35
33  22
30  32
45  39
7  22
19  13
44  23
32  46
43  48
33  37
49  45
31  37
6  51
14  15
34  30
29  40
42  36
44  14
8  9
17  11
19  14
13  13
46  44
19  32
35  45
45  43
51  34
42  33
50  22
17  7
47  11
27  22
48  36
44  46
21  44
20  10
23  48
41  25
28  20
11  23
35  35
34  38
41  46
27  43
36  29
31  37
25  41
19  12
50  39
38  45
51  21
23  35
40  24
24  37
48  46
41  14
9  6
29  10
11  44
26  12
47  39
19  46
20  42
36  41
14  50
44  17
6  7
20  16
36  47
37  26
10  49
36  34
12  35
23  43
32  15
11  22
27  13
5  7
43  8
46  33
38  27
33  49
25  16
17  49
27  20
14  41
15  47
35  22
50  20
10  47
38  13
9  32
43  24
14  17
12  43
49  47
36  27
45  7
35  35
30  21
45  37
21  24
22  7
5  10
25  5
11  48
28  23
5  13
32  5
10  42
38  16
44  7
33  33
16  23
9  40
26  13
22  14
21  33
49  48
32  32
51  24
50  33
30  35
12  25
14  31
31  16
10  21
6  34
16  37
7  8
15  26
39  40
47  35
41  35
45  51
18  12
38  17
49  26
16  38
26  40
19  28
11  40
15  21
39  16
48  13
29  10
15  24
36  43
16  12
37  37
45  35
42  7
16  46
47  25
16  43
6  33
17  50
50  50
37  30
45  25
22  37
23  50
35  43
27  8
39  37
14  36
51  33
11  40
28  34
28  17
43  25
47  7
50  14
21  35
16  43
6  29
43  49
38  7
51  11
18  48
38  29
15  15
31  8
9  47
34  8
10  14
51  39
8  29
28  18
21  23
38  13
50  33
20  47
50  14
32  50
49  19
32  23
32  38
43  12
41  18
42  51
14  31
36  35
9  10
11  36
23  17
44  32
46  23
50  18
24  20
20  14
24  19
39  43
35  32
16  24
15  30
39  33
47  14
27  28
34  12
42  6
48  18
39  20
23  19
8  49
35  6
26  27
42  47
26  34
10  19
19  29
24  51
40  51
17  11
32  41
7  5
16  14
19  14
16  44
31  35
37  28
35  42
51  5
48  29
49  41
44  17
39  18
23  25
38  16
20  32
12  22
43  45
25  44
35  36
6  25
27  41
8  11
33  13
12  7
12  30
14  19
11  49
48  42
16  14
47  47
49  35
32  44
38  18
13  43
20  18
32  46
12  28
14  30
19  14
19  50
51  39
36  34
27  15
34  38
30  40
46  37
44  25
27  35
17  30
31  26
10  26
41  6
5  49
5  30
39  48
43  50
46  38
27  51
22  25
9  5
21  10
51  49
27  28
38  30
48  22
26  51
6  48
21  23
5  16
28  16
45  15
7  27
38  17
33  11
44  5
27  17
37  20
46  8
37  10
27  28
18  44
22  24
21  51
10  14
48  33
32  26
45  15
34  51
47  32
40  18
33  37
21  34
47  25
9  42
9  32
8  10
26  22
12  9
7  22
13  50
21  39
14  30
39  12
40  26
47  50
21  24
28  16
12  27
20  34
35  9
27  6
7  8
28  9
41  24
40  11
29  17
42  7
12  20
50  32
47  31
51  17
23  44
39  36
44  32
19  13
37  39
26  32
7  24
23  49
43  41
32  16
20  41
30  13
45  46
28  37
43  26
33  13
20  44
18  37
15  5
41  5
36  12
16  5
38  25
12  28
26  29
42  6
34  39
27  48
42  17
5  42
31  45
39  6
50  24
46  6
6  50
30  39
42  45
13  11
21  14
14  42
40  13
42  24
31  30
6  8
51  14
24  40
41  48
41  41
30  39
28  20
6  33
48  25
32  33
36  18
39  45
33  10
14  43
22  36
36  5
18  19
13  46
26  31
36  26
30  37
17  18
25  27
39  12
29  39
8  22
20  18
47  9
50  39
11  24
7  38
8  20
50  37
7  35
21  38
44  9
10  23
7  43
35  30
25  34
18  43
30  25
21  41
23  32
18  19
30  46
47  31
25  13
5  14
50  40
8  36
6  9
39  19
7  5
19  40
28  22
11  25
49  28
12  13
47  13
49  6
10  48
31  16
35  10
20  33
30  44
14  28
38  17
9  50
5  41
26  38
35  8
30  43
31  31
9  26
38  28
32  42
21  8
46  51
44  37
49  39
7  49
51  37
40  10
41  23
11  10
46  5
25  5
26  43
42  11
38  24
44  36
12  40
11  16
10  7
34  35
42  25
12  46
41  12
41  22
25  40
35  42
22  36
11  34
27  13
5  13
27  23
50  15
25  18
40  23
41  31
24  17
30  10
26  11
48  46
7  37
44  5
29  28
43  34
47  30
11  49
20  49
48  8
45  27
18  51
48  13
42  14
5  48
36  12
50  17
34  35
15  19
18  43
21  50
17  30
46  35
22  25
13  19
26  11
21  50
44  20
42  22
28  9
25  5
24  18
16  29
8  7
43  30
26  33
34  32
25  35
40  15
46  11
22  44
21  34
32  23
16  44
36  41
48  35
36  13
11  35
29  44
35  9
40  11
10  7
16  51
50  45
6  48
5  31
36  51
19  8
42  27
41  30
6  8
40  29
25  35
11  37
51  40
29  44
38  29
50  32
50  35
11  33
35  39
25  16
39  38
45  21
47  21
8  34
24  49
40  29
36  41
18  10
30  12
22  30
10  38
25  38
19  50
7  5
22  50
21  41
21  35
36  46
48  31
18  17
36  35
25  6
49  11
24  22
50  14
21  35
31  40
48  35
24  50
9  10
22  18
46  41
32  8
5  9
6  35
19  11
27  27
43  26
10  45
43  24
30  10
20  30
9  25
14  7
50  43
16  12
45  51
45  13
40  35
24  42
7  44
44  41
14  31
19  9
23  23
17  8
32  24
40  19
20  6
7  24
6  16
39  11
6  50
43  11
27  12
23  23
41  29
14  7
18  7
29  30
24  33
19  25
22  24
20  8
39  25
29  39
34  33
43  51
11  49
6  20
15  37
7  40
44  37
46  13
10  7
15  37
51  16
43  38
21  50
27  26
30  42
39  21
28  10
25  22
9  29
26  47
17  51
9  41
46  39
16  30
20  41
44  44
8  44
50  21
31  31
33  47
37  24
20  39
26  50
51  20
37  7
50  44
5  31
32  33
44  27
17  30
27  46
29  20
26  22
26  29
38  30
47  45
30  44
8  34
31  31
46  42
41  23
42  30
50  33
28  48
15  51
45  30
38  43
9  20
6  5
24  22
49  18
51  13
42  18
15  18
8  15
30  17
18  22
51  37
46  33
6  27
17  23
9  15
48  12
30  44
8  9
23  7
43  30
27  27
16  24
21  20
37  33
10  29
43  46
8  13
30  32
37  14
6  7
7  15
23  36
46  48
43  49
29  45
16  41
33  42
44  8
19  11
36  36
19  20
16  17
6  8
34  34
37  34
41  21
46  25
43  28
34  24
33  47
20  7
13  51
39  40
39  19
38  46
14  42
28  34
26  47
40  32
19  16
33  21
39  17
44  11
9  24
21  23
36  45
21  9
12  51
26  37
39  9
28  24
9  41
6  45
41  10
21  46
26  40
9  51
13  17
21  51
21  38
40  23
17  13
48  36
29  31
31  45
18  18
50  46
12  26
37  7
45  20
35  42
40  32
30  25
38  43
19  49
34  45
45  41
36  51
40  34
12  39
40  43
10  23
45  50
31  30
47  12
47  34
18  28
5  28
36  32
25  32
39  35
36  6
41  21
42  5
29  50
7  16
36  9
12  16
20  13
46  33
45  38
44  42
44  36
11  48
10  18
19  39
41  44
27  51
49  18
9  9
29  44
32  26
49  24
16  31
25  30
26  43
43  39
17  22
48  42
49  28
13  18
38  5
15  22
45  9
26  11
22  18
28  8
7  42
28  44
39  46
47  5
17  31
9  18
14  49
47  15
15  29
10  12
20  24
21  16
18  9
22  44
28  14
50  7
14  17
51  51
32  23
14  31
25  11
19  5
5  6
12  6
43  12
14  27
47  36
44  19
23  47
42  43
21  26
39  36
33  19
43  15
6  17
7  27
48  36
43  42
31  15
41  6
25  41
40  13
34  32
42  9
32  17
49  30
38  27
10  33
32  6
38  13
10  36
48  23
9  27
47  21
10  7
10  15
46  28
22  31
37  19
29  27
27  40
14  49
13  25
40  17
16  25
21  27
9  26
47  42
24  6
44  48
36  20
10  38
12  51
22  19
42  32
16  25
17  44
48  38
10  22
38  31
35  22
8  47
39  44
7  34
11  11
26  43
26  45
30  29
35  31
17  44
13  31
43  30
25  37
17  51
34  12
24  14
21  22
30  11
15  9
44  21
16  35
43  33
13  7
18  45
34  46
22  26
42  48
17  41
15  18
21  26
9  28
39  42
44  31
35  49
21  30
27  42
10  13
50  36
14  46
35  15
17  29
48  23
22  39
24  8
24  19
48  8
42  32
50  13
24  46
43  35
32  25
6  6
24  31
51  33
14  10
24  18
27  25
41  17
49  10
18  42
29  12
7  26
15  28
51  16
12  28
32  19
38  51
8  19
30  13
26  26
15  33
7  27
7  6
41  42
50  27
34  8
25  38
38  21
50  17
5  9
48  37
17  33
28  31
23  23
50  13
40  29
28  26
7  30
42  41
10  42
18  21
47  5
19  45
36  29
41  46
44  42
26  12
7  16
14  50
28  23
26  31
13  42
25  15
23  23
7  41
34  21
5  6
26  17
11  28
42  42
39  30
44  38
46  8
10  31
20  5
50  15
39  40
47  47
45  37
32  6
5  5
19  50
36  39
22  14
19  14
12  13
18  41
24  23
7  28
21  28
36  8
39  47
51  26
47  15
27  32
44  32
31  21
28  25
27  47
45  15
50  48
10  11
15  35
22  14
27  22
21  25
44  17
17  10
5  13
42  43
37  16
27  38
13  47
18  35
22  13
28  17
50  23
11  19
28  13
37  14
34  50
37  7
36  7
10  46
48  28
25  48
10  17
31  31
50  33
41  5
28  8
39  16
14  34
46  26
42  8
7  49
27  14
32  12
26  21
19  24
22  14
17  16
37  31
9  35
21  25
11  32
18  49
6  33
12  26
16  28
13  40
5  50
18  9
47  32
13  30
11  14
13  15
24  24
27  38
8  24
18  38
10  21
36  37
9  39
31  23
8  43
15  31
19  16
43  42
17  22
27  51
14  49
50  22
51  25
6  24
23  21
37  9
9  48
43  13
40  5
44  48
21  40
46  48
9  7
38  19
5  6
37  23
22  15
24  40
50  35
51  15
25  42
25  43
19  6
19  5
10  34
36  43
51  51
44  36
44  35
28  33
15  14
44  37
42  21
21  21
31  50
28  46
43  14
27  19
20  12
39  37
16  17
35  36
42  12
19  42
7  22
9  24
20  51
44  22
6  37
20  49
38  39
8  14
47  38
6  5
13  39
42  19
27  30
38  51
46  28
29  15
46  15
15  32
16  33
10  44
21  15
19  35
51  16
15  32
37  20
50  50
49  23
42  44
50  26
39  31
9  12
17  48
40  46
48  16
30  9
37  6
32  21
17  14
24  49
8  15
26  46
22  12
38  46
13  46
34  7
11  29
15  18
29  24
38  10
21  23
47  15
50  31
13  23
19  17
36  11
33  46
38  19
39  48
13  42
31  13
29  5
10  24
43  11
45  10
14  39
50  36
14  11
16  16
50  45
41  9
25  15
24  45
32  31
9  44
37  26
37  33
17  49
41  34
9  39
22  18
25  37
16  36
12  42
46  46
36  43
21  45
14  46
47  22
36  35
9  51
45  34
37  18
33  51
38  15
25  36
28  40
13  40
31  27
15  42
20  46
5  22
10  43
15  5
17  38
5  39
10  11
12  40
35  13
37  11
51  10
6  20
45  23
6  8
40  45
7  9
49  28
47  28
23  22
13  11
13  45
42  17
47  40
23  42
45  50
44  25
16  45
40  16
23  31
41  19
13  23
28  10
42  37
33  40
47  43
20  45
17  26
35  10
19  43
8  24
14  24
9  37
21  45
47  19
16  5
50  24
23  47
18  31
39  10
21  43
13  33
33  48
26  41
36  29
10  42
22  38
6  9
38  28
6  10
17  21
41  26
39  18
28  42
44  34
38  24
50  47
10  42
19  31
39  26
51  50
13  11
44  16
25  37
29  7
45  24
27  13
36  24
49  17
12  26
39  37
47  33
41  51
32  40
30  5
28  42
25  44
29  39
30  13
49  27
48  42
14  14
9  40
27  20
27  11
7  21
8  39
24  39
50  17
10  9
7  27
21  12
10  34
9  35
39  43
19  9
49  8
44  42
14  29
16  29
45  32
14  32
51  24
12  21
32  43
35  12
36  17
51  25
48  14
40  30
47  46
13  44
38  47
40  37
5  7
37  48
11  9
48  49
46  20
39  13
41  51
35  23
26  29
21  18
24  42
17  41
39  51
33  50
39  40
5  36
36  7
49  15
39  5
27  24
46  25
44  43
51  40
28  9
22  23
19  32
11  50
31  40
45  51
15  7
39  47
36  32
35  35
20  13
13  33
30  8
31  45
27  18
27  20
7  26
40  18
45  28
7  39
18  34
18  42
43  36
13  41
49  24
6  41
9  28
23  15
19  49
33  33
33  33
15  28
30  16
48  42
6  47
39  28
25  24
31  18
46  42
28  49
17  7
22  17
50  43
34  15
43  16
24  48
33  49
48  25
25  17
46  20
19  13
31  50
17  47
38  40
46  5
18  5
38  36
42  17
43  6
27  39
31  20
10  39
44  49
22  44
13  31
11  25
15  27
6  50
44  12
7  16
46  32
49  6
9  47
39  34
17  21
19  33
31  22
29  9
17  15
29  10
51  29
14  18
37  50
45  32
24  20
44  39
10  6
7  48
18  18
19  15
48  21
15  29
29  19
25  50
37  24
30  37
5  48
22  49
49  18
49  31
28  8
35  41
40  10
29  49
42  42
37  50
12  17
45  49
40  40
32  22
35  7
6  19
30  42
51  44
30  48
28  13
13  26
28  50
46  6
43  19
32  50
13  29
19  37
8  9
37  25
40  23
29  37
16  46
50  49
14  45
8  31
45  7
13  11
11  38
31  29
5  37
48  26
28  10
33  36
25  26
49  32
20  37
51  10
28  43
40  29
21  5
46  19
16  6
51  48
23  43
26  26
17  48
7  38
28  42
8  16
43  12
34  47
17  16
31  23
22  40
42  22
20  6
21  18
23  35
34  34
16  11
51  8
35  48
27  22
39  50
43  47
47  36
40  23
39  32
34  46
45  5
19  18
25  21
35  38
43  35
10  32
10  18
20  13
33  32
51  29
21  40
14  46
49  43
46  39
20  12
9  51
16  6
14  12
29  42
36  19
36  50
36  15
36  42
40  36
14  21
11  22
40  12
24  35
15  30
51  34
43  21
18  50
23  16
18  44
11  34
36  27
46  48
31  8
23  28
18  9
13  39
33  24
9  42
15  40
25  5
23  42
19  19
19  25
28  45
51  47
37  34
7  29
32  8
45  50
35  22
7  7
50  39
6  14
9  21
23  15
42  49
28  43
51  44
18  51
16  34
26  43
20  18
29  18
22  39
16  48
30  12
47  32
18  11
27  16
50  19
15  25
15  51
9  10
15  16
11  38
16  8
13  28
29  34
28  12
45  42
6  24
31  33
5  30
5  16
8  44
17  34
35  20
16  48
7  30
14  45
25  37
36  39
26  32
48  19
5  39
50  29
26  41
48  27
47  33
45  33
16  5
25  42
33  51
8  47
34  48
46  5
24  44
48  22
28  18
45  28
34  5
24  37
51  30
46  50
49  32
12  44
34  46
47  39
33  30
10  42
22  8
50  7
46  14
50  51
5  22
18  22
27  43
51  47
33  21
46  13
27  40
41  9
