6  38
19  23
13  14
50  44
35  5
30  26
14  43
31  7
9  7
10  28
33  16
24  51
10  8
22  45
26  47
47  27
38  29
5  48
48  31
35  13
28  7
7  12
5  48
44  33
18  8
12  15
20  27
35  42
15  43
50  33
22  28
26  26
49  19
14  43
51  22
27  46
20  50
5  18
49  51
29  22
6  21
7  50
32  44
49  9
9  12
34  7
9  39
6  15
51  21
42  16
32  42
20  20
49  36
35  39
20  35
31  14
6  34
29  28
33  17
9  40
50  12
35  28
11  28
51  34
29  30
32  51
22  20
25  6
22  48
36  24
40  25
36  15
46  9
34  45
17  47
9  29
15  45
24  21
13  39
21  45
46  7
36  50
21  15
27  11
29  5
19  6
14  22
48  25
18  47
5  19
22  16
43  33
23  14
31  30
25  50
17  31
11  20
27  33
40  51
44  20
6  24
19  51
50  46
24  8
48  35
34  12
17  8
13  29
26  7
11  38
46  19
46  38
25  15
37  9
21  30
7  23
38  50
13  39
36  21
43  33
41  37
24  12
46  31
23  45
8  50
50  24
6  46
39  14
34  8
32  6
50  47
27  42
44  43
39  28
7  43
41  29
26  21
9  19
33  23
30  8
29  18
51  24
26  39
5  23
40  24
31  39
51  41
26  5
36  51
25  25
14  36
34  9
40  39
24  6
24  29
40  23
22  44
9  39
37  51
37  37
49  13
31  34
17  24
32  21
24  39
32  27
42  14
19  23
14  31
39  27
5  12
11  15
33  17
26  45
29  22
21  26
26  33
51  8
48  26
29  43
22  12
29  6
32  51
41  13
30  15
42  9
10  24
26  10
35  34
11  46
43  36
35  46
50  51
45  7
25  39
14  18
8  28
41  31
49  50
30  41
16  45
44  24
20  12
47  19
50  18
42  8
11  28
39  34
33  9
11  29
40  45
40  37
15  25
9  28
13  40
22  8
17  40
35  47
23  14
34  29
15  29
21  34
35  6
8  50
28  28
43  22
41  34
33  11
8  31
12  40
45  48
41  40
31  17
46  42
12  38
15  41
21  26
27  9
12  41
35  8
33  35
29  27
20  29
7  50
37  12
29  21
14  15
27  12
39  48
34  13
49  40
10  16
24  35
38  48
29  49
49  15
38  39
51  19
51  28
6  30
20  42
8  47
18  49
44  14
17  10
22  46
49  51
42  7
17  18
10  48
30  41
5  12
11  37
22  9
28  44
43  24
10  23
50  16
13  47
14  13
42  28
42  44
28  36
21  24
48  16
23  5
27  15
8  48
46  23
5  43
37  48
21  40
21  44
9  35
19  5
41  30
51  39
41  23
21  20
50  42
14  25
30  31
24  49
12  41
28  26
19  34
22  33
48  32
38  21
38  25
34  43
24  36
48  44
18  7
45  11
41  13
22  25
51  44
48  32
21  11
45  50
25  37
32  40
28  41
31  48
6  10
34  24
45  35
19  13
19  30
24  45
21  41
16  10
6  15
34  45
48  33
34  6
39  40
26  49
10  42
37  12
15  5
27  32
50  19
50  31
6  32
6  6
38  40
13  39
32  16
42  14
40  20
31  32
31  47
19  28
6  17
8  48
46  45
28  12
8  38
31  19
9  20
9  32
33  19
16  22
30  46
50  43
44  45
24  7
30  30
38  35
13  48
6  21
25  33
23  50
19  15
29  24
26  23
25  24
10  50
33  44
36  25
24  32
8  18
13  17
49  18
42  47
27  27
40  46
15  23
43  36
47  41
42  5
38  5
26  38
46  10
27  46
11  12
49  14
23  26
33  50
11  46
50  6
16  44
24  23
24  30
47  50
32  37
50  17
50  39
50  36
16  20
23  50
39  20
26  9
18  38
20  14
8  44
17  19
51  29
22  16
27  37
10  9
51  46
28  35
12  27
44  7
44  28
30  33
39  24
7  12
12  30
43  44
37  45
14  45
28  45
34  17
34  36
23  5
10  44
5  47
9  40
33  12
32  11
27  13
19  49
33  41
33  28
9  15
19  11
49  42
12  24
38  49
35  41
39  40
50  20
17  38
9  27
37  34
35  30
35  45
31  19
31  13
22  19
26  35
33  5
6  43
40  32
6  28
5  13
44  32
24  23
21  26
51  50
19  51
33  41
20  32
17  41
5  11
12  48
32  40
14  28
5  35
44  27
7  36
23  36
35  47
6  18
32  13
16  25
38  17
50  31
21  33
9  25
45  26
7  29
17  11
36  12
23  50
44  27
36  49
47  43
32  24
42  12
40  42
19  10
26  10
14  37
20  41
41  8
16  41
10  35
47  7
11  36
49  44
9  21
35  34
22  40
51  17
48  21
22  37
28  15
33  40
38  25
41  34
32  26
17  18
23  50
27  28
46  44
17  42
27  37
9  16
49  35
11  26
11  24
37  40
43  8
46  46
44  49
10  10
21  6
32  24
51  27
16  51
40  31
38  28
37  7
47  10
17  45
23  26
45  51
51  44
10  42
18  23
28  27
32  46
46  40
48  26
34  46
38  29
51  39
41  35
33  50
9  28
19  19
51  50
31  46
51  24
28  47
16  41
9  31
46  42
33  19
10  8
33  8
37  15
16  37
23  6
13  25
15  20
22  38
15  20
35  19
15  35
5  10
16  20
18  40
46  41
22  6
8  34
26  17
37  37
22  13
45  41
20  11
28  40
15  19
31  36
18  11
50  22
6  6
20  24
22  26
23  6
18  33
12  29
46  29
31  24
32  21
48  27
16  35
19  35
51  35
28  39
36  16
41  47
27  15
7  32
22  23
15  18
11  37
12  22
8  11
28  11
18  28
36  15
9  17
9  22
19  50
44  30
50  36
42  12
33  13
8  12
44  17
46  8
14  15
42  17
49  41
27  8
28  27
46  31
25  10
22  31
46  7
23  28
35  37
14  5
24  42
10  32
23  21
32  27
10  49
34  19
24  27
43  32
50  35
25  50
45  39
38  13
6  20
40  45
24  39
22  21
24  44
6  49
33  12
36  31
50  48
47  20
8  7
26  31
39  46
16  5
41  41
9  11
39  12
6  18
15  33
27  8
12  10
37  28
29  41
13  19
46  29
22  7
13  36
13  47
5  10
48  31
38  6
47  18
10  39
48  6
9  36
44  7
47  26
6  23
51  14
19  12
29  36
28  5
30  35
14  37
29  42
40  48
24  8
49  48
17  44
28  12
21  9
20  27
7  43
22  24
51  14
29  11
18  24
41  5
20  5
9  42
17  19
27  47
51  29
21  20
32  18
24  29
43  47
10  45
41  50
30  17
42  26
11  27
33  35
39  47
39  16
8  16
37  40
8  16
45  18
26  25
18  37
34  13
18  29
19  18
49  14
8  40
33  12
35  19
19  32
8  48
50  48
8  40
28  17
42  13
33  20
11  6
8  48
36  22
34  29
6  43
23  20
23  18
47  31
43  24
27  46
20  35
42  10
24  6
38  15
20  14
10  8
49  42
13  39
9  41
23  50
17  18
31  50
47  27
16  12
19  22
33  15
36  25
51  20
48  6
19  22
9  37
22  11
41  37
24  21
12  35
35  24
13  7
36  15
18  31
28  35
37  36
17  8
26  32
48  5
28  35
51  51
31  50
29  11
21  20
51  12
18  9
16  45
8  6
13  39
45  45
18  43
10  6
30  40
33  37
42  50
36  18
29  51
27  35
47  11
12  37
41  17
12  32
39  7
42  22
16  31
30  35
21  44
36  44
22  7
29  6
17  7
51  44
30  23
46  5
27  6
19  7
44  26
27  32
26  13
16  17
45  25
49  12
49  39
44  43
26  40
15  17
20  15
37  10
5  33
22  34
28  36
37  28
36  49
33  42
31  9
48  44
49  43
50  7
49  40
17  9
29  45
33  43
48  25
15  50
5  47
31  6
21  25
39  35
20  6
35  28
37  32
41  33
17  36
10  19
35  41
44  15
27  25
48  30
21  50
16  29
16  11
47  42
11  33
23  25
32  42
23  18
41  44
16  34
25  25
21  12
38  17
12  42
42  44
42  36
32  24
26  28
44  31
36  8
30  49
39  13
18  46
38  14
9  51
41  17
21  47
14  5
9  31
47  44
43  43
35  34
20  23
21  32
29  10
8  42
33  44
18  51
26  48
49  39
12  42
24  51
23  13
39  49
20  24
15  46
44  8
17  49
22  45
6  19
49  32
19  25
17  18
12  26
17  32
24  9
38  10
14  50
12  37
6  40
8  13
18  26
51  47
28  18
30  32
39  33
46  17
44  37
37  22
15  43
17  47
25  27
30  42
9  44
39  27
11  14
38  24
42  30
18  38
50  25
25  7
9  28
43  34
15  44
49  34
21  24
31  18
48  44
9  11
44  11
49  6
11  17
11  8
40  35
13  37
28  35
28  45
51  21
37  34
21  11
47  38
42  28
6  12
9  42
23  37
31  27
23  31
16  41
10  26
8  25
50  42
17  46
15  45
6  11
44  22
27  51
27  47
23  43
13  34
36  46
5  51
23  38
26  7
23  36
18  12
35  26
39  44
50  47
5  12
24  48
50  6
46  48
28  7
16  11
40  7
40  43
28  51
17  50
27  38
17  50
40  14
34  41
31  50
42  47
46  27
5  46
42  5
39  30
51  30
29  39
51  39
38  27
47  34
39  44
46  38
27  14
42  16
21  28
21  42
31  25
23  31
24  24
44  25
46  8
35  31
30  30
27  48
51  24
44  30
48  37
8  48
23  40
30  35
17  47
17  27
46  37
18  42
12  11
9  48
49  25
21  51
48  21
33  24
20  46
41  25
7  48
47  39
45  41
15  22
39  51
22  18
23  17
27  20
5  29
40  8
48  49
42  40
6  46
44  6
11  13
39  41
22  33
46  29
29  16
43  18
34  23
37  20
7  39
35  21
36  14
51  10
45  19
42  41
45  19
13  18
24  16
43  38
42  42
37  26
46  16
17  8
49  22
41  41
40  34
32  27
12  10
11  11
50  14
42  45
11  9
44  22
27  28
24  41
34  38
33  41
18  12
39  35
8  46
30  42
16  49
15  5
38  29
33  6
48  22
12  22
44  9
40  33
16  26
26  39
13  37
6  8
10  28
16  48
23  10
39  39
7  24
13  31
27  11
27  46
10  25
12  15
24  44
33  6
19  15
23  22
9  38
27  46
45  23
12  36
32  41
45  13
51  27
7  21
33  22
8  32
8  14
33  31
48  29
48  41
45  33
48  32
46  31
35  13
9  41
13  13
7  11
43  32
41  13
5  45
12  7
20  11
8  29
27  30
34  17
22  20
7  48
19  5
21  5
35  22
12  35
10  47
22  37
17  42
50  44
30  48
40  28
47  9
31  11
28  5
24  34
5  22
30  34
50  45
5  20
22  22
6  11
31  37
35  21
30  34
9  18
10  26
18  20
33  8
35  27
49  5
36  5
48  6
38  27
50  10
49  28
47  5
49  7
32  9
32  45
14  43
36  22
22  46
10  49
43  35
35  50
41  33
40  13
5  10
50  38
33  46
19  34
46  28
47  39
21  47
42  18
39  39
12  29
6  5
11  13
41  34
31  32
22  26
31  48
43  41
5  17
34  29
16  16
5  39
22  14
50  46
32  44
36  33
40  25
17  40
37  12
25  50
51  12
12  35
20  50
48  45
51  49
29  31
45  45
17  9
6  8
20  33
42  43
5  39
49  47
21  21
28  30
21  14
19  36
48  36
32  22
11  24
40  34
45  20
5  48
24  29
14  28
29  14
33  46
24  39
29  18
12  41
8  48
32  44
42  23
27  17
34  49
22  44
36  22
46  45
6  47
15  5
31  28
41  16
10  51
30  42
5  32
27  26
29  47
16  10
5  34
9  19
26  30
32  37
50  9
6  10
12  16
35  21
23  17
32  16
45  38
39  33
34  6
29  51
27  18
42  26
41  7
12  17
31  14
34  42
31  8
30  7
51  12
22  12
36  6
28  51
6  13
50  29
20  19
42  15
38  10
36  20
50  24
26  30
8  22
33  47
27  34
10  23
6  11
42  42
35  26
8  44
48  8
32  29
40  46
28  48
28  47
19  14
29  47
32  48
11  37
23  11
26  13
48  6
46  48
27  45
19  6
48  41
14  11
40  51
14  18
13  26
41  20
48  33
33  23
24  16
5  7
27  15
11  33
17  30
28  30
27  32
34  43
17  51
48  38
23  18
46  20
20  14
11  41
33  30
35  49
48  48
47  9
16  43
40  9
31  18
25  11
50  45
45  42
18  50
48  47
32  36
50  8
11  48
50  41
34  38
42  32
41  18
5  48
39  15
7  45
24  24
46  20
45  50
15  49
39  6
23  40
49  29
13  15
9  49
48  40
24  18
48  9
33  38
25  19
42  30
9  19
9  31
41  51
23  5
31  38
17  43
26  44
51  36
18  38
16  51
50  46
28  7
28  28
39  33
5  33
33  30
42  37
46  7
31  15
32  27
21  13
44  12
12  7
31  41
25  12
8  47
47  45
35  34
29  11
32  21
34  8
37  12
12  7
51  37
38  19
20  50
39  35
17  47
29  48
45  46
44  16
46  50
27  30
28  41
43  17
30  33
13  27
12  27
34  6
24  50
42  39
35  12
24  21
25  24
17  33
13  33
34  32
19  49
33  40
27  10
28  35
18  51
35  5
40  23
35  12
50  39
14  36
38  32
18  28
28  34
37  23
34  22
50  35
41  30
32  28
33  26
33  14
44  12
35  8
42  20
5  47
37  26
46  5
41  36
44  21
15  46
22  21
49  51
10  23
27  34
10  36
12  34
27  8
28  48
50  19
21  51
35  50
45  14
38  10
49  24
28  23
40  20
44  23
28  15
8  35
33  22
7  44
6  7
8  49
20  36
13  6
13  40
27  37
24  27
31  12
17  8
31  15
38  21
10  31
46  33
51  17
51  29
16  29
51  18
45  27
11  36
32  10
30  48
35  48
6  28
18  27
33  39
24  26
38  22
27  44
9  39
32  25
26  29
32  22
36  31
7  18
10  13
34  17
22  16
39  50
17  7
48  45
50  38
10  7
22  12
48  40
22  47
21  23
6  18
16  19
27  25
6  31
43  33
51  43
9  7
38  48
9  28
16  32
35  40
48  16
46  23
31  21
18  24
11  24
41  38
31  38
12  16
42  40
33  13
22  26
22  14
13  41
26  46
29  49
27  20
27  25
19  45
46  26
21  22
39  27
26  32
16  7
42  24
32  12
46  14
21  50
34  30
46  50
19  18
5  34
8  6
17  29
30  24
51  43
34  21
24  22
28  49
27  9
21  26
41  15
11  30
41  46
38  38
50  22
9  27
25  37
39  11
6  25
22  23
10  28
46  32
18  42
31  17
23  39
51  19
21  26
42  33
15  43
13  23
25  15
11  45
38  24
13  38
14  21
43  37
38  45
42  40
38  46
49  16
17  49
44  23
43  46
45  51
49  22
33  35
46  41
40  18
24  49
45  29
48  13
39  41
11  44
25  10
30  42
5  40
42  9
42  9
51  26
41  44
27  49
49  5
7  42
29  45
34  46
38  49
39  28
23  32
27  30
10  23
41  26
35  22
40  9
51  42
20  11
46  13
24  10
15  19
42  27
50  23
5  35
23  16
46  23
31  23
44  46
21  37
14  36
11  38
16  37
15  51
48  22
50  10
12  30
51  27
25  36
51  47
34  42
44  37
28  17
27  36
10  8
49  50
16  33
23  48
20  47
40  8
32  29
35  51
41  27
47  6
46  18
6  14
31  18
33  16
46  24
32  9
43  42
50  22
12  38
46  6
8  41
30  24
42  48
48  29
22  5
50  39
17  23
7  39
40  35
17  34
51  47
50  33
50  27
49  30
43  36
41  39
44  11
30  33
19  37
15  29
17  8
43  50
34  50
22  30
12  18
14  18
17  48
42  26
22  30
6  33
34  24
38  13
46  15
41  46
22  9
20  37
27  34
42  28
47  44
32  32
11  30
27  11
20  25
42  24
29  11
29  30
9  39
37  48
50  44
17  40
42  35
32  49
41  43
21  36
6  39
23  10
42  45
9  33
24  17
37  34
9  24
7  19
23  7
8  19
26  13
42  25
17  8
32  45
20  8
25  29
45  18
7  11
37  20
47  46
50  17
27  19
34  9
23  11
12  28
22  12
43  16
17  39
39  7
38  17
17  16
33  11
36  6
40  40
49  6
46  26
11  12
20  41
10  11
18  24
34  36
39  15
34  12
38  19
31  26
25  48
30  15
32  36
25  40
46  5
6  45
51  50
24  18
11  15
36  31
30  47
48  24
44  22
5  34
23  19
27  35
41  38
6  30
8  27
36  7
46  27
28  31
17  19
23  17
34  27
48  15
14  44
8  19
38  11
42  25
44  19
28  35
31  25
31  48
11  12
22  23
31  33
7  26
43  28
35  10
16  24
32  40
38  48
46  23
40  31
39  47
24  41
11  28
9  51
27  32
27  43
12  39
31  40
15  12
12  31
5  17
44  48
45  36
25  5
14  28
17  17
7  7
19  10
7  49
45  23
16  6
24  11
42  44
24  28
21  14
13  13
21  40
30  24
31  23
13  44
37  33
47  38
44  51
16  15
27  51
30  12
7  20
47  24
41  48
45  33
34  14
47  15
36  42
34  9
9  49
23  49
24  50
10  39
35  29
41  10
49  37
9  9
13  43
41  31
44  37
41  12
47  39
30  6
8  50
21  13
49  49
17  20
21  41
10  17
42  42
22  9
17  44
27  18
40  14
37  12
14  26
47  47
7  29
25  33
45  11
29  41
22  40
20  51
48  13
12  20
22  24
5  46
12  41
51  7
32  10
36  24
28  19
11  24
8  16
6  44
35  22
46  21
34  51
37  34
35  47
37  18
21  44
24  49
47  15
43  34
18  39
43  42
48  18
6  49
20  43
8  50
32  11
46  49
26  16
29  14
21  28
10  16
15  6
19  20
26  5
42  29
25  34
38  17
45  44
50  40
41  24
42  19
14  18
48  23
36  29
35  23
9  6
31  47
5  27
40  26
30  7
21  7
9  25
25  44
8  24
16  5
32  25
8  29
49  34
45  34
7  20
41  45
12  48
24  35
22  49
35  26
45  7
35  21
44  49
26  5
7  40
48  19
17  25
32  21
18  16
12  48
31  44
28  24
19  19
31  47
27  36
47  37
27  36
26  30
27  47
9  19
13  29
40  39
32  13
5  48
30  28
33  18
22  20
50  34
25  35
29  44
38  17
22  7
22  5
20  19
9  21
26  41
11  25
14  39
22  45
35  13
10  32
32  51
35  6
21  20
42  50
49  31
37  30
26  47
44  27
29  6
46  28
32  38
14  40
51  18
28  18
15  6
28  26
50  49
13  10
38  47
13  31
33  19
27  15
39  44
31  28
48  12
32  11
25  46
13  42
43  17
34  41
39  48
21  13
20  25
18  6
7  5
44  24
24  17
41  50
33  10
46  15
38  33
37  40
27  38
13  18
10  48
51  23
37  27
44  9
13  28
17  26
43  30
51  41
37  17
6  5
15  6
47  48
13  36
11  7
41  17
22  25
31  51
51  14
43  22
39  36
32  50
49  48
42  8
19  24
39  30
20  50
16  21
39  12
41  12
26  9
19  42
50  38
5  30
27  51
31  40
8  50
41  19
44  13
36  15
8  25
51  48
50  28
51  20
43  22
38  48
17  24
16  45
45  35
27  12
47  44
18  22
34  10
9  8
46  13
25  26
11  37
35  51
12  45
31  11
12  48
44  50
51  46
41  9
17  47
20  35
33  10
5  7
20  47
19  14
33  42
51  11
41  6
48  11
9  35
41  51
13  40
27  39
26  37
17  33
31  22
22  42
49  12
23  30
48  8
33  7
7  48
6  19
21  26
34  25
47  14
42  48
51  39
41  36
22  44
9  51
24  21
19  8
9  41
23  50
14  18
26  11
6  31
38  26
35  34
10  23
38  32
40  25
17  14
51  18
20  50
49  17
15  17
30  10
41  14
11  42
33  41
50  20
15  12
15  30
45  7
32  18
7  44
44  10
33  42
47  16
34  42
24  38
30  22
32  34
14  32
40  38
35  32
33  25
45  34
5  43
15  47
16  27
45  48
42  8
37  27
27  38
23  10
41  48
41  26
42  34
15  36
45  48
42  43
22  24
36  23
48  44
36  7
32  48
6  38
37  24
7  14
15  11
50  20
15  48
34  50
24  11
16  6
40  19
41  50
24  10
6  40
48  7
13  10
42  12
8  47
46  29
10  12
26  48
43  49
49  19
30  45
33  8
41  5
29  41
50  22
29  46
24  41
47  45
28  13
46  38
21  6
47  49
47  27
40  9
44  15
26  7
46  49
22  5
32  8
5  24
33  16
27  18
5  14
22  29
48  47
45  15
15  48
6  31
43  5
24  15
14  19
28  51
47  42
18  6
46  35
18  50
17  46
39  27
13  12
39  21
8  19
19  48
5  38
51  33
9  36
7  13
34  19
35  10
5  28
37  35
21  37
25  50
41  26
45  10
5  42
15  42
44  32
25  23
49  19
20  8
22  47
16  45
34  14
37  18
37  30
6  33
5  49
33  29
20  22
48  5
14  13
36  41
38  20
18  27
42  50
18  29
19  15
34  34
14  34
5  31
43  46
25  12
9  16
42  43
7  25
25  12
10  18
32  31
51  14
43  19
31  24
36  25
27  5
5  39
10  35
41  30
41  15
43  7
11  27
18  7
50  12
51  29
45  13
27  7
12  8
10  51
32  35
38  51
34  13
27  35
50  43
39  27
40  51
5  16
28  36
44  51
32  37
49  37
46  31
46  27
41  18
36  26
42  20
16  25
23  39
22  13
11  51
51  37
20  9
17  46
45  47
23  14
10  35
47  5
42  28
46  5
12  17
24  9
23  47
29  21
50  45
51  16
33  26
47  27
42  14
22  33
48  40
26  17
44  10
28  38
49  42
40  10
10  9
42  43
32  30
50  20
38  8
9  42
45  12
30  31
35  11
13  45
13  46
27  22
42  33
30  25
13  50
24  44
45  11
47  6
44  44
24  34
32  26
9  43
49  13
8  6
23  39
19  49
20  17
21  14
6  18
39  10
43  39
37  38
9  11
45  30
36  46
9  31
23  10
14  44
25  12
30  5
34  11
15  35
27  47
13  50
10  29
16  42
17  40
37  48
35  24
8  43
12  48
49  5
20  25
22  49
47  25
15  21
14  18
38  13
35  33
38  13
43  28
46  17
41  38
51  34
21  45
27  13
39  30
9  42
33  51
21  8
20  23
21  32
7  19
6  14
42  12
20  41
7  19
24  15
24  18
23  48
23  12
18  43
49  22
21  51
50  33
13  39
25  16
32  36
16  44
29  29
36  20
22  10
8  6
5  35
13  42
49  18
16  26
43  32
18  30
16  45
18  38
34  33
9  45
37  44
8  28
18  5
11  44
18  9
17  34
15  48
41  5
11  19
21  37
33  9
48  14
38  36
18  34
13  9
14  21
41  19
11  45
22  42
47  19
48  14
50  19
40  27
21  27
19  25
29  40
35  46
24  32
50  13
39  51
28  31
43  33
51  16
41  44
6  38
47  38
18  18
26  34
15  6
17  11
18  22
24  32
45  35
35  32
25  47
42  7
39  48
40  10
40  25
9  49
45  49
7  34
5  9
46  36
27  16
31  44
8  36
38  12
49  24
42  5
5  51
23  24
29  34
30  9
19  14
6  40
10  20
11  13
26  26
46  20
46  49
22  37
27  45
42  32
10  5
15  34
28  12
21  10
21  20
33  25
24  16
12  41
28  28
43  37
10  6
36  37
46  7
16  46
21  13
26  15
41  8
6  24
46  17
8  31
42  13
26  25
47  13
6  33
50  46
12  37
48  47
19  30
11  40
41  51
33  50
13  50
34  22
25  36
36  31
44  48
20  29
50  29
15  51
44  12
35  42
48  35
13  35
25  26
27  43
42  31
29  41
19  50
30  45
38  17
50  51
41  24
28  49
38  38
35  49
41  31
27  25
16  37
50  33
35  28
12  19
48  41
21  30
44  34
12  35
43  47
34  42
23  11
7  10
38  27
35  19
23  15
39  25
12  32
20  34
18  27
13  36
25  10
40  8
41  22
11  9
26  31
33  7
49  7
28  49
20  51
15  29
15  41
7  36
49  33
10  20
47  51
25  10
10  25
24  36
13  47
37  21
38  36
22  19
22  8
31  6
13  39
15  17
41  16
9  41
7  42
24  31
8  49
36  36
16  38
20  6
14  17
10  23
32  29
16  10
40  19
46  47
43  5
30  19
50  15
44  33
26  35
17  38
6  19
32  8
32  13
24  42
7  18
19  15
37  36
23  26
24  37
36  47
43  40
9  44
49  39
16  16
35  42
12  40
39  26
47  48
51  5
40  10
43  7
25  8
26  27
39  21
22  38
36  41
33  40
23  46
49  5
20  28
28  34
50  7
44  17
7  18
7  50
29  39
30  50
15  30
15  17
11  34
40  23
23  17
36  50
25  5
37  50
35  27
12  15
38  11
7  35
31  14
9  42
18  47
13  20
29  28
34  19
39  51
11  45
45  28
9  5
17  14
22  42
15  18
37  25
9  21
23  36
38  45
31  50
40  31
22  29
28  23
10  27
48  38
43  8
27  16
33  36
38  11
10  47
41  31
32  7
28  23
31  28
22  51
14  41
9  49
19  29
41  21
10  24
10  45
32  6
26  15
43  51
21  19
35  36
24  40
42  27
12  47
29  29
51  23
49  27
44  15
12  20
30  21
50  17
29  17
46  19
23  25
43  28
28  33
34  8
26  46
37  6
6  37
42  37
16  41
35  9
45  35
26  18
44  37
34  46
25  36
19  34
47  48
50  22
44  6
40  48
21  24
8  35
40  40
20  12
44  23
18  42
26  31
6  28
16  16
29  44
43  13
45  37
20  49
9  49
19  22
49  25
15  17
39  15
25  30
13  24
24  32
46  6
6  10
14  22
19  9
17  32
38  27
9  26
40  26
12  12
20  25
21  5
19  45
12  39
7  39
34  16
9  20
51  9
50  10
43  31
20  12
20  33
22  11
20  33
31  16
15  13
27  48
22  11
41  42
28  45
9  36
14  51
27  45
33  32
44  34
39  28
24  6
48  46
5  11
48  29
7  25
44  30
41  7
40  45
51  43
25  16
14  36
28  51
23  30
50  43
25  28
35  24
36  5
20  14
8  33
42  8
40  32
32  25
50  27
10  19
8  51
50  14
39  19
17  29
36  42
39  49
33  27
43  34
9  24
21  20
44  19
42  8
37  33
27  33
48  11
23  11
40  26
20  34
34  17
33  43
37  13
50  10
25  29
22  43
18  27
45  26
42  33
18  40
7  33
13  18
43  49
36  44
50  44
29  5
10  51
42  11
40  14
23  51
15  33
42  24
34  9
5  6
51  31
10  23
26  12
51  44
35  5
23  51
19  33
39  26
27  47
30  42
8  13
36  44
51  16
43  40
44  25
13  8
36  12
43  26
5  17
40  40
7  11
13  7
9  41
28  46
13  46
45  32
50  18
13  46
22  31
42  16
7  43
47  12
28  28
35  39
41  45
18  34
49  31
31  29
39  50
50  23
18  14
21  44
13  46
24  35
20  18
33  41
35  21
21  11
33  23
6  26
23  32
24  16
35  44
42  21
30  6
48  33
10  31
17  18
24  14
49  20
5  36
8  34
23  38
46  50
40  51
50  10
41  30
25  31
19  38
45  20
44  45
16  24
47  47
50  29
41  16
34  45
47  8
26  45
26  23
19  20
40  12
31  47
13  8
6  51
24  44
24  29
15  37
15  50
51  43
41  14
13  47
13  18
6  39
36  35
5  38
31  40
43  33
44  25
5  44
47  31
43  19
23  19
32  36
35  11
6  5
11  6
39  10
46  40
14  25
24  33
30  23
11  39
5  44
25  11
35  27
19  10
18  23
34  40
17  7
39  11
42  50
17  31
21  12
8  28
34  36
24  5
41  46
32  32
44  41
32  24
19  41
16  37
36  25
9  25
7  19
23  10
9  18
9  41
39  49
18  5
5  49
34  22
50  48
43  14
6  21
17  33
50  21
46  31
48  44
46  40
9  29
51  51
19  34
42  46
51  32
48  15
30  35
43  35
23  12
20  13
42  23
24  49
49  23
12  28
37  29
8  15
9  36
30  5
11  28
49  15
10  10
31  33
32  43
15  29
16  23
32  36
41  8
8  48
47  32
25  38
14  11
17  44
8  13
22  27
46  38
39  7
16  21
16  12
32  49
23  21
51  9
46  18
50  20
49  51
28  6
12  51
12  7
18  36
48  43
45  25
44  47
29  47
23  26
48  18
26  51
9  35
10  15
11  12
25  20
47  32
13  12
18  18
10  16
23  45
7  23
35  33
30  11
15  51
38  37
7  38
29  33
43  15
11  8
30  20
13  7
21  11
50  38
42  51
39  44
35  17
22  20
25  43
45  26
13  50
22  23
6  44
47  11
40  40
40  45
40  18
47  5
17  37
32  49
24  15
36  36
37  14
5  44
24  18
9  12
28  47
17  46
20  7
12  24
13  18
12  37
34  26
38  48
39  40
27  51
30  41
38  49
42  34
8  14
32  26
38  13
19  18
6  9
13  12
23  12
46  24
26  25
33  5
45  13
8  28
6  31
40  49
42  47
9  49
34  16
14  26
15  39
44  44
11  36
31  19
6  45
22  34
10  50
37  44
24  43
30  34
28  44
12  11
45  21
49  51
9  36
12  43
7  50
47  29
23  30
44  47
50  13
16  44
9  39
24  45
23  18
26  19
35  7
6  15
42  13
44  47
48  12
16  20
38  33
6  37
42  27
34  30
24  13
49  26
26  17
15  49
45  29
18  36
17  9
25  44
11  38
5  31
14  9
5  5
23  44
47  50
51  19
40  22
6  33
6  12
39  34
36  24
27  48
28  29
21  21
50  33
33  19
24  17
25  35
22  14
39  13
20  14
5  10
44  35
45  21
23  41
6  16
24  47
5  46
28  39
46  35
7  49
50  49
32  49
9  42
51  32
46  27
41  33
44  18
36  25
19  43
41  22
13  22
43  11
9  41
28  19
27  11
23  37
23  8
30  27
13  16
8  50
13  50
6  16
40  12
13  30
9  14
27  39
17  7
30  22
15  5
27  17
46  50
18  11
26  35
17  37
37  18
9  25
35  21
9  9
35  30
39  39
17  48
14  16
38  19
18  48
40  29
40  36
20  46
28  26
16  21
20  18
20  16
17  28
6  47
50  14
48  35
49  50
30  7
21  19
14  47
21  38
51  51
36  39
10  46
27  32
34  22
43  25
30  6
38  26
30  12
29  9
32  24
26  17
28  29
21  6
20  37
12  49
42  46
51  51
11  28
12  29
5  28
17  7
41  32
16  10
15  21
8  19
45  7
50  37
34  14
51  8
28  14
31  37
13  33
30  42
15  51
41  44
9  40
9  5
28  25
6  13
12  9
36  20
7  31
17  9
14  12
47  17
32  42
36  10
27  21
37  22
7  22
11  47
20  11
31  41
35  11
42  16
15  5
27  22
8  31
48  18
27  34
43  7
11  13
18  48
40  26
35  39
49  8
23  17
5  13
51  28
5  11
44  7
35  45
9  5
6  28
33  14
17  9
12  45
18  42
46  27
29  25
7  45
33  47
40  11
41  45
26  50
47  27
20  22
38  40
7  45
20  21
37  16
25  29
51  42
21  50
51  28
22  27
49  37
20  47
13  6
16  8
48  42
33  51
8  49
6  36
5  51
32  27
38  45
7  30
19  14
45  8
44  37
44  10
7  12
8  11
44  24
8  18
27  44
32  24
6  6
28  36
49  41
47  39
41  7
40  44
20  33
31  27
22  11
19  27
6  6
12  18
49  10
45  41
10  8
51  46
7  49
22  18
42  12
45  30
10  24
50  40
39  41
23  7
24  36
22  6
40  26
14  25
41  11
6  8
18  22
35  48
6  23
20  49
19  8
30  23
18  13
6  46
30  50
18  31
13  43
42  34
36  31
19  9
19  41
23  14
9  7
51  12
36  20
20  21
48  18
10  27
48  22
22  27
41  7
36  5
47  33
47  17
45  49
31  28
50  18
21  31
17  37
12  28
13  16
22  36
26  17
50  32
11  11
42  48
38  40
9  12
8  49
37  19
7  17
14  28
30  20
20  41
6  6
19  48
50  12
34  15
9  9
22  31
47  15
51  12
34  14
42  29
7  45
23  21
9  14
15  30
14  47
32  6
27  22
24  21
26  7
7  45
29  51
17  24
28  20
30  40
50  38
7  7
35  34
49  7
15  35
42  20
9  26
45  44
50  13
24  20
8  37
29  23
42  37
25  20
7  44
24  46
18  36
14  27
30  47
8  36
18  17
41  22
41  39
27  43
35  39
32  46
51  19
7  33
25  35
7  11
14  49
51  18
50  35
32  16
41  11
13  29
36  49
40  24
23  34
48  45
24  15
35  42
27  39
18  25
7  44
25  34
46  19
16  49
46  43
29  45
42  28
16  10
42  38
50  15
35  12
35  34
51  19
23  13
42  17
40  41
6  45
16  49
44  39
9  41
40  6
34  39
33  39
30  9
48  26
12  20
14  10
12  26
36  27
20  28
12  47
29  18
49  10
41  43
47  46
8  49
9  16
6  20
20  36
24  10
30  35
41  49
24  13
44  38
45  23
40  14
26  49
26  33
26  7
42  7
47  24
5  19
5  30
47  7
43  17
9  41
21  13
27  16
39  49
13  51
30  35
47  22
49  24
5  18
34  35
7  48
12  28
42  24
32  9
37  51
36  17
40  31
36  16
14  16
24  38
11  7
28  5
11  31
50  18
24  32
12  19
40  24
34  29
30  42
42  17
16  13
38  47
26  49
27  26
28  47
40  9
38  17
39  40
7  44
21  50
31  48
17  6
23  11
35  37
37  20
33  50
32  21
9  17
40  31
29  35
48  42
28  33
7  11
47  17
14  34
38  25
5  43
13  32
24  22
36  42
15  47
6  9
49  45
11  29
44  18
44  6
51  16
23  39
14  28
13  8
28  16
32  7
6  38
15  22
47  14
28  11
30  14
47  29
51  44
49  50
40  48
47  25
11  25
48  27
11  38
24  7
23  14
6  12
23  16
42  22
32  30
12  50
8  21
16  28
39  28
33  17
8  18
32  26
41  23
9  23
20  37
28  32
29  39
50  22
47  42
31  5
50  17
42  17
24  43
13  9
32  34
45  29
39  30
13  45
28  10
23  7
28  28
27  41
43  8
17  42
39  40
12  50
44  50
48  15
5  6
27  33
21  26
36  50
23  40
40  49
26  42
22  36
10  50
21  22
30  33
47  51
8  36
10  6
42  16
38  40
21  19
28  8
30  33
37  46
45  34
10  39
28  25
37  25
34  50
46  15
46  8
18  15
40  16
30  15
51  41
29  27
9  40
27  37
50  16
11  31
46  32
29  34
15  39
33  12
34  27
25  42
33  33
9  51
10  9
36  38
18  32
14  26
6  28
41  50
13  30
50  32
20  8
39  9
47  7
15  14
26  15
10  44
14  25
25  30
42  47
23  33
48  41
17  17
40  49
16  13
23  32
39  28
42  12
32  29
27  36
19  51
26  49
49  10
46  39
49  45
33  49
45  18
27  21
42  47
6  18
16  9
19  20
17  12
15  5
20  5
49  11
27  51
20  39
50  24
11  15
6  29
42  29
42  34
29  51
31  18
22  27
50  33
23  46
8  32
48  21
34  31
21  46
27  7
49  9
7  12
6  29
18  35
34  18
30  43
49  22
34  11
39  35
12  37
13  7
25  19
5  18
40  5
30  48
29  21
17  14
16  15
12  32
13  21
18  40
22  22
27  23
25  41
8  7
33  47
50  32
34  42
7  17
44  50
17  14
42  34
5  35
42  5
36  36
16  49
32  26
19  27
19  40
20  26
23  45
10  12
46  34
36  38
38  33
22  42
35  20
8  17
14  42
11  49
9  13
45  20
18  24
7  19
34  26
47  19
34  13
19  29
6  7
32  32
11  40
9  15
42  36
40  28
11  19
47  48
48  43
12  31
33  35
10  24
19  27
14  33
23  23
16  10
28  30
13  49
46  31
44  49
25  15
49  10
9  26
49  34
32  44
35  9
40  35
37  9
20  33
30  28
18  21
25  8
5  44
23  5
28  8
11  44
44  44
20  30
31  38
35  49
16  38
8  16
18  14
45  19
25  22
40  24
22  35
18  18
37  39
38  24
13  20
33  28
29  30
51  7
51  49
17  28
26  40
12  12
50  25
17  30
15  7
9  21
9  21
40  12
36  50
26  43
14  17
9  23
43  11
28  12
11  7
38  18
8  48
31  17
13  6
48  26
26  36
10  50
36  35
28  43
22  34
21  9
36  43
17  24
17  33
15  41
50  7
29  42
6  34
43  48
32  12
29  10
35  16
46  20
29  40
16  29
33  45
46  36
45  30
36  6
35  19
34  40
40  20
13  7
21  14
39  51
24  5
48  24
7  13
45  12
38  30
39  42
44  36
18  5
46  47
37  26
8  51
15  28
48  6
44  5
5  13
41  31
34  14
28  43
12  44
7  15
40  37
30  19
32  6
33  25
51  30
42  31
41  35
18  15
22  28
28  6
34  15
50  6
40  47
37  37
12  18
38  5
43  51
43  18
8  11
39  19
10  22
10  9
19  48
39  24
51  33
23  7
36  9
27  42
13  38
15  43
28  44
11  15
50  21
16  9
6  49
45  24
23  9
24  40
49  49
48  5
5  30
11  45
32  51
34  34
24  24
26  39
21  28
42  41
5  37
20  26
12  13
18  30
40  28
16  23
14  51
9  42
12  7
30  19
5  13
41  22
16  39
50  49
42  17
25  14
18  5
7  30
49  41
14  51
37  42
26  19
27  39
6  6
41  17
13  25
20  8
36  5
11  34
18  29
41  44
15  39
13  44
51  22
12  16
29  47
16  11
16  43
34  30
7  13
43  13
15  48
13  14
48  31
8  35
47  44
23  40
44  24
20  50
31  51
16  37
31  32
23  11
19  32
8  9
9  21
37  26
42  51
18  28
20  31
40  35
31  29
38  44
19  20
50  32
20  48
28  24
36  46
25  10
44  24
44  46
48  10
41  24
9  19
12  36
45  22
12  48
39  51
25  23
34  7
10  35
26  26
8  34
43  31
28  13
9  28
10  30
28  27
46  51
13  6
28  40
5  32
28  8
35  5
10  50
49  15
8  46
8  41
9  11
31  12
5  44
21  9
10  32
44  22
11  25
40  14
18  6
49  7
29  9
14  29
48  27
20  19
9  15
50  12
45  16
6  45
37  43
9  16
34  39
17  13
12  26
19  17
14  43
48  45
49  26
39  16
46  40
18  47
6  30
49  43
47  22
41  21
9  38
49  11
47  42
11  11
39  45
23  25
51  48
45  5
43  31
21  37
20  11
7  44
39  24
27  12
46  51
14  51
16  5
30  18
17  41
8  30
16  44
12  14
37  51
44  26
49  47
12  22
25  43
28  22
9  34
42  18
15  47
20  13
24  37
33  33
24  6
34  13
43  19
15  25
34  13
10  29
9  39
17  5
22  34
31  9
15  28
28  27
10  39
36  27
5  14
22  8
8  29
27  21
34  16
9  41
35  22
48  6
30  23
33  5
22  23
30  28
47  13
25  24
6  48
16  34
49  9
22  14
29  18
37  49
12  28
41  45
42  51
20  6
15  16
31  49
9  20
26  36
32  40
41  45
36  34
37  39
16  29
6  30
26  8
37  15
29  20
42  40
28  16
28  24
15  36
42  18
41  22
24  9
47  9
24  19
43  30
24  20
27  15
33  50
15  40
47  27
12  8
51  28
51  29
7  15
46  31
20  5
39  22
6  5
23  21
19  5
37  20
27  42
51  24
47  39
47  5
5  14
43  26
34  47
43  41
20  35
29  45
5  45
18  44
18  5
5  24
51  29
12  21
26  39
30  35
8  19
36  46
41  5
26  12
7  8
50  31
13  36
11  37
17  49
21  34
15  29
6  27
40  28
27  33
45  10
49  12
14  21
47  22
48  13
25  50
17  48
43  24
23  49
27  50
7  20
34  25
26  14
28  8
23  48
42  40
21  47
22  28
32  34
19  8
49  21
32  30
23  43
21  25
47  51
32  43
44  13
14  39
49  19
20  10
28  22
17  25
40  46
19  42
6  34
43  38
13  25
19  11
48  19
35  18
9  26
8  35
16  17
42  29
45  34
42  50
11  8
39  50
24  40
44  49
50  10
32  45
7  50
18  23
51  47
44  38
11  21
36  18
29  51
51  38
39  18
22  28
46  43
37  39
40  20
35  46
15  15
39  47
37  7
5  45
49  20
28  32
26  25
37  5
19  26
36  13
21  42
33  43
23  10
12  13
17  10
47  21
32  18
16  20
14  10
24  49
9  34
16  50
44  16
17  47
13  11
31  36
12  43
35  32
40  20
16  26
33  42
34  35
5  34
30  7
7  24
20  17
20  21
37  46
43  10
37  16
41  12
41  21
14  15
40  10
40  47
42  22
28  13
31  14
33  35
20  5
22  51
35  9
43  30
10  31
6  36
14  22
26  33
31  14
51  40
50  40
26  38
34  26
5  10
49  36
24  41
32  41
35  36
42  35
33  15
36  35
35  17
14  38
30  5
42  28
30  26
24  37
42  11
20  42
34  13
51  37
5  50
28  41
19  50
37  17
45  23
36  27
9  49
13  50
31  32
46  8
50  46
31  12
10  20
14  33
8  18
5  49
43  18
43  46
23  50
51  42
30  15
51  8
24  48
44  20
44  50
6  32
48  14
25  5
21  23
33  5
24  35
32  48
20  14
9  21
7  45
23  16
29  33
38  50
44  20
16  23
43  14
30  49
37  22
31  45
12  30
49  38
11  25
47  33
31  11
48  17
11  25
33  40
27  21
8  12
18  25
5  7
17  28
44  26
20  22
40  13
48  15
42  19
7  34
43  12
9  9
8  16
18  48
16  16
29  5
47  20
36  22
6  44
46  25
27  11
40  8
38  6
48  45
49  7
31  39
9  22
28  20
45  16
46  29
48  18
37  19
36  37
30  29
18  21
29  10
26  34
48  34
12  26
48  33
44  33
14  34
33  7
5  39
29  42
11  19
18  19
51  32
21  38
35  26
6  43
31  36
25  43
27  18
38  10
47  8
10  43
20  35
31  19
20  8
41  49
18  20
32  51
24  35
29  37
50  29
7  44
27  45
10  19
43  26
20  25
45  36
6  39
45  20
31  39
8  9
51  45
43  46
7  45
22  36
29  17
38  11
36  49
10  40
28  23
7  25
44  6
40  19
10  22
30  25
8  5
32  29
34  44
7  8
47  50
23  44
6  24
18  11
39  46
8  40
18  31
50  25
47  10
9  12
46  21
21  38
28  12
11  18
27  9
50  42
33  5
25  34
37  25
46  42
11  45
11  43
21  19
50  40
49  38
41  11
19  27
27  46
42  20
24  46
21  5
13  5
22  34
44  10
7  18
44  34
20  28
47  44
48  38
42  34
45  7
21  23
34  8
49  15
20  27
40  29
28  40
21  40
38  18
47  15
47  9
5  33
23  38
21  22
33  35
9  6
28  28
24  18
14  51
15  24
13  8
17  41
43  8
7  25
22  11
42  8
19  34
38  23
29  15
33  35
46  12
39  16
29  34
24  10
40  25
11  46
35  17
46  38
42  40
39  48
18  45
28  8
51  45
48  29
49  38
41  24
49  43
31  42
19  26
40  43
6  27
49  23
43  5
49  29
46  15
46  24
23  40
43  25
16  42
10  16
30  10
6  34
32  29
15  32
42  9
23  12
5  47
27  51
16  23
8  40
34  31
38  8
10  10
10  38
13  50
22  19
34  16
51  22
37  11
48  6
37  51
49  20
24  6
11  43
47  11
47  33
9  9
41  33
42  17
47  21
39  39
10  47
34  30
26  41
39  29
49  22
21  13
32  39
50  15
19  18
32  32
23  26
13  39
24  51
8  36
39  27
19  41
35  23
27  50
41  40
10  39
44  35
24  12
15  16
33  50
51  15
14  36
27  36
23  49
14  45
28  14
42  40
43  25
50  15
17  9
51  11
10  38
16  35
48  27
23  46
25  32
46  42
16  36
39  22
48  27
16  32
31  25
39  28
20  27
34  34
50  20
22  44
28  25
23  38
35  8
17  23
24  46
24  19
14  51
16  35
45  38
25  33
49  47
12  27
34  49
21  49
45  7
49  14
14  14
7  38
43  32
43  21
49  24
44  32
49  17
31  16
27  28
35  22
41  12
44  51
19  26
43  20
39  36
25  25
50  24
19  37
12  12
49  11
44  7
10  51
39  49
9  14
10  25
21  48
14  51
25  39
16  33
20  14
20  28
32  32
42  38
12  19
41  16
44  19
28  28
36  9
14  33
17  26
41  8
25  11
26  16
40  24
22  17
22  35
15  29
16  6
11  34
20  25
16  12
22  25
48  50
20  17
23  13
12  42
9  33
14  27
20  43
27  20
34  37
43  28
37  27
15  24
15  30
31  24
24  16
48  26
11  41
37  23
38  42
35  37
6  29
6  34
9  47
13  26
15  34
44  34
21  10
33  28
44  30
20  18
21  21
10  17
28  18
8  31
51  49
47  47
8  23
15  37
36  51
17  47
16  17
51  26
28  16
13  12
51  7
10  24
10  26
27  9
17  31
10  39
33  36
49  37
44  31
28  11
26  45
49  25
32  44
50  51
50  32
30  28
38  47
48  19
23  30
31  30
30  46
6  35
23  34
48  37
31  28
47  18
12  18
18  24
20  37
40  23
13  24
29  46
37  20
21  36
39  21
31  19
8  45
20  14
19  45
6  18
37  51
35  20
38  49
7  50
44  47
12  38
26  29
31  45
6  46
12  7
8  38
34  46
7  7
36  12
29  47
20  42
32  27
51  41
25  47
8  33
39  10
28  16
50  11
17  24
23  26
48  5
33  10
35  25
5  24
7  10
29  46
49  39
43  47
17  51
10  43
33  33
37  31
29  35
14  29
22  27
49  17
42  12
9  28
46  44
46  36
13  13
25  18
38  13
13  17
29  35
35  21
18  39
13  31
21  36
45  34
26  31
29  10
39  30
6  43
24  12
49  40
48  12
43  26
14  28
41  43
10  24
6  29
18  7
33  48
22  24
36  23
10  19
34  29
32  14
49  10
14  50
46  49
34  35
33  28
14  6
25  44
46  5
26  41
26  23
23  26
27  5
44  31
34  12
48  30
18  18
32  21
27  5
31  28
14  16
10  30
31  38
28  36
40  23
15  38
39  24
36  29
48  45
34  19
18  9
50  20
26  7
46  22
42  13
34  22
48  15
48  46
9  47
6  18
21  38
45  8
7  42
28  7
32  44
12  13
8  9
12  51
5  31
19  45
51  40
9  39
43  31
48  16
43  43
43  50
44  5
7  27
22  22
25  51
28  41
37  16
8  9
16  17
5  38
20  8
47  27
20  44
51  49
31  44
50  13
5  50
10  20
12  35
14  9
40  5
19  44
48  21
16  38
27  27
50  34
45  51
26  8
16  49
37  43
13  33
43  21
41  37
49  34
44  36
8  45
36  46
50  37
19  45
44  29
14  22
48  22
10  14
30  41
24  43
25  11
11  15
18  48
42  48
25  26
20  48
51  19
15  44
23  23
35  27
22  11
17  35
21  34
18  33
31  15
11  47
8  20
45  19
37  25
17  25
38  45
32  27
6  49
26  31
19  17
23  26
18  23
37  43
14  40
28  28
30  35
12  41
41  50
15  24
20  51
42  36
40  37
33  10
14  14
23  15
9  35
19  31
12  12
36  40
17  49
31  45
18  32
35  46
9  14
36  12
39  16
23  11
30  14
16  21
13  22
14  48
11  26
9  5
44  15
14  37
14  46
51  36
27  5
11  40
31  14
47  39
42  8
40  45
18  39
33  34
31  29
23  28
31  25
9  50
40  28
30  23
50  31
23  29
12  22
37  7
41  8
29  27
49  23
19  39
8  22
48  49
13  13
8  44
50  6
17  47
26  45
51  43
37  24
10  30
10  6
27  41
29  42
11  49
14  30
36  47
42  6
26  17
27  47
39  13
6  40
20  30
26  29
28  31
49  35
29  48
46  26
23  14
42  15
45  40
34  36
29  14
39  30
44  21
39  25
17  35
36  26
50  34
40  30
37  36
40  45
33  30
51  27
5  37
37  34
45  50
15  34
29  5
28  8
35  36
6  25
47  46
45  45
22  17
6  28
40  20
30  19
29  24
43  18
12  44
18  35
11  13
9  36
13  9
47  22
30  19
22  43
23  30
6  51
12  21
41  49
28  28
47  49
18  12
11  39
37  45
39  25
41  22
26  18
14  33
29  34
36  14
15  39
25  32
49  34
13  32
19  37
35  24
14  50
34  25
9  37
32  50
37  42
22  32
14  31
25  31
5  9
21  39
19  29
17  33
43  30
31  49
42  39
38  13
16  8
29  40
26  19
46  20
19  12
32  49
49  39
36  35
46  37
39  7
45  48
12  29
44  19
27  33
13  50
37  18
18  32
34  28
30  28
22  16
32  17
35  46
47  34
50  32
37  38
48  15
17  44
42  32
6  11
39  32
46  24
23  47
44  32
30  49
25  26
15  28
15  20
21  32
37  38
36  29
45  47
30  33
39  39
26  45
23  35
31  25
18  17
23  33
50  43
38  37
35  29
50  6
51  27
25  46
32  13
45  31
47  27
47  23
33  39
11  11
42  32
24  42
21  51
15  32
19  39
11  31
35  35
12  41
36  29
5  48
26  42
5  24
43  30
23  49
7  43
25  17
51  36
9  22
50  28
5  35
40  36
39  41
12  32
15  35
11  19
13  23
13  36
16  21
30  36
29  14
50  20
9  12
14  35
25  51
31  24
15  9
21  22
11  44
11  31
33  38
48  24
19  26
50  23
49  22
33  23
32  37
37  36
10  37
17  35
25  35
29  29
43  11
17  48
39  34
34  20
5  10
27  19
39  31
39  37
38  39
37  24
46  48
34  25
27  34
7  21
36  6
39  45
33  15
8  22
18  48
22  43
43  41
24  21
6  16
47  42
48  37
9  38
47  47
8  39
19  41
48  11
48  43
20  36
28  35
45  14
50  38
20  36
27  49
11  30
34  18
32  30
10  49
42  47
30  7
51  45
39  44
31  42
40  29
37  26
36  36
19  30
24  26
11  20
39  6
50  44
7  7
51  46
49  14
38  15
26  21
43  26
44  35
44  26
49  20
31  12
23  43
24  47
13  45
50  42
44  50
34  13
43  44
28  10
38  47
41  47
38  49
24  16
26  19
22  5
45  42
48  12
36  14
46  32
49  23
21  25
14  22
8  24
32  28
25  24
48  8
44  35
24  30
45  10
18  14
33  20
10  29
8  11
48  25
50  19
27  21
21  50
40  29
44  36
21  19
24  11
36  35
31  20
14  24
42  28
27  6
44  12
24  37
16  42
21  45
45  10
10  19
30  48
34  25
40  44
13  25
9  22
6  31
30  40
13  16
42  43
11  9
47  41
13  8
35  22
48  46
33  31
43  30
30  5
46  28
10  18
40  18
5  7
36  22
9  34
29  32
8  16
8  27
30  36
37  5
34  5
37  39
26  27
40  32
10  12
15  6
22  6
22  10
21  46
42  48
51  47
13  12
44  30
47  29
24  27
39  40
46  34
24  20
18  9
39  27
24  15
21  49
41  16
41  8
49  15
18  27
39  33
11  5
28  24
28  5
49  17
31  45
36  21
7  19
19  41
18  12
42  38
15  18
42  48
9  38
39  12
34  27
30  10
21  22
39  35
5  35
36  10
8  27
46  24
14  49
5  35
15  36
20  32
36  51
11  34
33  42
36  18
8  36
20  22
32  8
27  7
35  34
26  42
49  27
16  7
49  43
36  20
43  49
37  51
23  26
47  12
40  46
19  21
23  48
27  35
42  28
20  14
29  26
39  21
48  37
21  13
44  49
9  46
27  49
24  32
10  22
46  12
21  18
49  33
15  16
8  28
49  22
51  35
38  36
24  48
11  14
8  12
12  22
45  37
43  24
34  26
44  29
39  40
10  25
27  49
36  20
22  44
22  46
31  6
32  20
20  34
39  33
45  26
28  10
6  31
31  50
31  33
30  9
15  13
35  38
17  49
46  50
20  27
27  49
50  18
41  22
15  29
50  21
45  31
26  17
28  23
43  9
9  8
32  38
19  23
16  47
30  16
24  19
9  27
47  37
42  13
21  35
43  30
15  28
47  17
5  39
46  45
34  18
44  22
44  20
18  50
23  32
47  35
37  49
46  21
26  48
41  41
19  23
12  49
7  25
46  33
34  33
22  43
33  14
41  23
11  14
36  46
23  17
15  43
39  7
29  47
49  32
6  38
22  16
7  44
9  46
24  39
34  16
39  18
9  41
50  13
14  8
46  21
7  29
25  47
43  38
12  7
45  36
34  30
11  15
12  22
22  7
33  25
16  18
38  13
35  25
15  6
9  31
21  21
47  36
28  30
20  45
27  41
38  14
47  9
25  50
38  19
24  29
36  12
32  10
45  21
20  5
20  36
42  24
50  47
12  17
26  31
25  37
42  19
15  49
51  38
31  32
29  44
18  24
23  35
49  10
48  29
39  19
30  23
47  19
22  23
12  11
13  42
50  38
36  47
17  23
5  23
43  45
35  36
27  31
24  29
44  35
15  24
43  22
30  35
29  27
35  36
15  41
6  48
13  30
34  20
13  6
38  5
24  9
36  26
6  5
24  41
6  26
7  33
25  38
17  20
41  23
6  47
28  12
10  24
49  46
51  50
51  35
45  50
7  15
16  43
34  49
6  45
10  37
18  47
47  35
16  7
50  42
16  22
28  32
24  7
17  15
8  38
36  11
44  13
8  41
26  18
19  9
32  12
10  50
24  32
31  31
14  31
9  47
48  43
37  25
23  49
22  18
15  7
50  19
32  39
35  47
40  51
16  7
17  15
44  34
35  41
21  16
13  33
21  11
43  6
20  7
41  29
38  40
30  43
39  15
8  46
45  18
21  39
11  29
13  9
23  25
32  43
36  32
47  34
21  24
47  23
34  41
35  30
32  51
18  7
15  50
22  35
46  39
34  25
5  17
31  6
27  35
47  39
7  6
26  26
46  24
15  38
50  15
20  5
24  6
48  26
30  17
47  24
23  48
36  27
42  28
47  47
18  29
43  19
37  10
37  34
8  51
11  39
46  25
22  12
36  15
38  47
29  20
32  51
25  9
15  33
46  24
10  30
49  7
27  51
34  22
5  28
18  51
9  12
17  45
34  29
48  11
49  44
19  44
8  29
23  30
20  23
51  21
32  28
29  16
29  8
29  45
13  6
42  44
13  44
23  23
44  41
49  40
36  43
8  43
7  23
43  37
32  45
25  48
7  43
45  15
29  37
26  51
24  17
33  14
25  49
18  9
23  33
34  49
45  18
33  18
32  51
15  34
45  9
24  35
19  46
35  10
17  10
22  20
28  31
51  44
46  33
9  45
6  23
13  33
14  29
22  6
47  13
49  36
47  46
5  38
23  28
49  41
18  36
35  48
32  45
43  29
31  25
48  27
43  32
43  26
23  14
17  34
14  46
50  6
6  18
34  21
49  23
8  39
41  21
25  49
11  15
38  41
8  49
21  32
10  16
21  36
16  29
25  41
14  28
20  15
24  9
30  13
42  50
15  23
33  41
31  33
20  13
28  10
21  20
26  10
35  32
41  37
40  37
44  38
15  24
28  44
30  25
50  33
48  23
18  38
49  13
27  10
48  21
46  50
11  9
41  39
6  9
48  43
41  32
27  10
7  47
33  47
35  18
9  25
14  17
27  10
16  7
47  11
10  30
45  44
5  39
10  34
30  42
44  27
51  38
17  28
6  44
51  21
8  7
27  17
50  43
10  15
48  41
25  36
37  5
7  21
17  8
39  23
21  8
18  34
48  21
48  12
21  22
14  47
12  28
45  7
34  30
30  8
19  25
40  32
21  44
20  24
40  6
41  27
48  23
10  25
15  35
44  10
41  32
32  19
5  18
10  16
25  28
7  47
36  11
12  42
33  47
6  38
14  39
51  40
47  43
49  24
18  40
20  15
11  40
42  9
10  7
35  29
43  6
9  46
17  40
8  20
8  42
21  20
7  41
25  42
40  26
31  40
43  20
29  8
26  8
29  51
21  46
25  29
40  37
44  38
27  50
30  32
26  33
34  20
36  21
32  6
19  45
36  38
6  37
5  25
14  13
17  37
32  22
42  27
30  5
40  40
36  13
45  12
38  46
8  36
20  12
47  33
18  47
45  37
27  50
50  38
27  28
13  40
39  25
49  17
40  45
38  48
51  32
34  34
11  12
8  46
17  44
35  18
21  34
46  39
49  14
15  51
6  15
16  42
39  19
5  16
23  31
43  22
49  43
34  16
15  48
23  33
35  32
32  8
32  20
49  47
24  18
20  14
40  17
10  17
33  37
39  29
48  27
22  45
48  18
41  18
41  38
11  47
46  38
48  8
26  39
33  37
47  34
9  11
26  11
50  39
13  36
20  37
49  26
8  13
12  47
47  18
18  50
8  30
42  20
43  8
37  28
5  18
36  47
21  25
49  32
34  8
15  34
31  43
8  22
24  26
21  37
21  24
9  10
29  51
47  44
28  33
33  51
18  7
30  8
12  48
7  17
19  20
15  21
15  34
43  48
12  9
26  46
8  10
20  19
15  6
22  9
20  18
38  37
45  13
41  22
39  34
7  11
31  9
5  31
9  51
43  31
19  43
25  7
36  6
16  22
35  39
12  15
39  28
45  40
33  46
26  38
43  21
40  27
28  11
33  25
26  47
29  48
49  26
17  40
6  9
20  15
47  51
29  12
27  22
30  17
30  24
25  32
26  49
22  7
38  28
50  47
15  40
9  38
20  50
51  14
21  23
14  36
37  13
21  6
20  26
33  28
8  7
31  26
51  23
35  11
31  8
30  32
48  47
26  40
49  24
29  48
14  40
6  27
20  31
45  12
18  44
37  26
9  45
40  46
21  44
42  31
9  8
37  29
9  32
6  30
40  7
17  31
24  13
51  13
21  8
37  40
11  38
20  7
19  25
7  11
23  42
26  46
9  23
16  20
31  25
27  6
18  21
50  11
40  17
26  30
38  48
49  43
12  24
17  27
29  14
22  18
11  10
31  8
38  7
40  5
20  26
14  9
12  46
27  39
37  29
47  19
51  29
24  33
5  30
20  34
10  38
21  16
11  16
19  9
40  10
29  7
43  23
16  11
23  42
8  42
28  32
15  23
27  19
40  33
45  40
28  30
23  19
11  28
13  22
34  40
45  21
43  45
12  28
34  28
6  10
39  29
42  31
41  32
30  42
49  9
48  42
44  43
28  11
45  29
29  21
19  34
13  9
11  19
32  34
49  15
15  22
7  17
47  11
15  32
43  40
22  18
40  13
27  16
16  51
24  12
26  10
36  11
6  46
24  41
6  34
24  30
40  17
23  8
30  28
21  45
21  7
20  43
39  31
34  44
48  33
29  27
50  25
7  45
51  20
47  19
21  39
35  10
50  23
41  28
18  24
26  44
33  17
17  47
5  17
18  18
38  34
13  21
33  6
18  30
22  37
26  50
41  14
46  40
33  26
24  6
7  15
44  10
51  38
16  51
14  33
11  47
30  46
48  24
28  19
6  31
39  26
24  24
28  15
41  28
14  21
45  7
51  29
40  14
18  22
9  41
25  13
39  25
32  35
14  37
23  11
7  51
9  50
17  19
43  19
20  27
13  32
24  16
47  5
32  37
44  33
13  6
10  7
13  39
17  23
20  14
41  51
38  16
24  19
31  48
13  28
5  23
10  47
35  31
19  41
23  28
8  32
34  21
16  17
28  44
34  19
12  19
41  47
43  5
8  35
18  26
35  9
7  32
17  23
12  12
24  37
40  12
47  41
26  43
22  9
16  6
20  28
21  23
19  9
5  35
28  41
46  18
17  31
16  35
22  28
43  30
44  6
42  8
18  7
34  23
20  6
47  21
31  49
41  41
32  7
27  40
15  23
38  6
33  30
51  21
15  42
20  22
49  48
25  50
33  30
12  42
41  30
24  37
18  27
47  17
48  25
25  51
14  5
9  6
22  24
9  34
11  18
27  5
9  23
26  17
11  27
51  21
35  25
25  14
8  25
34  23
21  6
27  24
49  31
47  20
6  38
41  27
51  22
47  50
12  38
43  38
19  11
28  48
40  31
36  41
36  9
12  20
38  46
41  48
18  13
7  40
15  50
26  35
9  23
25  44
23  26
15  51
15  28
15  11
13  40
14  32
51  16
18  27
25  25
10  21
37  38
9  18
19  47
11  27
14  34
40  16
26  45
17  19
44  27
5  27
17  10
34  32
35  42
41  14
48  50
48  13
46  19
21  21
36  36
9  32
47  16
36  22
22  25
11  35
29  23
18  44
46  48
18  16
10  9
38  45
46  34
22  41
36  6
39  9
27  47
6  14
49  31
41  33
32  46
40  18
14  40
24  14
15  30
35  46
49  47
10  30
37  38
27  20
17  30
28  28
18  38
35  18
24  45
32  36
12  19
48  27
5  32
30  20
36  24
41  19
25  46
49  8
33  37
11  5
48  20
48  20
38  29
31  21
30  29
46  23
19  41
49  48
6  5
24  39
36  30
39  26
37  23
29  14
24  34
15  19
16  32
22  7
39  47
40  40
11  40
18  6
27  16
48  49
35  23
9  38
18  14
24  51
18  38
17  41
12  32
46  35
21  49
19  19
42  32
50  9
16  47
27  20
22  44
20  47
35  44
47  42
51  26
24  20
10  5
29  31
9  23
5  18
51  19
8  15
30  42
50  45
38  36
49  45
50  28
5  28
51  35
30  26
51  25
6  39
37  24
25  10
22  49
15  44
17  43
6  23
25  23
32  32
5  35
31  21
12  33
6  43
47  20
37  37
9  42
10  17
46  30
41  41
34  27
46  20
25  51
22  33
12  43
38  26
6  24
37  17
37  13
23  42
23  47
5  31
36  10
34  46
48  44
8  11
49  32
44  8
36  17
25  15
33  8
15  28
50  23
42  21
27  18
43  32
18  8
30  17
17  18
11  22
15  19
26  12
18  49
25  17
30  37
34  22
48  26
31  51
14  10
25  30
9  36
7  27
50  31
41  6
16  16
6  7
19  31
33  19
32  40
43  14
22  5
32  9
16  11
41  12
16  31
47  19
26  18
30  45
15  49
16  26
27  28
26  27
27  41
34  12
35  9
48  47
25  7
8  31
29  45
47  48
19  50
27  46
29  31
46  16
49  37
50  34
24  36
30  14
26  17
49  20
47  46
26  37
29  44
15  18
12  13
31  35
25  18
37  35
7  33
26  22
17  9
33  44
31  37
34  49
9  14
46  6
25  6
46  21
42  21
23  11
8  5
8  36
15  13
39  7
5  27
18  9
48  31
39  17
38  50
45  25
13  48
22  38
7  11
46  22
7  23
35  40
12  23
22  9
48  5
23  18
41  32
23  36
15  20
46  44
49  15
12  39
6  27
19  8
14  10
8  40
28  11
6  24
37  25
23  46
51  13
18  36
15  30
31  50
21  28
22  26
12  5
12  21
41  12
50  45
26  9
32  30
42  44
33  23
22  8
29  6
49  46
25  45
32  16
15  33
40  42
38  5
43  27
22  12
36  43
25  27
11  24
15  48
19  6
27  18
41  13
51  18
50  21
22  20
48  9
51  16
45  39
11  41
32  35
51  29
11  7
47  41
23  39
22  16
37  20
34  38
38  30
15  8
14  21
31  20
42  30
6  32
22  31
29  28
40  11
43  38
31  32
8  46
24  16
35  42
38  27
40  19
5  18
8  38
29  7
25  8
33  21
40  12
22  20
25  26
43  25
46  28
20  17
26  23
37  14
40  22
35  15
12  14
38  8
48  26
27  49
46  48
12  51
8  36
34  16
5  17
48  47
40  36
43  28
23  11
11  39
44  27
44  8
17  12
13  28
30  29
41  18
34  35
19  12
26  23
18  51
35  16
10  13
17  27
13  9
35  34
27  40
16  19
48  17
28  16
11  24
30  11
31  38
39  30
9  11
32  27
23  18
10  33
38  48
5  34
13  31
28  19
24  36
16  38
5  30
12  37
5  41
6  19
45  27
48  27
42  46
39  41
16  49
44  50
48  28
41  28
29  13
31  29
27  22
8  8
8  45
8  20
13  44
13  45
10  27
49  29
49  11
27  5
33  27
47  34
24  13
29  35
31  35
40  44
18  24
43  32
21  33
43  49
16  38
51  16
32  32
26  17
17  43
5  24
43  31
42  33
48  8
19  23
48  45
13  34
46  10
44  10
18  9
26  45
8  32
22  49
22  31
12  9
31  5
13  33
29  21
24  29
38  46
8  44
36  10
12  18
27  27
51  12
13  22
46  51
14  30
26  7
27  47
39  44
34  7
47  51
37  50
21  51
42  37
45  5
15  12
50  15
15  15
39  22
5  48
47  28
50  38
27  49
27  32
31  31
9  31
35  17
34  17
28  16
25  36
27  46
41  39
51  47
33  40
42  22
16  5
42  19
15  45
16  13
45  29
27  26
25  47
44  15
39  39
50  12
13  33
10  27
51  13
16  20
39  11
11  27
25  11
14  35
15  31
33  11
50  32
35  48
30  37
13  12
21  48
44  38
36  25
34  8
13  21
24  6
12  23
20  16
49  48
31  46
14  39
42  35
40  39
45  43
19  46
29  36
19  24
14  47
12  34
47  10
39  8
15  38
16  39
29  32
9  41
5  17
33  48
49  12
6  16
5  32
8  22
19  24
22  11
22  7
13  51
41  39
24  27
36  41
45  40
14  42
17  12
8  34
18  46
9  25
41  12
37  18
50  20
9  35
10  8
35  48
26  16
17  34
6  9
7  47
31  19
33  46
13  12
38  30
23  47
28  6
18  18
15  48
6  17
5  42
16  30
39  43
10  38
43  32
38  38
28  14
7  16
26  9
17  47
14  12
26  25
48  25
40  14
35  35
26  45
12  10
18  46
26  14
39  46
48  49
43  25
48  18
42  12
17  38
40  11
38  48
42  47
11  25
17  42
36  46
14  39
18  25
30  39
45  30
15  11
32  41
48  7
49  21
25  42
50  25
34  31
34  10
9  44
13  13
8  39
23  30
38  14
49  46
32  44
15  27
41  22
23  30
18  17
18  44
7  47
9  28
20  34
21  43
30  29
35  27
6  45
32  7
15  13
18  39
50  25
15  12
22  22
33  42
47  26
21  13
29  43
40  33
36  49
48  51
21  30
27  46
34  14
31  14
35  21
27  48
34  30
5  7
22  29
11  32
37  8
10  43
6  25
9  13
28  12
17  45
25  35
16  30
5  48
30  16
17  8
32  12
48  21
15  21
31  36
19  34
5  11
21  27
12  27
26  14
37  11
29  36
50  32
14  29
38  9
20  31
22  34
22  30
9  22
31  17
45  42
37  8
34  29
35  7
16  39
41  6
47  36
47  51
14  32
21  46
33  26
33  18
9  36
43  40
33  12
36  16
40  13
10  23
43  43
15  17
41  9
47  10
38  37
36  49
37  40
8  9
39  35
23  31
10  25
10  32
46  20
45  9
24  39
20  7
7  48
41  45
11  5
45  51
29  12
50  17
44  42
29  37
47  34
23  32
18  29
23  20
51  8
47  41
31  13
5  17
14  29
46  15
13  6
8  51
5  42
18  30
35  38
23  18
30  41
28  34
27  32
20  44
15  17
28  5
26  23
18  43
6  46
32  30
50  37
19  26
28  13
51  17
23  5
28  40
10  8
39  42
24  44
41  7
9  10
8  20
44  40
32  19
7  19
28  34
38  32
43  13
8  25
25  46
36  33
30  48
18  51
42  34
37  31
31  19
12  31
15  51
39  19
22  32
30  49
34  22
25  31
24  41
41  26
47  17
38  5
36  11
36  24
7  18
16  30
24  12
49  35
29  37
39  5
26  41
10  45
39  10
21  34
21  23
16  43
22  19
36  45
51  33
36  8
5  31
35  48
16  16
18  46
9  18
29  44
42  29
12  5
30  51
29  47
37  29
48  45
9  47
51  21
28  13
9  42
33  43
15  36
48  33
44  9
20  25
46  30
18  27
26  48
9  44
39  51
5  49
42  36
33  5
37  24
43  25
5  49
33  14
35  34
47  27
11  18
17  33
9  25
14  24
40  19
15  44
32  22
38  15
49  37
7  27
9  24
37  31
21  31
15  32
30  5
9  23
33  43
31  26
14  32
18  34
35  42
31  28
37  20
24  11
51  30
22  44
50  35
36  42
45  21
46  34
29  37
45  11
39  40
48  6
10  30
15  12
20  28
48  40
29  37
49  32
26  17
19  25
15  19
43  33
32  46
15  33
28  47
5  26
13  33
13  36
41  28
33  47
32  34
44  20
36  8
38  42
8  12
41  15
48  48
32  28
42  5
50  26
5  36
20  34
18  26
32  40
6  35
37  23
13  18
6  45
19  36
44  10
10  25
6  9
15  21
6  40
25  31
35  32
45  43
16  6
10  47
8  37
34  49
37  48
22  50
50  7
47  47
9  16
25  6
18  14
43  18
16  39
43  33
10  21
47  23
6  36
18  23
34  7
19  48
14  48
49  31
17  28
31  17
44  23
31  12
48  24
33  28
21  23
15  40
36  10
39  46
51  51
15  21
45  47
33  21
36  49
6  6
30  49
6  42
41  33
43  34
8  5
51  15
46  51
27  28
9  38
31  43
32  8
22  24
11  18
27  15
19  22
7  27
45  36
30  41
35  35
17  24
39  28
22  33
15  36
10  23
19  21
19  47
38  10
24  7
11  35
30  39
27  26
42  6
13  46
32  6
17  44
19  42
7  36
21  31
19  25
8  23
40  22
21  49
5  50
12  9
20  23
27  17
15  13
26  41
48  17
24  15
8  37
43  29
9  45
36  9
25  7
42  10
12  47
46  36
27  30
26  35
47  8
23  36
36  19
7  8
26  8
16  7
12  9
5  32
39  41
48  50
40  7
6  8
38  47
6  32
27  8
14  31
7  36
28  18
37  33
5  30
19  20
17  12
37  20
50  44
20  16
33  41
14  41
16  12
18  6
18  25
18  24
6  9
35  42
32  46
47  23
20  21
8  40
7  44
34  26
31  40
31  23
27  45
48  46
27  30
42  25
9  42
42  5
35  46
39  47
46  19
38  38
13  20
51  29
47  12
43  32
51  29
34  13
13  45
24  30
31  43
13  25
18  26
45  33
46  35
14  35
10  45
50  29
28  49
24  33
26  26
5  38
10  35
11  25
49  41
16  20
50  35
17  49
29  13
6  11
41  19
17  12
29  32
11  45
5  41
35  8
38  27
30  43
27  15
27  37
10  34
5  37
45  46
44  35
26  15
28  27
13  43
5  10
14  22
39  39
16  15
44  50
13  9
7  29
45  24
20  6
25  50
29  37
31  11
19  37
32  34
12  23
41  38
23  29
20  36
16  44
51  33
43  26
42  39
46  19
44  30
7  37
6  6
32  46
37  43
42  6
29  42
40  43
25  17
50  47
42  11
47  32
43  49
17  42
11  16
40  41
22  27
6  7
35  9
14  12
5  30
51  50
47  14
45  17
49  16
51  28
41  33
43  39
39  33
17  37
12  46
18  37
27  7
48  10
24  15
11  24
25  6
22  21
35  32
9  51
11  14
8  5
34  50
26  11
11  42
6  28
17  40
40  28
8  31
44  15
11  22
50  8
25  21
38  43
35  19
38  48
44  5
29  24
36  10
28  15
7  39
41  8
6  30
22  9
30  37
38  25
38  25
40  35
26  12
45  34
15  7
10  49
32  30
19  27
51  13
51  28
12  26
14  39
36  26
49  38
51  22
31  18
37  48
25  45
22  40
27  40
39  16
11  9
11  26
24  32
37  7
10  27
42  41
36  10
51  7
32  22
17  28
8  8
47  16
11  32
42  18
51  43
23  31
43  28
26  46
47  51
11  38
36  5
47  15
29  7
39  46
42  40
25  37
13  31
40  14
48  6
10  9
44  51
35  33
22  35
28  13
12  19
30  5
44  16
7  42
15  42
38  24
50  19
24  28
17  7
13  35
41  13
31  33
40  9
25  23
19  34
49  18
12  44
51  28
8  21
30  7
7  43
30  48
16  23
34  47
49  15
12  32
15  26
10  51
17  35
37  23
28  5
21  28
47  36
51  33
29  21
47  50
50  30
6  41
14  45
17  47
37  9
27  44
29  20
42  37
12  12
45  37
24  16
45  48
47  24
7  18
31  27
42  18
37  7
10  45
29  40
50  46
33  14
27  46
40  13
17  8
16  30
8  43
13  15
18  24
40  23
42  21
33  41
46  51
28  16
44  17
42  32
39  8
16  33
15  36
34  49
42  14
30  45
39  12
18  34
41  33
37  15
20  21
33  27
15  23
17  51
42  46
45  26
34  26
10  31
31  25
31  21
19  45
45  27
47  49
12  25
46  49
29  35
10  38
33  16
7  49
30  50
11  38
31  13
15  38
18  15
45  38
50  10
48  51
9  8
29  13
27  9
6  18
10  23
6  38
15  42
44  16
34  31
46  25
21  26
31  31
41  35
18  25
46  18
11  20
38  24
35  32
30  15
20  33
40  42
37  28
13  48
45  49
26  42
11  12
33  40
20  41
24  21
50  24
8  7
8  50
11  22
5  16
15  15
30  21
30  22
17  11
40  18
44  28
11  19
49  9
45  31
17  35
34  36
8  8
17  40
46  13
47  6
27  19
16  51
16  41
46  44
8  17
8  36
22  16
27  5
10  18
35  17
38  27
22  19
47  24
42  44
14  20
46  8
36  51
48  17
41  45
15  17
43  21
46  6
38  5
26  43
39  9
44  34
10  20
35  41
25  30
12  29
13  31
13  42
12  31
25  21
18  49
31  5
34  22
51  38
26  16
17  29
27  21
14  51
39  9
8  31
27  24
18  25
41  15
47  35
27  46
11  27
7  34
20  51
21  35
17  31
34  33
16  38
6  44
28  29
12  16
41  27
12  41
11  46
14  39
23  22
6  28
30  32
47  35
23  6
10  13
45  31
23  9
51  33
50  10
11  19
32  10
16  12
16  36
22  17
23  42
50  45
5  49
12  48
43  33
31  26
14  45
15  49
29  11
25  16
12  6
49  35
32  25
35  22
45  48
42  36
17  20
18  51
22  40
27  29
29  40
9  28
38  17
28  17
51  26
23  43
48  30
38  20
30  14
43  14
30  20
21  47
24  11
34  16
49  30
29  34
25  42
9  17
24  48
21  51
50  44
31  28
17  42
21  21
11  28
8  49
40  24
28  35
37  12
41  20
23  27
15  30
22  31
15  18
48  42
21  20
38  14
43  36
15  7
32  50
8  46
29  29
14  42
12  49
18  24
6  47
16  7
45  34
45  37
30  6
11  36
51  12
15  31
31  20
18  28
8  17
33  42
30  19
32  11
51  31
21  34
31  32
24  45
48  12
34  27
13  46
7  37
29  44
51  9
22  19
27  19
17  14
20  30
40  32
11  42
40  18
13  19
39  22
42  29
39  6
48  25
38  28
35  22
48  31
22  39
10  35
21  26
21  47
14  15
29  15
17  18
29  51
32  16
12  13
19  41
26  21
49  17
29  26
41  22
6  18
51  5
14  5
46  47
33  7
37  46
40  30
39  23
9  12
35  34
11  27
48  42
10  50
45  25
11  42
37  16
34  35
27  50
5  26
42  48
51  18
17  32
30  10
12  50
13  42
22  21
43  38
40  27
42  41
44  34
14  19
11  12
36  47
31  10
6  39
48  45
7  26
13  51
12  5
36  5
40  11
14  23
12  48
31  31
28  39
45  49
33  26
42  46
14  10
44  11
9  6
49  38
49  8
24  19
33  7
50  9
15  11
14  15
51  8
8  24
22  25
30  19
44  24
6  30
33  39
20  25
50  8
40  30
13  30
49  44
8  16
22  26
34  32
23  50
27  19
23  39
51  24
19  43
19  37
33  8
14  20
6  46
42  39
7  12
30  5
25  7
29  5
28  9
14  44
30  15
48  19
18  10
27  29
7  47
13  6
38  28
47  22
23  18
24  19
18  30
43  12
8  25
23  5
50  29
40  41
36  41
14  18
28  48
37  21
49  6
10  49
7  46
43  48
33  6
44  16
24  38
14  50
8  44
42  48
18  11
15  11
20  51
48  24
30  49
46  34
38  16
46  10
23  6
19  32
37  43
29  28
28  40
10  39
22  49
6  25
20  14
50  10
11  19
19  41
19  18
33  17
16  22
48  14
44  25
11  28
8  23
24  29
44  47
45  38
46  10
27  9
45  41
17  47
24  6
30  31
25  25
51  19
42  15
42  26
15  33
18  12
46  26
32  44
13  40
21  49
30  23
47  49
21  23
6  13
9  13
47  25
29  30
44  37
23  43
13  24
8  21
36  36
45  19
40  15
14  40
5  11
38  39
32  43
8  6
46  42
51  43
39  9
43  24
20  24
19  36
31  6
36  34
26  15
5  44
38  6
48  30
23  21
43  9
30  24
37  46
41  40
26  8
45  11
23  45
13  14
23  38
12  5
17  14
32  29
49  19
15  9
35  38
48  30
43  45
24  20
40  24
13  36
10  29
45  5
51  24
26  30
9  47
25  29
23  45
12  16
18  19
51  6
18  28
46  23
32  44
51  33
41  26
38  38
30  40
16  37
9  8
49  30
13  32
14  30
16  7
28  20
50  36
22  31
48  37
29  37
31  45
28  36
28  46
9  14
5  24
45  26
47  14
14  40
6  5
11  13
15  40
11  21
17  17
22  38
36  34
46  51
44  30
20  11
40  45
40  11
33  17
26  17
16  37
38  12
32  5
43  23
10  38
14  35
26  24
26  20
27  32
16  12
48  36
12  6
48  35
41  17
22  6
35  20
13  6
27  6
45  6
8  49
44  37
34  8
9  44
36  45
23  36
31  6
45  34
5  30
20  6
50  11
17  49
9  20
43  24
43  6
32  24
12  45
49  5
38  11
18  43
36  28
17  19
40  48
49  33
41  51
7  39
18  27
20  9
33  16
22  22
29  49
16  29
44  45
20  12
29  23
19  28
49  36
32  15
49  5
44  45
20  48
18  10
47  35
6  13
19  6
41  9
46  47
28  24
40  11
27  44
27  41
46  7
18  37
39  7
9  10
26  21
49  48
21  30
50  32
6  44
25  31
34  37
6  17
48  40
18  51
47  16
49  39
40  9
48  24
47  35
29  7
25  42
17  14
32  32
30  26
10  24
41  28
27  37
31  37
5  23
17  15
9  6
37  24
11  12
5  5
48  44
49  50
30  42
24  15
50  23
31  30
20  9
32  23
9  32
35  29
24  27
43  11
50  18
32  22
11  46
15  40
18  39
25  49
25  50
27  9
44  37
33  41
32  16
12  42
25  20
35  39
38  42
11  49
8  39
6  38
30  45
18  9
6  23
10  33
5  24
29  46
8  39
28  19
9  40
37  35
47  7
28  44
47  51
14  16
17  13
34  41
35  29
6  30
20  30
50  16
12  10
35  36
50  16
28  46
26  18
40  12
42  8
23  37
39  28
8  8
29  7
45  46
39  47
5  46
43  34
27  16
46  29
35  24
18  49
8  44
19  33
38  26
17  25
26  15
11  21
28  24
29  12
20  6
5  19
40  33
28  45
5  46
36  21
17  47
40  37
40  29
14  19
26  17
41  27
30  6
34  47
43  16
50  32
51  42
22  50
32  37
29  38
40  23
30  28
22  33
25  49
48  34
46  13
15  35
44  42
45  47
37  8
38  6
17  30
40  38
36  51
12  43
15  35
11  48
5  31
41  28
25  16
49  48
40  13
13  18
40  45
51  38
10  5
42  8
25  7
23  27
32  44
25  42
11  46
10  41
31  15
48  11
49  10
31  39
9  39
44  41
18  40
42  25
12  7
18  50
33  23
10  16
38  20
10  5
17  42
46  19
29  38
40  20
49  18
46  11
41  28
41  50
19  34
33  30
48  27
30  41
7  30
21  31
35  24
24  31
18  39
8  46
20  45
41  7
18  28
6  22
25  33
20  44
11  44
23  42
7  36
7  38
26  42
44  29
20  42
18  13
18  8
39  21
23  47
50  18
28  32
50  45
11  40
19  48
22  9
23  8
8  12
20  5
17  43
28  14
26  28
31  12
9  22
35  34
11  8
16  11
27  45
45  5
15  22
7  11
38  5
46  24
13  34
33  31
13  40
42  14
29  36
41  50
47  45
8  10
42  13
48  50
30  14
8  50
22  29
11  38
31  50
9  21
8  40
19  14
45  25
19  15
34  35
36  49
22  50
34  15
12  40
34  44
41  8
41  29
7  49
30  36
34  20
50  27
41  48
47  23
6  16
14  50
44  44
30  7
26  32
43  30
11  30
43  14
32  34
25  39
36  19
27  48
44  41
5  27
7  21
10  41
26  17
12  26
50  27
38  25
47  9
18  34
38  9
