40  31
35  46
14  38
10  26
48  50
16  43
36  31
7  45
47  11
20  46
37  39
9  47
25  16
8  29
38  48
45  28
12  34
29  10
19  21
25  39
16  41
45  46
38  26
45  42
26  29
35  44
33  40
50  40
15  13
27  5
7  37
5  16
40  24
35  44
18  11
12  14
7  51
34  15
35  21
33  16
6  24
42  42
48  28
38  15
13  42
47  18
6  38
43  21
24  15
28  44
47  11
20  22
35  29
45  15
41  16
29  49
11  30
19  31
14  44
24  49
12  46
35  10
46  33
46  33
30  6
17  42
39  17
28  41
39  14
6  36
35  12
6  39
36  49
41  41
45  41
51  40
36  43
20  9
15  16
47  39
25  51
49  31
20  25
6  44
19  14
41  33
25  7
46  35
46  7
30  49
28  8
14  38
47  18
15  12
14  45
41  16
34  38
12  15
7  28
29  25
22  31
8  13
15  22
13  43
22  21
37  36
25  17
15  11
38  25
18  25
29  51
44  33
22  36
51  27
50  8
29  10
7  35
5  10
14  50
40  5
14  5
32  49
35  33
41  47
9  20
12  7
12  34
39  25
29  23
49  39
45  8
20  43
26  27
5  38
14  39
35  7
39  20
33  36
47  12
34  16
11  50
36  35
27  47
27  22
46  12
10  36
24  44
46  51
29  14
19  47
14  7
28  37
23  7
10  36
7  37
14  37
31  42
30  45
34  35
47  15
41  26
38  26
39  11
25  6
34  39
13  35
43  22
18  33
21  48
21  36
48  27
21  35
12  50
28  34
31  5
10  50
26  18
38  49
48  14
46  31
46  47
5  23
31  16
16  43
40  42
36  21
21  30
33  18
26  16
16  15
41  34
41  36
18  24
47  35
51  47
51  30
15  14
36  38
35  12
36  12
43  33
50  11
8  23
13  37
38  28
29  34
40  27
14  12
30  41
11  21
51  38
11  49
25  27
32  11
10  50
45  24
28  29
5  44
9  19
32  36
30  18
12  33
46  20
47  19
39  20
14  7
44  43
39  21
20  14
40  24
7  26
33  22
28  38
15  28
46  21
46  23
18  21
31  46
23  49
41  44
35  51
37  38
39  39
49  25
31  15
21  16
45  51
6  11
37  16
18  19
45  6
24  15
47  47
47  6
35  30
9  16
13  24
48  44
40  33
47  26
28  13
28  38
30  48
24  46
14  30
6  12
24  51
11  28
39  50
49  49
11  41
8  18
10  41
41  25
5  47
48  36
15  24
38  44
35  18
6  23
7  49
8  49
49  51
5  19
11  21
20  23
47  48
14  13
36  32
15  33
30  43
29  5
9  48
22  25
13  50
37  19
27  30
34  36
48  26
8  29
21  45
6  23
6  24
14  35
13  14
8  34
21  31
45  12
28  18
35  17
10  51
20  45
39  15
39  32
8  36
19  22
7  9
38  43
7  6
21  28
23  21
5  9
25  47
5  31
5  21
49  25
5  29
47  31
46  17
35  40
15  38
46  8
22  42
34  36
47  9
34  47
11  41
7  39
21  11
50  9
21  47
16  37
32  25
37  35
27  33
33  39
25  22
8  38
23  34
35  28
7  23
24  6
10  31
29  49
30  16
44  18
5  14
7  34
45  20
31  6
23  7
25  33
39  24
44  9
25  23
7  17
24  47
32  22
20  50
18  35
43  46
26  50
23  51
11  41
30  31
11  14
29  51
38  7
48  29
10  42
22  11
17  25
29  14
7  8
13  32
23  27
23  8
47  47
43  30
14  17
11  7
17  13
15  20
43  13
20  23
23  13
18  11
23  47
24  51
14  8
39  34
18  18
46  38
39  10
48  27
50  46
40  10
27  5
9  15
7  19
9  22
43  45
14  22
25  7
20  41
31  14
28  25
42  13
18  23
12  46
19  15
12  33
49  20
51  12
40  45
46  41
35  7
46  32
43  41
20  29
40  43
21  30
6  36
51  13
48  38
38  12
31  30
17  32
29  51
20  5
30  25
45  11
49  6
11  39
36  21
12  39
16  7
41  43
17  27
26  14
15  39
11  26
26  26
41  35
40  34
43  6
42  32
39  42
37  38
40  46
20  25
7  15
14  11
51  23
11  38
49  34
33  11
6  35
48  27
9  33
31  33
37  34
21  43
26  18
24  43
17  44
46  21
51  10
38  12
32  51
29  17
39  19
13  23
29  8
23  23
7  17
48  15
34  9
32  20
25  31
31  38
37  42
30  12
8  38
47  12
17  43
29  23
34  34
11  20
36  12
42  51
12  48
28  38
15  23
8  39
6  32
51  42
39  43
28  25
19  39
37  43
45  32
19  44
33  35
50  50
40  27
25  51
50  48
40  35
30  19
26  16
14  11
23  11
12  45
24  27
16  43
43  45
15  44
9  21
27  19
5  34
21  47
18  42
31  22
33  47
22  43
51  5
21  18
50  27
25  12
14  36
5  14
42  29
13  39
37  47
6  51
15  5
47  46
21  9
13  24
21  51
47  30
51  43
46  13
42  34
15  37
11  45
50  48
37  48
50  42
18  14
51  25
36  42
30  24
39  9
26  36
40  16
31  6
18  29
12  5
8  49
26  47
39  46
45  21
45  16
39  44
17  18
42  11
18  48
48  48
44  30
18  16
40  37
24  17
48  20
13  45
20  49
43  10
31  26
46  29
22  38
43  42
5  14
42  19
42  21
17  36
49  42
50  47
11  18
48  46
39  27
23  47
49  43
37  14
27  20
21  9
8  39
8  30
31  13
9  20
34  38
18  11
42  9
21  27
7  36
47  48
33  27
17  38
15  22
39  50
50  12
42  44
23  7
41  20
6  10
14  33
24  30
41  20
26  22
30  7
16  6
39  8
11  45
11  37
16  46
30  46
49  50
47  25
25  8
48  23
38  16
39  22
12  16
33  38
18  45
35  30
37  30
43  47
8  24
31  38
27  18
27  9
15  5
16  39
39  26
31  50
41  6
21  32
12  37
25  29
33  40
25  7
18  28
42  18
7  25
24  30
39  25
23  26
6  9
5  9
28  24
5  31
23  34
30  51
27  31
33  14
29  23
16  39
21  10
44  27
32  33
31  21
11  39
18  33
7  50
41  37
44  43
45  45
18  14
27  30
44  6
28  46
45  14
36  34
37  51
12  9
45  27
22  39
48  46
37  5
40  16
40  29
27  20
32  30
43  51
43  26
42  36
42  16
30  34
37  19
12  37
30  13
32  22
22  22
21  22
10  32
21  9
43  35
6  28
10  45
14  16
41  14
9  46
28  43
10  6
49  11
40  37
14  30
20  6
22  8
33  36
51  31
31  23
36  31
51  38
31  18
13  39
18  18
50  21
22  50
19  25
6  20
49  22
50  29
38  14
7  39
36  49
5  31
39  19
38  28
29  22
37  34
36  39
18  51
36  19
43  22
31  29
35  8
42  35
10  14
10  13
44  35
19  7
41  51
20  15
6  18
50  50
29  22
26  21
43  13
21  31
22  10
13  11
49  46
22  29
40  10
49  17
37  44
28  26
22  32
26  17
41  25
47  12
18  40
14  30
33  34
31  30
9  20
19  22
9  26
46  46
37  10
49  41
6  46
47  24
44  36
50  24
40  13
10  27
49  21
10  48
12  8
33  47
31  11
5  46
24  20
34  35
33  37
14  13
12  34
11  11
35  42
36  15
31  43
47  44
9  21
35  5
13  23
19  6
35  31
29  46
41  46
39  14
13  15
49  31
13  21
19  25
26  7
42  34
30  7
49  40
34  6
36  33
15  34
30  36
13  32
30  43
33  28
47  17
14  29
30  16
14  12
21  34
33  23
49  10
30  32
45  44
33  50
47  27
36  17
39  10
33  7
5  42
14  21
21  13
12  11
22  13
26  42
46  21
20  17
29  50
14  6
19  5
41  7
6  6
17  18
30  25
6  11
8  22
25  42
48  29
36  46
48  27
11  25
18  5
47  46
7  17
20  13
6  27
33  27
5  36
18  21
11  42
48  22
26  6
22  15
40  8
7  10
12  11
41  34
42  11
16  27
48  32
26  43
6  26
33  26
20  18
25  23
23  17
48  41
23  26
20  11
15  38
14  35
12  37
27  12
40  20
27  26
47  35
40  27
48  15
47  34
7  16
50  18
12  10
45  16
46  20
6  32
32  7
36  47
34  25
21  28
10  36
47  35
40  10
13  36
21  39
24  15
42  7
41  44
25  23
34  42
28  5
17  42
30  14
38  10
45  9
51  48
18  36
49  29
42  16
18  5
9  31
19  47
32  23
16  46
14  38
30  36
50  47
13  5
19  29
6  51
25  29
28  21
48  43
18  25
51  17
7  24
10  33
16  51
41  5
37  37
21  42
8  20
8  21
9  33
24  27
45  40
48  26
43  18
7  36
24  20
21  12
15  19
33  5
43  40
19  23
49  45
24  18
42  32
36  21
43  36
48  45
48  47
18  46
41  47
50  45
20  7
39  38
51  17
8  14
7  47
37  6
44  10
23  16
14  43
29  10
43  25
7  44
12  33
6  17
35  23
49  34
45  14
49  14
43  20
47  6
38  43
8  23
24  16
23  18
28  24
43  12
21  44
25  12
30  42
51  49
24  22
13  5
24  47
29  9
48  44
18  6
6  38
21  9
19  7
34  41
5  34
15  18
34  48
44  12
6  34
17  44
27  26
34  33
46  43
10  36
45  37
49  19
29  20
36  17
39  34
38  46
51  27
26  32
45  31
30  47
9  33
5  46
8  11
33  34
42  15
27  45
15  33
6  20
48  12
39  27
5  38
18  7
8  12
24  6
44  13
33  32
19  24
14  36
14  47
18  43
24  29
6  16
32  10
5  22
7  23
28  15
24  28
29  35
30  47
15  28
43  49
20  25
32  27
9  6
31  51
45  20
23  39
37  28
18  30
30  50
14  50
35  11
36  37
25  34
43  14
25  28
46  44
7  37
12  33
22  51
14  43
40  34
30  6
12  25
13  45
44  24
20  20
9  37
9  21
24  26
13  24
22  22
19  37
14  28
44  31
10  39
33  44
21  28
38  18
45  14
17  51
18  41
31  22
40  37
12  32
7  42
20  5
5  12
34  45
18  31
38  12
25  20
23  42
13  26
13  6
49  14
40  18
50  39
40  15
16  36
15  24
6  24
22  6
14  39
10  29
43  43
38  38
15  25
22  14
36  5
6  51
37  42
10  38
34  28
40  23
46  41
32  22
12  15
22  44
40  14
29  13
48  12
50  5
25  46
46  42
24  29
20  27
27  18
5  41
36  36
32  18
23  40
26  11
19  17
48  49
6  15
32  5
29  16
23  27
47  7
19  18
16  37
10  31
51  39
5  44
12  47
40  14
29  50
28  45
32  38
15  31
48  26
48  46
27  11
18  51
13  9
40  36
30  22
40  31
34  10
24  25
6  15
13  26
39  24
20  43
37  33
6  33
35  19
16  5
19  22
36  9
15  33
9  46
49  32
33  50
33  8
16  11
16  47
21  33
48  31
7  11
10  41
48  46
36  33
15  21
51  12
15  18
7  9
31  32
24  32
6  40
36  13
26  49
24  13
35  19
39  11
28  18
49  23
30  26
22  13
39  48
14  51
9  5
19  21
8  37
9  51
17  16
41  28
30  50
25  48
38  26
43  21
42  16
14  42
8  23
16  11
50  31
22  30
19  26
51  28
42  39
36  44
47  15
40  9
9  5
20  29
28  20
15  47
28  9
25  34
33  5
10  25
28  31
15  10
41  27
34  48
19  6
41  14
40  20
28  40
35  45
13  21
29  30
10  14
21  16
45  47
26  8
42  33
9  12
37  27
28  46
35  24
41  23
20  20
34  15
10  43
28  20
23  6
48  15
48  27
28  49
18  24
10  51
39  42
43  25
15  51
10  41
44  17
33  10
17  32
5  40
22  46
38  10
34  11
8  39
7  50
29  34
49  43
20  34
38  43
31  42
44  22
47  41
51  6
31  33
20  39
45  31
17  16
42  17
19  45
5  35
16  41
32  39
5  33
36  46
27  24
18  37
8  22
28  44
13  43
35  12
40  25
10  49
11  36
39  48
17  6
47  13
23  30
12  25
21  51
5  29
51  19
29  44
38  44
36  18
18  9
14  36
51  47
7  50
44  19
38  7
10  32
43  28
23  28
45  25
26  45
37  22
28  29
29  36
39  49
41  12
34  50
34  10
21  7
9  49
48  40
10  6
5  28
17  13
50  29
45  48
41  21
24  34
50  44
11  39
38  18
24  8
34  20
51  27
34  41
23  11
29  20
46  29
27  26
29  20
51  19
9  33
38  18
5  29
23  10
35  50
23  11
41  43
9  32
43  9
32  33
30  14
27  40
27  7
28  45
41  49
23  14
19  27
31  17
10  28
41  49
36  8
5  6
23  38
40  27
34  22
22  21
34  14
34  47
29  43
23  22
26  16
24  28
10  19
34  46
48  21
7  46
37  5
7  27
43  35
15  23
6  42
17  27
30  27
16  11
51  17
50  42
43  41
49  49
5  44
11  31
14  31
20  24
24  22
23  13
11  36
42  5
29  45
7  26
25  39
15  23
22  32
16  26
7  40
44  51
13  5
16  47
46  34
26  35
33  43
51  32
37  26
5  39
20  33
36  45
45  16
30  39
31  10
15  29
14  9
12  32
24  8
8  25
15  9
10  35
26  30
5  16
11  6
21  21
10  15
49  10
44  20
13  6
11  41
43  33
30  19
10  30
11  35
35  24
11  36
9  27
9  42
24  48
16  35
51  47
44  40
10  31
9  28
