18  48
13  6
34  8
36  25
49  23
49  5
30  13
40  49
30  10
46  34
49  11
36  24
19  36
33  18
51  23
48  19
47  26
26  18
39  47
25  19
17  17
37  43
41  18
5  15
21  6
8  8
16  13
46  11
15  46
7  49
26  15
44  27
13  22
44  5
36  14
7  24
28  25
50  12
5  9
5  41
15  25
39  42
33  18
18  51
5  37
48  34
12  36
41  11
38  5
35  39
22  21
15  48
37  36
34  50
38  11
32  49
49  6
36  21
50  51
11  29
7  41
25  34
48  30
11  22
47  33
51  34
40  28
24  46
42  41
29  13
13  24
18  20
14  50
46  22
11  25
39  37
22  10
5  11
31  33
22  34
25  47
6  6
35  41
26  18
41  45
20  12
50  45
5  25
38  20
20  50
17  48
34  38
47  14
27  24
22  46
46  38
33  30
35  44
18  11
38  15
13  24
14  24
40  26
44  17
36  8
29  17
51  12
48  41
39  39
32  7
17  46
20  5
7  38
13  34
39  45
35  22
20  10
17  22
44  49
22  19
45  32
34  7
30  43
30  20
41  42
10  16
9  26
33  41
37  45
6  39
6  24
42  5
21  35
7  30
46  46
46  13
51  51
20  22
6  13
8  51
12  16
8  45
41  11
6  6
24  49
28  46
36  23
45  16
42  43
49  18
5  32
22  43
21  31
48  42
41  9
49  46
6  13
34  16
47  13
22  35
41  39
25  5
24  15
36  23
36  37
30  14
26  31
12  22
51  8
37  10
36  47
21  26
48  42
11  11
25  35
48  11
22  16
22  9
7  47
41  19
34  22
8  11
27  22
24  32
36  5
21  15
38  38
51  21
31  21
51  16
37  36
42  51
30  33
42  16
43  40
38  32
38  42
16  25
6  12
33  29
28  7
28  25
28  8
36  39
28  47
13  50
24  17
46  13
7  9
41  5
6  34
43  33
49  51
28  24
18  10
26  32
31  22
42  7
19  8
47  14
44  39
18  49
16  13
41  14
47  17
7  15
43  17
26  27
43  18
45  5
26  14
25  21
44  42
32  43
47  47
18  11
41  28
14  15
16  17
10  43
31  48
20  47
49  48
47  26
40  49
23  23
17  41
32  43
34  23
46  10
40  51
38  15
38  35
39  11
6  11
27  9
23  14
10  50
14  14
36  18
35  13
5  51
41  10
45  47
33  33
5  30
29  18
33  8
47  40
11  23
10  23
5  40
12  38
44  18
12  13
20  23
49  36
20  51
28  22
51  38
15  37
22  38
46  34
37  8
30  29
7  20
35  13
23  27
44  32
8  47
11  35
50  14
12  16
30  40
46  11
14  41
31  36
40  44
19  19
19  16
43  19
15  29
47  45
34  6
43  11
26  7
20  15
40  6
32  43
8  21
19  41
51  33
48  49
13  16
5  50
10  47
47  39
43  24
23  21
16  11
34  19
26  33
37  16
5  22
18  30
8  48
49  18
32  34
7  51
24  40
44  18
21  14
33  23
47  32
23  25
17  29
43  36
49  20
36  43
51  9
8  20
7  20
47  33
39  13
8  36
32  10
13  22
19  51
23  46
13  31
23  47
17  12
22  38
38  43
9  9
9  17
11  24
8  10
35  51
38  46
41  51
33  41
38  31
25  45
24  27
17  20
38  27
23  31
38  18
27  20
47  22
28  29
47  37
5  47
47  43
17  19
21  42
33  46
24  25
34  25
9  45
14  14
50  23
12  12
5  28
32  25
39  6
39  36
15  35
23  20
48  43
50  16
45  47
10  37
48  31
15  22
27  45
41  49
22  48
9  13
48  21
51  32
27  11
21  27
41  6
27  51
18  42
5  20
7  32
31  40
20  20
31  44
51  29
50  30
20  10
27  31
5  33
31  9
8  7
35  37
15  30
43  50
32  13
26  40
35  44
27  46
7  8
26  9
40  48
26  15
16  10
8  16
37  5
16  49
16  35
37  31
39  9
13  45
27  10
34  31
27  11
36  27
22  49
20  20
38  29
40  36
39  24
44  31
29  18
21  30
32  46
49  20
14  13
22  22
10  44
8  34
11  29
26  32
45  18
49  43
22  26
25  30
16  41
18  16
7  31
38  10
34  28
38  43
45  19
49  22
46  36
28  44
34  30
11  29
39  28
13  22
14  33
45  36
25  16
35  19
29  21
51  5
22  35
26  19
46  34
41  7
34  36
38  21
24  36
35  46
27  31
26  10
19  14
11  21
9  34
16  31
18  26
45  35
6  50
30  38
