17  7
21  29
14  23
34  12
34  10
32  34
37  8
47  12
37  21
38  12
18  33
20  23
13  14
27  24
37  27
19  27
34  9
35  43
45  6
33  32
47  44
51  18
43  41
7  39
16  12
9  24
5  49
50  16
6  34
29  34
23  6
13  16
26  12
46  23
20  27
32  33
28  37
24  51
27  17
7  11
34  25
17  26
40  50
48  41
20  13
33  32
5  19
24  13
17  51
34  14
13  49
49  35
28  42
26  23
40  19
18  49
38  34
30  38
45  45
29  37
32  22
19  13
35  20
40  32
22  46
33  11
15  22
18  18
49  5
13  15
18  27
29  6
13  44
42  24
8  28
20  31
34  46
28  39
13  33
50  5
28  13
5  47
8  46
40  23
35  14
45  42
19  29
13  45
39  34
6  28
15  17
46  32
21  22
38  24
40  40
14  47
32  27
8  20
10  10
47  31
10  30
37  28
24  43
12  14
19  39
46  37
28  39
33  8
38  44
51  45
31  28
14  5
38  32
14  41
26  45
26  45
10  24
17  47
28  30
15  7
34  51
47  18
34  14
43  23
49  43
41  35
24  21
31  20
28  15
44  51
37  28
36  40
18  12
27  40
14  8
6  14
15  25
34  11
22  23
15  7
33  19
47  50
22  21
47  7
13  26
34  50
20  32
33  16
15  30
16  48
5  48
10  28
33  41
20  19
41  5
7  44
19  30
44  13
47  49
43  28
41  50
34  35
7  25
41  10
51  7
41  31
45  13
37  18
9  8
49  32
36  44
32  15
10  6
25  40
39  27
18  37
41  14
12  51
8  45
50  42
26  12
42  38
33  38
26  36
21  13
41  22
26  41
13  33
22  24
16  22
20  45
32  12
9  12
26  42
19  21
14  14
24  26
10  5
32  29
22  16
35  15
44  30
32  23
22  42
18  44
22  19
5  25
33  34
14  32
32  6
26  49
42  32
47  26
28  8
26  9
35  9
12  20
28  25
15  11
38  9
32  40
25  11
11  20
20  41
26  45
33  30
18  5
32  39
49  9
36  30
46  6
10  14
49  7
40  33
26  40
8  34
37  37
27  48
9  26
41  23
31  29
47  37
44  16
44  21
9  9
48  47
37  30
25  31
10  5
29  25
16  50
25  37
32  40
37  33
39  23
23  44
12  49
13  21
46  46
45  12
19  39
7  30
27  40
18  12
29  5
15  32
47  12
29  51
23  7
5  5
47  14
26  37
13  41
28  22
25  10
17  41
36  28
22  34
27  36
10  41
46  32
38  23
42  22
49  31
15  8
8  13
22  25
25  33
46  16
25  29
12  30
10  48
17  20
10  11
6  38
15  43
51  29
49  12
13  49
19  24
47  16
39  44
14  38
50  5
26  25
36  11
33  36
42  36
40  39
14  33
12  35
7  20
45  42
13  36
40  37
6  7
49  18
29  12
35  26
44  47
21  24
50  5
41  30
45  21
13  51
19  40
6  49
38  34
49  44
7  24
27  12
8  6
26  40
30  38
18  13
38  25
29  50
5  23
34  18
32  27
32  13
19  8
8  36
33  38
15  46
41  8
21  6
8  25
7  42
17  25
13  41
33  25
50  24
25  17
6  46
22  43
29  42
27  39
21  46
50  40
43  38
33  21
33  26
13  14
7  24
16  10
50  8
51  13
35  39
37  21
19  20
47  23
51  7
44  42
19  22
40  10
18  45
49  33
36  42
27  36
17  43
22  13
24  40
9  9
44  34
22  41
36  12
45  49
40  48
42  26
27  42
33  27
37  47
47  9
24  39
5  49
22  51
31  45
31  15
44  23
18  14
42  44
20  45
27  6
50  40
14  48
23  24
48  39
51  35
11  41
15  46
9  48
20  43
32  14
24  29
12  11
48  27
9  42
36  47
47  40
20  42
45  26
14  32
19  27
18  44
19  43
24  51
21  47
6  50
38  21
16  41
28  38
46  38
16  47
45  51
48  6
48  28
26  39
38  44
32  41
44  14
24  36
26  45
37  49
13  27
26  47
24  23
49  16
24  15
47  29
9  51
10  35
37  28
25  25
18  9
36  33
51  46
22  30
6  14
13  9
7  24
28  29
12  6
6  41
26  30
39  19
26  45
10  10
45  36
40  43
38  25
34  29
6  34
20  38
50  32
44  24
27  33
16  16
36  44
12  37
30  10
6  16
28  5
13  29
6  51
15  51
10  51
28  10
18  37
28  21
17  10
35  11
10  19
33  48
8  30
49  46
42  17
16  50
42  35
50  29
22  39
43  23
15  37
33  19
43  11
42  17
34  9
6  14
9  47
27  13
18  32
28  15
51  10
11  11
46  17
11  41
44  40
35  39
34  17
36  21
18  5
9  13
32  10
31  45
37  22
23  28
5  28
43  23
37  43
25  43
15  40
45  40
23  41
14  34
29  18
29  18
45  46
40  27
23  42
23  40
33  42
51  8
33  42
44  48
10  17
25  6
22  17
49  38
17  43
34  32
24  50
43  14
47  37
9  25
21  7
50  47
21  46
48  43
16  33
32  10
12  36
17  35
48  42
19  5
31  7
50  29
27  15
21  49
39  17
51  15
32  41
38  32
44  20
7  39
25  37
5  35
32  15
51  8
20  24
26  25
40  39
19  40
27  42
5  18
49  14
42  5
23  44
48  27
17  25
26  21
51  38
27  21
19  33
34  10
35  27
10  38
5  39
15  35
51  45
18  41
24  34
24  41
19  34
33  15
49  20
23  25
37  20
33  11
31  21
17  17
26  47
26  43
6  15
40  41
18  49
8  33
6  46
30  7
19  41
5  12
48  10
49  47
35  45
25  17
37  42
29  21
29  11
37  33
5  47
25  14
41  47
33  24
13  22
44  48
12  21
19  26
46  8
9  16
16  15
45  27
50  10
8  25
39  44
33  47
33  14
46  10
24  37
26  45
5  43
30  41
19  31
25  50
18  31
38  31
48  24
36  50
28  24
11  44
28  5
16  18
16  36
24  18
45  7
26  5
22  41
30  40
37  19
14  46
47  8
49  31
23  20
23  30
27  8
17  20
18  14
38  9
49  18
6  29
46  28
13  13
19  40
7  28
45  47
11  23
14  32
34  9
35  15
49  41
21  21
37  47
21  10
10  41
16  49
15  17
39  50
10  10
24  35
47  15
49  5
26  40
45  28
32  42
21  15
34  23
16  30
13  47
51  12
32  27
48  27
44  45
34  14
48  15
27  41
13  13
11  31
25  43
36  37
20  8
42  22
6  28
21  25
14  9
6  7
8  33
31  38
21  49
16  30
33  21
36  17
36  11
5  37
29  7
18  9
28  22
20  14
48  15
15  24
21  30
36  28
46  14
28  10
14  37
30  48
26  5
5  42
40  11
37  49
40  19
38  51
18  36
