7  11
19  51
50  13
6  29
24  36
19  14
27  20
49  21
37  35
37  27
7  35
39  28
19  24
39  51
35  6
5  20
44  24
10  39
39  7
28  26
25  27
8  10
27  34
27  18
51  37
7  46
21  5
49  23
27  49
51  44
20  35
14  20
41  51
48  49
50  47
12  10
36  36
31  41
26  36
7  9
39  35
14  24
15  28
51  17
8  26
37  31
36  21
39  12
34  47
14  49
46  48
34  41
23  26
15  47
50  27
34  42
49  38
42  28
22  16
25  27
10  13
28  10
19  14
14  43
46  37
42  32
11  40
16  37
8  20
14  14
33  15
18  12
18  9
21  31
41  17
27  24
44  50
44  19
43  24
9  30
30  20
21  40
7  34
11  37
27  8
5  17
10  38
44  8
10  37
9  41
34  31
38  29
38  9
45  19
8  39
23  23
29  49
45  20
20  20
39  20
31  36
11  9
17  22
17  21
21  34
22  46
14  24
19  44
6  36
39  42
34  18
51  20
9  40
40  48
36  46
17  12
26  41
43  50
18  32
42  34
39  16
28  25
23  49
51  40
31  28
33  42
24  5
5  49
29  42
10  17
28  25
25  6
18  28
17  26
9  30
16  24
30  18
29  26
5  34
13  40
6  36
24  44
6  7
14  24
16  16
36  45
34  51
8  40
33  36
43  50
6  42
37  35
33  15
23  39
24  20
9  20
24  50
46  37
17  11
20  47
28  11
43  49
11  24
33  37
11  50
6  8
15  41
41  13
45  50
12  47
46  27
38  49
24  14
11  10
26  12
25  19
26  35
42  10
27  41
49  43
10  44
16  12
16  7
27  23
26  51
50  37
28  45
5  25
33  23
25  17
22  46
49  27
23  30
46  14
22  44
49  18
21  51
51  44
22  39
40  48
37  26
11  45
41  17
41  21
27  42
38  6
38  6
37  16
27  18
29  26
37  40
40  7
28  20
18  39
16  46
6  43
48  42
6  50
6  51
7  10
21  35
13  17
29  24
24  37
8  43
27  31
50  33
32  25
37  38
27  5
6  20
34  13
18  42
40  29
23  41
26  39
44  43
10  9
37  34
28  20
37  42
19  28
51  16
23  32
32  8
39  36
10  38
38  18
37  24
23  33
51  31
49  12
33  42
21  22
23  31
40  30
17  19
30  10
49  9
17  15
48  7
33  6
36  16
24  16
7  40
9  47
31  48
40  19
25  34
20  7
17  44
33  40
31  26
25  6
23  27
18  8
20  39
20  36
30  48
17  40
34  21
27  35
28  10
12  24
38  9
5  48
43  20
16  10
24  6
21  27
14  7
37  38
16  24
46  28
35  7
13  32
26  7
35  21
40  37
27  6
24  44
15  46
17  10
42  47
9  24
23  41
32  46
15  5
36  19
29  51
22  39
9  25
15  40
26  40
22  37
6  51
41  44
39  46
29  12
39  31
16  14
11  14
15  27
36  31
32  13
34  45
13  41
46  37
27  51
37  28
19  41
21  25
39  43
29  38
37  33
14  28
34  6
25  35
22  44
21  33
44  26
17  30
29  43
33  20
34  36
41  40
39  23
29  28
43  46
32  43
24  38
42  6
37  10
43  43
21  46
35  36
24  18
35  35
7  12
42  36
47  34
10  28
38  20
26  48
37  44
24  44
40  17
8  36
17  19
27  31
17  36
40  23
15  12
45  13
14  45
27  31
20  10
39  41
25  34
11  28
46  45
41  44
44  26
11  41
11  45
28  36
12  27
5  32
34  22
30  32
14  30
43  18
26  48
19  42
13  45
39  42
20  15
46  6
21  21
18  10
37  39
47  31
31  45
50  43
5  27
22  19
47  29
39  41
44  15
37  42
7  51
22  35
8  21
22  6
6  39
44  40
22  26
50  16
16  24
29  34
35  23
51  12
18  43
44  13
46  47
19  36
10  24
12  28
20  28
9  22
8  9
24  8
7  14
10  9
38  5
6  32
30  51
39  36
22  45
49  34
43  17
5  43
30  21
14  20
28  43
12  31
18  5
11  15
35  37
11  36
14  42
16  46
21  27
17  51
25  35
17  29
46  12
15  6
41  46
29  23
47  13
20  51
26  31
41  23
12  29
11  39
39  11
19  41
32  19
42  19
39  38
46  23
50  15
41  27
17  17
6  33
9  44
45  18
48  43
12  19
20  20
48  41
41  18
40  36
50  14
31  35
43  19
41  18
21  10
42  19
50  19
38  32
16  15
15  13
17  21
33  45
37  49
14  7
9  41
48  47
32  6
49  21
24  28
37  13
20  30
11  34
40  16
8  50
30  49
43  23
13  5
19  12
30  17
16  28
24  38
36  34
9  14
41  39
35  22
51  37
32  7
40  11
36  44
49  44
19  12
27  50
10  13
18  17
22  32
37  37
18  5
39  45
7  44
40  29
38  12
14  33
23  29
5  48
44  7
16  41
36  36
27  25
33  8
42  42
47  29
17  46
44  27
8  20
17  23
8  12
26  39
30  14
25  44
43  14
30  39
24  8
36  49
13  38
7  20
46  44
29  41
31  28
8  35
12  51
12  22
18  22
48  14
11  15
46  14
24  46
35  47
8  21
29  39
45  11
13  11
43  12
50  6
43  49
23  30
24  6
38  51
36  32
9  12
10  48
16  30
36  28
49  41
36  45
32  41
32  44
37  8
17  47
32  40
34  16
21  33
21  11
26  36
14  45
38  50
38  17
8  32
12  18
5  5
5  38
43  32
40  48
30  42
23  36
48  44
45  12
24  13
16  7
25  21
16  44
49  31
32  48
31  12
43  24
19  8
36  36
47  47
22  15
33  12
37  10
19  31
24  14
35  7
42  36
5  31
16  18
31  31
9  45
11  43
38  47
5  12
34  16
13  29
15  44
50  48
36  11
8  15
46  46
47  26
13  44
12  42
36  18
41  9
18  41
29  42
50  40
34  6
25  35
49  39
23  39
15  13
10  43
48  48
51  28
45  38
35  20
7  14
37  13
35  5
15  26
5  29
38  13
6  31
13  40
25  38
16  32
18  19
40  36
15  24
11  17
12  19
5  14
8  40
49  46
36  20
46  30
6  17
46  32
47  50
23  17
22  41
11  9
22  26
26  38
27  45
8  11
43  26
38  20
51  21
41  15
9  17
30  39
36  39
48  31
48  35
27  39
12  46
27  27
44  12
41  16
12  10
20  31
29  18
10  26
47  38
5  41
24  35
51  26
21  31
32  22
5  35
49  34
41  9
36  45
45  41
44  5
21  32
31  28
13  6
12  40
40  44
6  41
51  45
5  15
22  22
10  6
41  9
10  48
12  49
51  23
40  38
25  50
5  31
27  33
30  37
38  10
51  43
32  13
12  51
9  29
50  47
9  6
28  38
5  18
33  17
22  12
40  9
28  47
25  20
16  19
48  31
44  31
31  40
45  34
19  15
19  42
36  48
27  47
6  15
37  49
24  35
19  23
15  16
14  6
44  30
26  40
20  29
45  50
14  41
37  48
50  12
18  40
49  39
30  43
25  17
22  16
40  13
44  18
25  11
45  17
26  5
35  20
18  51
30  38
26  7
46  49
25  13
14  17
13  38
23  20
19  17
16  21
31  26
6  47
12  31
7  30
21  36
6  36
27  29
26  20
20  29
35  12
11  32
19  18
41  11
10  15
9  34
39  17
37  11
50  22
30  41
18  31
45  30
42  35
25  39
23  46
43  30
23  30
19  27
44  41
27  44
15  19
40  21
7  46
44  49
49  9
9  22
12  46
26  35
28  45
5  37
27  31
49  42
13  48
24  8
32  5
37  39
49  49
46  33
45  7
22  47
8  49
41  23
29  11
46  34
32  25
29  51
22  45
29  15
7  20
16  40
44  9
34  26
22  34
34  21
18  38
29  48
10  23
16  36
47  30
12  50
37  37
47  9
13  12
49  37
51  21
45  9
34  46
20  47
20  7
27  15
24  21
49  13
39  30
21  30
36  23
50  35
32  38
47  21
27  40
41  33
34  10
38  15
26  16
12  39
50  22
42  20
29  19
13  40
21  32
19  49
23  36
30  25
34  7
43  22
36  46
45  17
35  16
26  29
43  36
13  33
40  26
38  10
21  30
15  11
31  10
8  20
48  40
24  10
41  39
34  28
25  14
43  10
43  45
37  12
12  36
34  14
23  15
24  50
32  40
16  14
20  23
48  39
31  7
28  17
28  22
25  27
26  43
16  30
35  34
21  22
51  27
44  23
32  33
9  34
13  10
48  45
23  44
23  13
37  38
47  47
33  38
22  33
21  7
10  23
29  27
11  33
36  47
40  42
26  41
46  9
22  48
31  20
27  38
36  23
40  49
45  20
44  40
35  7
38  25
10  24
13  9
21  24
44  10
13  9
13  35
22  13
26  22
28  51
22  44
14  37
43  17
11  32
42  50
15  33
9  16
23  33
37  15
35  12
30  14
49  20
26  44
6  31
27  10
27  47
49  41
29  18
17  16
31  32
38  47
26  30
18  13
19  47
48  29
24  34
43  12
