23  27
24  22
34  16
23  18
19  19
37  31
34  22
41  13
36  11
25  43
45  16
40  8
36  18
11  26
46  37
45  51
23  40
23  51
17  38
8  12
31  26
27  23
14  36
44  5
23  17
47  32
31  17
15  42
48  30
45  38
12  36
16  31
6  12
51  8
10  20
50  29
6  36
15  43
26  36
7  47
21  28
29  25
23  33
45  39
40  37
25  6
26  24
16  50
5  6
48  47
43  42
35  11
21  34
42  24
36  27
35  13
44  8
42  6
21  47
35  38
32  26
42  15
44  49
38  45
16  40
48  16
32  24
47  21
32  39
19  49
11  50
47  12
7  12
51  23
15  7
12  29
44  50
23  28
34  31
42  15
23  5
31  8
15  11
33  50
18  46
13  49
37  34
34  38
25  34
34  35
27  13
20  6
42  7
48  33
40  19
51  30
48  25
11  14
48  38
37  25
6  49
12  9
33  24
9  26
48  32
19  44
16  46
24  22
28  47
28  46
28  26
48  39
11  45
37  16
34  40
22  18
32  18
46  10
41  33
8  15
16  42
49  8
46  14
14  48
25  38
36  16
25  23
23  11
26  32
35  23
28  5
46  21
35  11
11  45
9  28
25  27
47  7
15  51
38  38
25  23
10  34
17  19
48  36
7  48
23  20
5  43
28  11
20  5
24  8
42  18
22  51
30  28
36  39
28  23
41  38
6  31
8  32
24  34
16  37
16  41
35  17
43  34
31  43
31  46
8  43
32  27
33  39
45  10
17  13
47  43
19  25
41  32
49  20
10  5
35  26
36  27
5  38
20  12
29  42
9  22
25  49
10  29
51  41
26  25
40  27
21  32
48  41
33  51
23  32
25  8
49  10
8  47
41  42
29  38
37  22
12  42
42  34
49  5
10  18
27  47
26  36
5  29
5  27
5  35
5  23
14  6
46  25
14  50
17  34
44  20
39  9
34  5
9  24
7  13
29  14
14  48
10  20
50  7
46  49
21  33
43  48
49  22
47  33
16  45
7  42
22  50
7  9
50  27
46  50
29  21
7  31
26  21
46  19
34  36
20  39
15  51
19  10
27  37
23  16
25  45
19  7
11  38
25  17
48  8
36  51
38  20
43  35
8  9
43  32
39  36
37  45
16  7
25  31
49  38
25  50
51  32
22  23
47  48
32  39
37  47
50  7
47  6
45  47
45  7
14  47
28  49
39  45
42  47
49  50
20  6
31  14
10  7
28  32
42  45
39  46
24  10
46  50
46  12
22  44
42  15
22  30
11  20
13  46
11  12
42  41
9  16
17  21
17  9
43  14
28  23
6  27
42  24
8  21
32  20
30  11
19  32
34  34
14  41
11  16
7  43
27  33
9  40
49  51
34  12
21  48
15  46
48  23
8  30
7  14
34  47
9  32
41  34
45  17
9  47
17  46
44  16
12  46
33  38
18  16
48  14
36  7
39  5
17  34
10  44
44  24
16  32
18  16
39  24
23  48
19  28
48  49
44  27
6  5
34  12
47  23
20  23
15  28
9  8
45  8
17  10
27  15
7  18
25  13
10  16
24  8
40  9
17  9
20  44
6  21
45  47
41  34
12  20
30  16
35  35
34  38
18  37
33  36
51  45
15  26
51  35
50  9
51  13
35  34
15  26
51  50
32  39
6  46
15  35
33  24
19  29
50  31
39  9
27  45
39  43
37  13
49  19
23  31
32  33
23  40
12  48
17  10
28  42
30  30
18  45
8  49
24  47
7  46
25  33
43  8
39  8
45  22
26  24
36  27
30  40
16  51
8  17
29  8
44  20
38  22
51  14
12  44
30  44
45  40
42  25
26  13
19  49
31  47
32  41
17  27
35  26
44  39
50  33
48  49
19  12
13  39
46  50
39  15
21  49
46  41
44  7
35  28
28  10
38  23
34  41
33  42
17  25
39  23
21  18
41  30
22  13
29  13
8  31
49  25
23  13
26  41
41  12
28  29
24  28
34  34
24  20
37  33
43  32
43  8
14  17
39  12
25  7
26  44
12  16
41  49
48  45
28  22
7  33
12  36
30  12
42  36
48  18
5  27
34  46
19  29
6  10
27  7
41  33
9  24
51  19
45  8
9  45
34  7
43  12
17  37
24  11
25  27
50  42
50  24
43  13
25  32
15  23
27  8
11  44
28  36
29  9
7  51
5  42
23  44
46  8
47  14
38  45
45  41
26  12
43  38
33  41
32  27
43  9
13  26
14  14
47  43
48  8
13  12
25  9
30  41
44  51
48  9
40  45
25  22
21  5
48  19
6  37
51  44
45  49
17  20
41  32
20  39
23  51
10  48
12  21
17  27
6  40
19  29
6  40
47  50
24  18
50  12
14  25
50  8
14  24
27  12
39  23
7  39
50  43
11  21
23  12
23  22
37  51
29  16
12  14
37  19
14  35
17  11
10  22
16  36
13  18
17  29
36  18
19  50
38  12
22  18
7  36
32  51
37  15
23  43
19  19
23  42
10  50
47  23
29  27
31  33
27  19
30  13
5  6
17  30
36  48
24  43
42  25
51  26
10  24
12  18
43  38
20  43
26  17
40  9
19  21
23  13
41  26
28  30
19  34
34  16
46  32
15  28
38  44
50  9
9  13
44  30
7  48
42  7
34  43
41  22
28  18
8  47
18  46
40  40
13  44
40  34
45  32
5  28
24  50
17  21
10  40
24  45
23  6
51  22
46  23
13  44
26  11
23  28
6  25
36  9
21  44
35  23
38  6
37  13
31  41
46  31
36  30
32  25
5  5
9  22
7  26
6  27
22  30
20  37
21  26
17  34
24  41
29  27
23  24
34  9
47  47
12  49
37  32
7  49
13  9
24  23
39  16
44  48
13  35
21  26
40  9
48  20
40  30
22  37
36  26
23  44
35  49
20  31
44  30
38  36
21  24
38  34
12  13
44  42
11  13
35  5
38  13
40  19
48  42
50  28
14  48
11  21
13  17
36  8
30  49
43  8
31  39
27  32
8  49
17  49
32  13
38  35
13  21
5  42
30  14
8  51
17  11
7  24
9  24
25  35
47  34
24  25
46  11
27  18
20  50
46  24
28  20
46  29
46  7
31  17
41  32
10  14
22  5
42  22
23  19
51  14
8  48
51  37
10  11
6  34
37  30
6  31
45  32
23  44
41  23
23  27
11  5
47  13
19  7
17  10
29  23
35  44
26  12
29  33
19  37
35  19
31  22
5  37
50  34
14  23
49  29
19  18
36  5
34  39
7  48
28  6
32  33
40  32
18  43
22  27
43  19
51  22
38  28
11  31
42  35
29  40
22  20
21  5
51  27
17  24
21  25
12  45
41  10
9  14
32  15
29  45
10  27
35  39
40  6
39  21
35  26
32  26
49  7
7  26
28  17
27  50
15  22
20  45
47  34
50  31
26  27
15  32
35  16
46  46
11  30
42  27
8  48
28  44
32  19
16  11
40  14
17  24
43  16
22  41
27  16
39  47
18  5
17  12
22  48
39  13
27  7
10  27
7  40
20  44
15  32
15  28
42  13
29  35
13  49
40  22
30  40
26  7
28  19
9  5
34  50
24  31
38  18
49  25
38  11
30  10
38  28
24  32
49  20
49  27
41  15
14  41
24  45
12  34
13  27
43  51
38  8
16  8
19  12
20  30
16  25
49  24
29  32
31  25
45  15
5  35
5  40
31  7
22  30
27  43
10  36
43  20
25  28
49  24
23  18
23  35
47  6
27  10
9  35
23  26
5  12
28  22
20  36
30  31
6  26
20  18
31  49
38  41
43  38
34  35
7  25
34  7
51  25
24  14
31  15
16  16
16  37
23  23
26  6
20  12
42  17
26  9
43  28
51  11
6  10
27  26
40  29
10  19
6  8
43  25
51  12
30  26
30  8
17  11
23  14
12  33
51  8
46  50
46  31
16  29
8  51
5  25
42  15
22  8
21  32
25  31
20  35
18  44
18  9
42  38
29  46
28  29
9  22
25  45
28  49
42  33
46  36
32  48
14  6
31  49
22  9
9  8
19  11
11  24
42  19
33  24
8  19
49  6
34  30
18  40
40  13
8  5
18  19
15  19
15  12
28  10
15  27
11  51
34  11
27  37
34  46
37  40
36  48
10  26
21  46
35  49
17  34
23  8
15  38
34  26
39  10
31  39
29  27
37  47
32  28
40  48
28  41
21  42
15  12
48  32
43  9
44  36
51  37
29  5
15  15
44  26
44  25
22  47
34  27
46  8
14  19
14  17
31  44
16  40
8  44
5  36
43  40
33  31
41  39
30  15
14  38
16  31
39  5
35  47
43  46
22  39
28  39
45  34
51  16
49  19
39  36
33  10
32  17
34  24
10  25
10  42
32  50
51  33
9  39
29  5
33  15
34  6
21  37
18  44
34  21
37  30
22  50
28  19
10  36
6  27
8  28
41  32
26  21
16  46
48  20
38  27
47  12
32  31
15  41
17  30
50  49
35  27
21  27
8  6
7  41
30  18
26  33
13  43
46  43
42  18
44  17
6  15
30  23
41  48
43  7
50  48
24  16
40  7
25  47
10  49
21  25
48  49
38  38
5  42
44  8
26  48
37  12
8  43
14  10
34  48
43  25
50  9
27  16
10  50
23  34
38  25
14  15
49  13
33  39
6  48
28  22
40  40
13  22
47  41
42  9
44  21
48  39
15  36
38  22
40  6
30  34
24  45
25  12
25  49
33  32
38  16
26  35
29  51
30  32
41  13
6  31
35  34
13  40
20  7
33  23
10  45
37  12
36  24
26  35
36  22
14  12
15  36
7  29
28  9
12  49
26  22
33  17
14  16
35  17
40  14
35  50
30  36
49  15
19  51
17  27
36  51
19  46
30  41
43  41
14  40
10  32
12  47
42  51
32  34
8  29
8  8
40  49
49  11
14  9
39  42
31  23
25  18
38  5
6  17
39  10
22  37
40  13
25  23
6  14
16  43
39  13
8  10
45  10
35  6
38  31
31  40
32  26
31  19
33  7
44  48
46  49
22  17
30  7
45  7
24  32
31  41
30  41
13  50
14  5
26  12
35  15
51  25
39  20
44  14
8  13
12  5
41  43
48  16
51  17
32  49
42  6
50  34
23  51
39  31
40  24
40  25
21  7
44  26
5  7
44  32
33  15
18  47
17  16
10  21
26  35
40  24
23  36
38  47
6  32
48  51
30  32
41  33
16  51
24  21
46  8
10  32
5  37
15  12
13  11
12  29
46  13
19  13
43  35
49  47
5  16
38  50
44  16
29  6
35  21
6  25
5  30
31  34
9  14
39  31
48  37
14  39
11  33
7  7
20  39
49  17
13  38
46  42
51  14
5  21
36  50
46  28
27  23
22  19
33  19
25  6
20  14
11  36
15  7
21  43
18  12
49  44
36  41
29  49
41  50
28  34
10  47
46  40
25  40
23  15
44  44
48  46
47  22
24  21
7  33
41  39
11  36
8  18
48  44
6  39
7  29
44  28
28  26
16  43
17  36
20  26
27  18
6  32
17  16
12  39
23  33
47  7
28  12
33  19
12  18
34  14
37  43
7  45
17  42
16  32
39  9
35  27
38  14
22  26
25  41
20  16
40  14
15  36
22  18
15  37
49  43
7  6
20  6
37  14
41  17
25  21
39  10
