51  36
7  35
36  8
25  21
25  50
45  34
30  13
5  42
37  33
45  22
22  37
45  42
24  27
44  18
20  25
19  38
29  33
15  15
15  22
7  23
20  11
10  31
41  50
18  47
19  7
51  29
34  30
20  41
33  38
27  22
18  10
19  20
48  37
41  24
20  9
11  38
26  15
7  18
11  42
31  35
13  38
42  25
30  48
25  42
36  41
10  38
6  36
43  20
39  21
6  5
18  38
25  37
22  35
31  51
27  48
14  10
23  19
32  32
27  30
8  31
42  42
36  51
51  24
17  49
9  24
6  27
16  12
37  12
8  43
31  20
29  6
43  34
21  31
20  22
42  45
50  42
9  12
5  33
35  20
43  34
45  20
40  33
39  20
10  39
28  42
19  42
27  37
14  32
37  47
46  47
12  44
41  9
11  10
41  5
6  50
33  20
34  36
32  28
13  10
33  26
24  30
31  10
12  51
28  28
14  50
51  34
45  38
49  25
16  7
42  47
28  24
7  48
12  23
6  14
32  37
35  38
17  19
10  40
19  39
21  46
43  12
33  24
11  40
9  49
23  40
50  21
6  46
48  27
46  5
17  22
31  25
24  37
48  26
41  16
17  45
40  41
19  51
37  25
19  22
30  34
7  10
38  39
50  20
12  12
16  21
5  17
19  51
11  49
49  28
42  23
44  47
38  42
9  24
14  45
29  46
8  13
8  30
46  10
25  13
39  33
5  16
22  49
17  35
5  5
14  6
39  37
12  43
11  13
42  36
34  11
42  41
7  46
16  28
30  35
47  38
30  38
6  47
48  30
35  5
16  30
38  17
40  51
44  33
21  24
26  9
26  11
30  21
47  43
19  44
11  43
26  9
46  26
28  36
26  27
19  34
42  20
17  39
44  11
48  13
29  46
43  41
38  39
20  51
48  19
32  50
15  51
27  16
27  16
31  23
37  15
31  31
25  44
22  24
46  5
36  21
31  33
46  46
41  21
37  26
48  47
7  43
38  37
40  23
9  21
37  13
40  23
49  34
12  49
44  18
12  22
40  33
10  46
30  42
31  10
14  6
29  41
10  18
37  51
9  17
11  18
34  40
44  42
39  28
29  13
8  30
45  46
12  6
38  35
31  12
15  19
43  48
49  44
19  15
50  9
51  43
42  39
14  12
24  7
13  32
33  43
15  45
15  19
9  19
47  25
17  39
41  5
47  43
43  21
37  44
50  34
28  19
51  26
37  20
29  44
30  15
45  7
13  24
18  27
43  47
36  44
14  21
39  19
27  32
37  30
41  19
44  27
38  47
27  39
40  19
12  47
9  47
33  6
6  17
26  15
8  36
33  24
6  34
24  20
35  48
29  39
33  29
6  28
5  13
6  23
16  35
14  19
36  24
43  15
38  8
13  6
42  11
17  17
35  30
35  8
46  25
47  37
47  34
13  23
39  15
26  44
23  20
13  22
19  34
9  20
30  40
29  35
6  29
47  22
5  27
7  33
38  21
21  42
24  15
42  46
31  8
19  15
19  39
10  47
20  48
8  18
34  49
46  29
38  31
32  36
11  44
24  28
31  8
43  25
41  31
45  18
12  35
12  42
13  44
33  14
34  23
35  36
49  27
16  26
14  26
25  49
46  33
42  22
32  46
28  6
39  18
6  37
47  32
40  23
47  36
42  44
15  5
8  29
50  48
23  31
44  12
11  18
41  27
41  39
38  7
29  16
18  11
46  50
20  29
31  36
14  40
31  35
22  7
31  45
44  19
36  7
22  18
33  5
24  8
30  39
43  36
12  10
10  15
16  29
41  8
18  21
18  29
17  32
36  6
22  26
17  32
10  16
6  38
21  29
37  40
12  7
23  44
44  23
32  33
38  47
47  46
42  16
19  38
6  33
18  10
24  22
5  49
25  29
47  21
44  44
12  49
36  24
24  32
15  13
21  6
38  14
23  43
48  42
45  10
38  51
23  22
14  49
19  16
25  6
50  40
42  48
9  16
50  28
9  40
46  25
27  10
49  41
21  7
17  5
40  35
32  15
21  8
8  26
37  17
19  43
22  7
11  8
15  27
33  24
41  13
12  44
44  46
9  44
12  21
29  6
48  11
44  21
7  13
49  30
49  39
12  7
17  30
32  14
13  44
27  35
42  50
40  28
47  19
51  24
10  34
24  31
45  22
50  9
38  32
30  31
50  15
24  43
7  48
47  22
7  46
15  32
41  48
20  6
15  40
13  7
8  31
10  46
15  23
12  16
15  15
15  10
17  6
22  43
32  27
47  24
32  37
32  44
49  22
19  29
39  34
16  11
15  12
48  28
19  16
12  47
49  43
44  46
7  29
35  26
28  23
15  14
9  14
39  47
11  22
31  33
35  19
11  44
10  22
9  9
46  33
38  34
18  49
44  5
34  12
31  18
38  25
33  48
48  7
12  37
44  35
22  17
5  48
38  22
25  43
50  32
40  37
38  33
39  8
35  43
26  39
18  16
22  17
27  40
21  22
39  40
6  43
28  24
51  6
28  23
15  17
46  46
17  28
46  48
7  17
12  23
29  42
25  49
16  44
7  40
24  15
33  18
31  44
29  36
8  38
44  5
22  9
42  30
17  19
40  7
15  37
5  8
27  47
6  11
25  37
35  47
29  7
7  5
49  13
41  21
5  27
30  41
38  13
40  36
21  21
40  15
9  43
31  47
13  9
14  8
28  30
47  48
31  28
41  30
19  22
16  44
41  45
9  18
36  16
51  14
5  31
7  43
42  28
29  18
48  39
18  48
51  28
48  30
39  25
41  36
39  37
5  7
35  49
32  7
23  8
31  43
15  15
7  20
42  12
44  19
48  41
34  20
50  26
28  24
51  12
5  7
43  51
8  41
21  15
50  8
49  50
11  5
18  48
36  6
50  48
42  16
26  14
40  8
47  9
24  9
36  11
26  34
19  47
11  6
7  50
19  22
7  11
9  14
48  25
31  24
18  39
6  13
38  5
25  8
45  11
40  23
36  19
26  51
33  45
39  47
27  42
23  12
37  35
16  5
46  7
7  43
44  37
16  48
21  5
46  45
37  36
17  44
51  37
5  12
20  43
7  45
41  16
27  11
51  36
19  28
42  51
27  45
46  15
37  50
22  27
44  12
51  38
42  43
14  49
6  30
22  45
15  8
47  33
47  47
21  39
8  7
22  36
13  33
42  16
25  11
7  41
9  51
17  14
11  44
32  51
45  50
39  6
31  37
13  32
28  44
32  41
24  29
16  25
19  35
27  50
44  25
18  35
8  14
29  6
6  20
38  11
9  39
48  51
12  45
27  5
7  44
13  21
46  21
37  37
19  11
40  22
26  19
45  6
11  37
15  14
12  10
35  24
48  8
34  13
33  37
39  24
6  24
51  23
32  33
11  27
37  44
18  39
13  50
24  51
35  18
35  14
23  8
35  27
37  20
51  9
48  41
25  38
27  5
23  17
37  5
25  24
6  42
35  7
44  31
43  6
46  23
36  24
37  40
36  33
37  36
5  9
30  5
19  16
34  8
6  6
5  24
9  10
34  11
32  45
13  23
51  12
34  20
5  41
22  20
21  19
6  7
19  6
31  31
22  29
40  43
46  16
36  7
22  44
34  6
8  31
41  33
14  10
7  41
15  35
24  34
41  30
35  18
24  17
45  33
20  39
34  20
50  46
6  33
8  44
10  49
44  46
42  22
29  51
14  37
20  32
38  47
21  50
39  43
48  36
12  50
6  9
49  14
38  15
20  8
11  11
47  38
40  6
33  13
9  32
48  27
13  29
25  16
8  32
34  46
30  6
38  24
27  43
8  49
29  19
18  6
27  14
5  47
26  35
28  28
10  26
16  21
13  12
49  47
24  43
14  12
13  23
34  14
38  47
47  46
35  13
49  8
45  17
16  22
25  12
46  15
43  28
13  18
26  26
48  47
32  11
23  33
13  32
12  36
9  5
42  22
16  23
48  44
38  17
19  11
41  40
14  21
9  49
38  28
21  45
23  13
33  25
45  33
42  12
46  48
36  31
31  35
32  46
37  8
25  41
50  31
26  41
11  38
34  7
47  25
39  39
10  20
43  15
27  21
48  49
14  42
21  14
41  21
20  32
50  37
14  44
29  20
49  51
36  51
20  40
12  28
46  46
35  32
40  23
5  39
12  21
49  14
8  20
41  11
20  44
39  16
12  38
22  18
14  13
33  40
51  29
45  46
45  38
30  48
36  51
19  45
41  37
17  33
24  13
40  45
42  7
18  37
50  17
6  21
20  34
16  6
37  39
23  42
51  49
23  42
47  46
49  23
31  50
20  14
19  31
16  13
41  30
34  41
32  8
13  24
37  10
14  23
23  29
34  44
40  50
6  48
5  13
39  50
13  23
50  47
36  34
35  5
37  36
33  21
22  23
35  6
22  31
47  11
43  48
27  16
8  8
46  44
5  41
47  33
43  13
42  15
50  51
14  28
37  35
37  24
44  50
33  46
34  14
42  18
39  16
17  20
6  39
11  7
14  38
42  8
27  31
34  32
11  49
12  26
42  18
30  28
45  47
8  10
48  49
9  41
24  11
12  33
12  36
48  26
20  30
25  7
15  37
33  51
34  12
13  30
45  18
16  18
29  39
37  43
41  17
49  21
49  27
8  30
8  22
16  45
7  22
21  14
30  38
14  16
10  36
9  6
47  11
39  51
49  21
25  42
20  39
18  23
40  51
27  34
11  16
28  17
32  33
36  28
39  14
48  48
29  10
12  41
27  44
10  40
20  5
42  27
5  47
10  21
17  24
51  22
11  49
29  19
45  17
30  47
32  15
10  35
26  19
29  35
41  32
36  43
49  14
45  18
11  15
48  43
31  23
40  45
44  24
13  51
51  24
10  31
41  36
27  15
39  51
20  45
44  23
26  48
19  42
5  29
30  46
32  13
40  16
35  16
15  34
13  18
29  49
29  27
8  49
13  49
20  42
7  48
42  24
21  51
33  24
42  49
20  25
6  9
31  6
8  37
33  47
50  45
18  36
21  28
35  20
46  24
20  43
43  25
49  10
33  42
21  47
48  43
30  38
21  11
32  23
28  30
48  16
39  43
33  29
27  48
23  35
21  45
36  51
35  34
45  9
25  20
38  46
7  48
13  12
34  46
32  19
37  7
7  32
23  5
36  12
45  50
14  18
51  5
13  27
14  10
41  18
8  6
50  23
47  51
31  45
27  50
38  23
37  27
39  7
49  35
20  26
9  28
29  47
49  45
16  50
28  30
23  22
11  44
34  45
35  34
43  25
50  7
22  25
19  20
13  18
46  41
29  7
5  38
12  16
40  5
50  34
40  35
11  26
18  46
39  50
28  19
12  11
48  8
7  11
44  11
31  43
27  39
17  26
33  22
46  48
33  44
14  43
20  26
28  40
51  38
30  32
18  12
13  50
32  12
6  13
33  33
12  36
8  21
40  38
7  13
14  10
19  14
35  42
11  14
30  31
21  24
44  22
36  45
30  27
11  30
33  32
29  34
44  18
23  46
24  30
7  51
31  48
33  43
10  7
46  19
5  46
21  15
28  29
51  23
7  10
17  49
46  48
51  38
8  22
31  26
8  19
11  35
13  45
50  37
11  37
37  39
16  31
30  7
32  18
49  46
30  36
36  13
40  15
26  38
46  36
12  7
43  7
34  9
19  14
9  8
5  50
42  36
28  35
47  38
18  38
49  47
48  46
26  17
16  36
35  24
38  46
22  29
27  50
5  37
33  33
18  21
22  51
11  25
30  39
9  16
41  10
45  18
16  10
51  49
15  24
10  5
19  47
36  35
10  45
22  49
41  29
50  7
19  14
24  33
28  43
17  33
26  29
37  23
8  22
16  34
29  34
37  44
33  40
27  26
7  13
44  29
39  40
34  11
12  38
31  24
10  16
36  46
6  40
18  34
16  16
26  23
35  15
26  20
42  49
13  35
13  29
49  13
33  23
20  22
7  43
51  16
46  38
41  7
29  15
30  29
44  16
40  44
29  27
41  13
7  49
41  21
8  41
9  25
21  16
31  35
44  37
29  20
6  12
41  13
46  32
42  33
8  50
30  36
21  5
33  8
29  46
16  33
6  40
12  9
25  13
26  49
13  31
42  51
48  44
27  35
8  23
40  15
48  27
19  10
23  45
5  14
30  15
34  18
9  35
28  41
36  6
46  44
19  7
24  34
51  24
16  44
48  35
13  15
45  23
47  46
21  5
12  37
34  18
16  43
16  49
39  43
17  22
16  9
5  45
24  22
17  35
33  10
47  29
32  28
13  50
33  10
45  9
22  20
41  46
51  6
7  23
22  17
27  48
9  30
15  21
13  22
37  21
26  25
10  31
21  41
43  29
27  27
8  17
34  51
51  7
47  20
28  15
26  23
17  36
22  51
40  14
26  8
9  33
50  25
40  17
10  6
39  37
11  11
16  24
35  24
19  30
48  9
19  44
17  40
12  49
14  15
48  39
12  36
15  48
33  42
14  8
40  36
19  20
35  31
21  5
5  20
19  34
32  37
8  6
13  33
48  39
8  46
45  5
29  49
37  40
39  30
21  18
15  36
41  19
40  8
6  22
9  39
15  38
9  19
37  40
26  31
14  9
17  27
16  29
41  10
21  25
30  19
8  11
9  11
20  20
12  5
34  9
31  47
51  10
28  15
48  17
10  33
47  11
42  6
15  29
42  13
34  46
29  36
27  37
36  30
26  51
49  35
30  11
7  15
25  19
46  42
34  37
12  26
29  26
25  38
