10  16
39  43
17  16
36  18
20  46
29  13
13  49
48  15
6  23
38  23
11  10
5  20
51  43
27  19
21  29
15  12
35  12
28  6
19  8
34  30
28  45
5  27
36  27
5  38
6  49
20  16
38  7
35  16
17  25
10  46
10  41
17  17
47  13
37  48
18  33
22  31
18  30
20  51
10  51
34  36
39  40
47  15
12  9
9  9
17  39
14  16
27  30
25  18
11  39
41  18
9  30
42  33
8  7
9  15
32  43
44  6
7  34
40  33
17  42
5  11
21  32
15  21
18  35
50  47
10  24
17  37
38  21
10  40
9  15
45  38
14  37
29  41
13  29
29  46
42  49
30  51
31  18
13  16
42  6
6  25
28  28
14  15
20  21
36  34
32  27
46  49
27  27
36  12
36  51
19  25
42  33
28  13
34  12
36  32
9  36
48  7
37  9
10  49
22  6
16  44
34  47
46  30
16  34
24  32
22  7
39  7
32  17
46  9
47  36
42  36
8  34
11  17
14  22
24  20
10  18
25  11
44  10
36  39
33  11
40  37
43  10
46  34
47  47
31  31
36  47
45  50
10  8
26  19
10  31
6  30
38  27
33  21
42  8
14  43
37  21
9  26
6  30
16  39
43  33
11  32
28  36
19  16
25  46
25  49
10  38
14  14
21  45
26  41
16  11
32  43
24  19
39  32
37  34
23  23
17  49
23  18
12  28
26  40
5  43
10  16
40  10
29  18
30  33
38  13
33  16
27  22
36  10
49  15
32  40
26  36
47  48
48  48
15  26
14  14
24  22
35  18
45  50
33  29
38  32
38  7
32  12
32  13
44  25
21  28
27  10
29  39
29  35
13  15
35  39
37  44
9  20
30  51
5  15
27  25
19  11
25  19
6  51
36  5
5  43
29  49
51  5
10  46
22  23
49  24
32  18
49  47
40  13
13  5
38  24
39  43
25  42
26  24
17  50
47  9
29  42
32  48
26  36
26  31
39  42
8  15
12  22
34  22
46  47
12  19
33  44
9  31
24  28
38  46
23  23
49  7
37  33
32  34
7  20
14  51
49  34
15  29
50  14
8  34
46  29
19  36
35  25
25  50
32  28
9  6
49  37
19  48
9  47
30  11
24  40
44  23
